-0.0186471,0.00344519, 0.0795246, -0.0291535, 0.207161, 0.170936, 0.235679, -0.169696, -0.241825, 0.1732, -0.268186, -0.172347, 0.206834, 0.170589, 0.401032, -0.193698, -0.078379, 0.150973, -0.268715, -0.172703, 0.9
0.00403685,0.00313541, 0.0951591, 0.0147301, 0.252434, 0.173562, 0.236002, -0.169051, -0.240332, 0.173241, -0.224802, -0.169457, 0.443782, 0.185109, 0.235679, -0.169696, -0.241825, 0.1732, -0.0305126, -0.158473, 0.9
0.0286107,-0.00504698, 0.124701, -0.0102018, 0.253614, 0.172863, 0.284376, -0.173613, -0.193966, 0.168429, -0.223623, -0.169945, 0.252434, 0.173562, 0.481708, -0.174336, 0.00619168, 0.167957, -0.224802, -0.169457, 0.9
0.0525326,0.000848928, 0.141535, 0.0109902, 0.30576, 0.170841, 0.28572, -0.173288, -0.192865, 0.168699, -0.172478, -0.171649, 0.494199, 0.183525, 0.284376, -0.173613, -0.193966, 0.168429, 0.0182922, -0.159887, 0.9
0.0780332,-0.00755556, 0.17497, -0.0127445, 0.306901, 0.170914, 0.335018, -0.175433, -0.143778, 0.166435, -0.171782, -0.171418, 0.30576, 0.170841, 0.530793, -0.179261, 0.0531541, 0.162726, -0.172478, -0.171649, 0.9
0.103415,-0.000885772, 0.19293, 0.00903652, 0.358368, 0.169658, 0.336326, -0.17548, -0.142811, 0.166123, -0.120712, -0.172335, 0.547422, 0.181243, 0.335018, -0.175433, -0.143778, 0.166435, 0.0701658, -0.161696, 0.9
0.130629,-0.00940574, 0.226203, -0.0147649, 0.359887, 0.168926, 0.386311, -0.178015, -0.0930977, 0.163721, -0.119291, -0.172861, 0.358368, 0.169658, 0.581554, -0.181362, 0.103412, 0.16024, -0.120712, -0.172335, 0.9
0.155422,-0.00225674, 0.245001, 0.00725286, 0.410941, 0.168208, 0.387606, -0.17736, -0.0918435, 0.164162, -0.0686892, -0.173478, 0.600348, 0.179303, 0.386311, -0.178015, -0.0930977, 0.163721, 0.122611, -0.163113, 0.9
0.180796,-0.0107843, 0.277802, -0.0165757, 0.412549, 0.167706, 0.438179, -0.179244, -0.0411066, 0.162692, -0.0674631, -0.173929, 0.410941, 0.168208, 0.633398, -0.182683, 0.154956, 0.158838, -0.0686892, -0.173478, 0.9
0.20747,-0.00350529, 0.295831, 0.00605025, 0.463536, 0.166417, 0.439406, -0.179164, -0.0404721, 0.162478, -0.0157518, -0.17554, 0.653003, 0.177962, 0.438179, -0.179244, -0.0411066, 0.162692, 0.174464, -0.164302, 0.9
0.233069,-0.0121813, 0.329917, -0.0179476, 0.464631, 0.166182, 0.489629, -0.180971, 0.00997964, 0.160706, -0.0154909, -0.175082, 0.463536, 0.166417, 0.685267, -0.184419, 0.206408, 0.157223, -0.0157518, -0.17554, 0.9
0.260297,-0.00471926, 0.348351, 0.00476989, 0.51539, 0.165667, 0.491164, -0.180426, 0.011332, 0.16117, 0.0360706, -0.176351, 0.705097, 0.176371, 0.489629, -0.180971, 0.00997964, 0.160706, 0.226466, -0.165524, 0.9
0.284985,-0.0134719, 0.382329, -0.0194057, 0.51691, 0.165196, 0.541589, -0.181406, 0.0622464, 0.160236, 0.0360426, -0.1759, 0.51539, 0.165667, 0.737392, -0.185299, 0.258577, 0.156297, 0.0360706, -0.176351, 0.9
0.311402,-0.00585486, 0.400234, 0.00354477, 0.567715, 0.164376, 0.543165, -0.181818, 0.0630915, 0.159748, 0.088028, -0.177546, 0.757446, 0.175334, 0.541589, -0.181406, 0.0622464, 0.160236, 0.278082, -0.166404, 0.9
0.336898,-0.0147038, 0.433919, -0.0204052, 0.569001, 0.163968, 0.593798, -0.183264, 0.11437, 0.158669, 0.0879949, -0.177064, 0.567715, 0.164376, 0.78904, -0.187035, 0.309998, 0.154532, 0.088028, -0.177546, 0.9
0.364266,-0.00705123, 0.452388, 0.00239521, 0.619342, 0.163306, 0.594858, -0.182844, 0.114953, 0.158462, 0.138722, -0.177797, 0.80954, 0.174048, 0.593798, -0.183264, 0.11437, 0.158669, 0.33005, -0.167622, 0.9
0.389413,-0.0159739, 0.486213, -0.0218958, 0.620756, 0.162574, 0.645353, -0.18474, 0.165449, 0.156728, 0.140038, -0.178334, 0.619342, 0.163306, 0.841227, -0.187557, 0.362346, 0.153749, 0.138722, -0.177797, 0.9
0.414511,-0.00826103, 0.504456, 0.00108657, 0.67149, 0.161426, 0.646924, -0.184317, 0.166698, 0.157093, 0.191805, -0.180194, 0.86131, 0.1727, 0.645353, -0.18474, 0.165449, 0.156728, 0.382098, -0.168856, 0.9
0.441146,-0.0171822, 0.536769, -0.0229873, 0.672816, 0.161346, 0.697366, -0.185965, 0.217457, 0.155478, 0.19207, -0.179551, 0.67149, 0.161426, 0.893064, -0.18926, 0.41387, 0.15215, 0.191805, -0.180194, 0.9
0.46646,-0.00946671, 0.544199, -0.00340079, 0.723615, 0.160869, 0.698949, -0.185509, 0.218689, 0.155923, 0.243868, -0.181087, 0.891779, 0.169355, 0.697366, -0.185965, 0.217457, 0.155478, 0.412943, -0.17233, 0.8
0.492338,-0.018332, 0.563037, -0.0202635, 0.724912, 0.160367, 0.749662, -0.187013, 0.270099, 0.154893, 0.243648, -0.180395, 0.723615, 0.160869, 0.894908, -0.188089, 0.415975, 0.153342, 0.243868, -0.181087, 0.7
0.517583,-0.0107567, 0.570612, -0.00727212, 0.774877, 0.158557, 0.750791, -0.18677, 0.270499, 0.154622, 0.295131, -0.18271, 0.889926, 0.165172, 0.749662, -0.187013, 0.270099, 0.154893, 0.410184, -0.17649, 0.6
0.544296,-0.0195179, 0.587582, -0.0190782, 0.776595, 0.158994, 0.801243, -0.188352, 0.321219, 0.1531, 0.295571, -0.181521, 0.774877, 0.158557, 0.890368, -0.188854, 0.411132, 0.152539, 0.295131, -0.18271, 0.5
0.571941,-0.0117454, 0.609588, -0.00796251, 0.827257, 0.158561, 0.802924, -0.187644, 0.322723, 0.153565, 0.34634, -0.182111, 0.909215, 0.162769, 0.801243, -0.188352, 0.321219, 0.1531, 0.428909, -0.178615, 0.5
0.597039,-0.0207728, 0.615639, -0.0164679, 0.828649, 0.157885, 0.853237, -0.18954, 0.373536, 0.152139, 0.347546, -0.182681, 0.827257, 0.158561, 0.892857, -0.186816, 0.413988, 0.154393, 0.34634, -0.182111, 0.3
0.622496,-0.0129115, 0.636489, -0.0121409, 0.879411, 0.157367, 0.854897, -0.189045, 0.374522, 0.152385, 0.399595, -0.184382, 0.907277, 0.15864, 0.853237, -0.18954, 0.373536, 0.152139, 0.426469, -0.182917, 0.3
0.649516,-0.0219653, 0.63922, -0.0153292, 0.880803, 0.156865, 0.905603, -0.190645, 0.42597, 0.151305, 0.399493, -0.183762, 0.879411, 0.157367, 0.888773, -0.187389, 0.409449, 0.154041, 0.399595, -0.184382, 0.1
0.674373,-0.0140852, 0.66431, -0.0160666, 0.93088, 0.155132, 0.906741, -0.190305, 0.426363, 0.151075, 0.451111, -0.186113, 0.905424, 0.154437, 0.905603, -0.190645, 0.42597, 0.151305, 0.424016, -0.18728, 0.1
0.700883,-0.0231082, 0.784989, -0.0422586, 0.932548, 0.155475, 0.957227, -0.191892, 0.477156, 0.149545, 0.45155, -0.184999, 0.93088, 0.155132, 1.10664, -0.206689, 0.622689, 0.13469, 0.451111, -0.186113, 0.9
0.725593,-0.0157018, 0.780377, -0.015704, 0.975425, 0.151339, 0.958804, -0.191451, 0.478394, 0.149929, 0.503408, -0.187177, 1.10841, 0.159109, 0.957227, -0.191892, 0.477156, 0.149545, 0.63016, -0.182439, 0.6
0.747751,-0.0231154, 0.794952, -0.0241961, 0.974265, 0.152366, 1.00306, -0.191585, 0.525258, 0.149051, 0.503915, -0.18705, 0.975425, 0.151339, 1.09804, -0.193389, 0.618746, 0.147991, 0.503408, -0.187177, 0.5
0.77093,-0.0182626, 0.812876, -0.013471, 1.02352, 0.149591, 1.00615, -0.191448, 0.526867, 0.149177, 0.553458, -0.190928, 1.10573, 0.157394, 1.00306, -0.191585, 0.525258, 0.149051, 0.635852, -0.182834, 0.5
0.799874,-0.0259419, 0.81986, -0.020468, 1.02698, 0.149329, 1.05942, -0.195039, 0.579683, 0.1464, 0.553907, -0.192341, 1.02352, 0.149591, 1.11971, -0.193067, 0.641218, 0.147558, 0.553458, -0.190928, 0.4
0.824948,-0.0212439, 0.821625, -0.0202271, 1.08279, 0.148749, 1.0554, -0.195452, 0.578006, 0.145333, 0.606244, -0.193381, 1.11204, 0.150979, 1.05942, -0.195039, 0.579683, 0.1464, 0.639487, -0.192151, 0.3
0.850253,-0.0291749, 0.823844, -0.0290318, 1.07927, 0.149342, 1.10852, -0.198099, 0.630575, 0.143247, 0.602329, -0.19022, 1.08279, 0.148749, 1.1023, -0.180853, 0.625569, 0.159933, 0.606244, -0.193381, 0.1
0.877636,-0.0219241, 0.841374, -0.0264665, 1.13459, 0.148238, 1.11013, -0.197692, 0.631783, 0.143609, 0.656453, -0.192869, 1.10482, 0.149473, 1.10852, -0.198099, 0.630575, 0.143247, 0.627204, -0.191609, 0.1
0.904568,-0.0309265, 0.956963, -0.0549415, 1.13073, 0.149936, 1.16337, -0.198931, 0.684648, 0.142617, 0.657467, -0.192397, 1.13459, 0.148238, 1.30223, -0.197195, 0.820366, 0.144105, 0.656453, -0.192869, 0.8
0.929474,-0.0236033, 0.957895, -0.0253681, 1.17913, 0.145889, 1.16378, -0.199701, 0.686386, 0.142083, 0.710892, -0.19392, 1.30222, 0.156914, 1.16337, -0.198931, 0.684648, 0.142617, 0.830354, -0.186837, 0.6
0.953733,-0.0314883, 0.979963, -0.0402661, 1.17588, 0.146359, 1.20921, -0.199656, 0.735188, 0.140879, 0.712024, -0.194324, 1.17913, 0.145889, 1.31762, -0.18634, 0.840966, 0.155444, 0.710892, -0.19392, 0.5
0.977604,-0.0268107, 0.99383, -0.0255144, 1.2294, 0.142419, 1.21197, -0.19946, 0.735476, 0.140068, 0.762033, -0.198717, 1.30847, 0.15408, 1.20921, -0.199656, 0.735188, 0.140879, 0.844409, -0.187877, 0.5
1.00478,-0.0342435, 0.996017, -0.0349751, 1.23282, 0.142207, 1.26791, -0.20362, 0.789741, 0.137408, 0.759291, -0.197926, 1.2294, 0.142419, 1.31804, -0.183549, 0.842384, 0.155979, 0.762033, -0.198717, 0.3
1.02978,-0.0293396, 1.00305, -0.0294148, 1.28488, 0.142984, 1.26407, -0.203987, 0.786143, 0.134499, 0.811635, -0.19612, 1.31348, 0.146653, 1.26791, -0.20362, 0.789741, 0.137408, 0.839515, -0.19535, 0.3
1.05841,-0.0379688, 1.01146, -0.045302, 1.28589, 0.14257, 1.32071, -0.205874, 0.841965, 0.134527, 0.812132, -0.196127, 1.28488, 0.142984, 1.32496, -0.174649, 0.847475, 0.163836, 0.811635, -0.19612, 0.1
1.08641,-0.0296195, 1.02471, -0.0386146, 1.34198, 0.143803, 1.32008, -0.20781, 0.838549, 0.13062, 0.869812, -0.198285, 1.3122, 0.145448, 1.32071, -0.205874, 0.841965, 0.134527, 0.837309, -0.195384, 0.1
1.114,-0.0402623, 1.15863, -0.0751235, 1.33997, 0.143927, 1.37581, -0.208222, 0.89559, 0.131943, 0.869576, -0.197818, 1.34198, 0.143803, 1.54967, -0.192991, 1.06404, 0.145439, 0.869812, -0.198285, 0.9
1.14075,-0.0313242, 1.15539, -0.0360861, 1.39582, 0.139126, 1.37533, -0.210698, 0.897749, 0.130232, 0.92486, -0.201822, 1.5396, 0.154701, 1.37581, -0.208222, 0.89559, 0.131943, 1.07035, -0.188943, 0.7
1.16449,-0.041375, 1.17388, -0.0558166, 1.37594, 0.141006, 1.4219, -0.208693, 0.94553, 0.13046, 0.922264, -0.196176, 1.39582, 0.139126, 1.54949, -0.180028, 1.0731, 0.160903, 0.92486, -0.201822, 0.5
1.18661,-0.0342584, 1.20129, -0.0330071, 1.43573, 0.135049, 1.42427, -0.208424, 0.945698, 0.124754, 0.972222, -0.204196, 1.55331, 0.155696, 1.4219, -0.208693, 0.94553, 0.13046, 1.09799, -0.183163, 0.7
1.21581,-0.0448606, 1.19251, -0.0503562, 1.43887, 0.134765, 1.47594, -0.21171, 0.99221, 0.126038, 0.974367, -0.20252, 1.43573, 0.135049, 1.5559, -0.173786, 1.07929, 0.159392, 0.972222, -0.204196, 0.3
1.24304,-0.0373209, 1.21676, -0.0364318, 1.5016, 0.134525, 1.47762, -0.217277, 0.994436, 0.126065, 1.02123, -0.207894, 1.56402, 0.145439, 1.47594, -0.21171, 0.99221, 0.126038, 1.09777, -0.193908, 0.5
1.26996,-0.0471076, 1.31133, -0.0836982, 1.49909, 0.140155, 1.52975, -0.213473, 1.04783, 0.126989, 1.02413, -0.208421, 1.5016, 0.134525, 1.73922, -0.186385, 1.25395, 0.156957, 1.02123, -0.207894, 0.9
1.29863,-0.0369271, 1.23308, -0.0685991, 1.55216, 0.139206, 1.52934, -0.217661, 1.05456, 0.125088, 1.08234, -0.207986, 1.56629, 0.142153, 1.52975, -0.213473, 1.04783, 0.126989, 1.09431, -0.208873, 0.1
1.32795,-0.0476986, 1.35664, -0.0829605, 1.5536, 0.138663, 1.58736, -0.218952, 1.11223, 0.124621, 1.08385, -0.20862, 1.55216, 0.139206, 1.73998, -0.197141, 1.26131, 0.145609, 1.08234, -0.207986, 0.8
1.35297,-0.0391844, 1.37826, -0.0396871, 1.60915, 0.132159, 1.58243, -0.220527, 1.11272, 0.123496, 1.13424, -0.211337, 1.76881, 0.152951, 1.58736, -0.218952, 1.11223, 0.124621, 1.29889, -0.195757, 0.8
1.37625,-0.0509291, 1.38944, -0.0623592, 1.58172, 0.130395, 1.63183, -0.217756, 1.16161, 0.122364, 1.13599, -0.20518, 1.60915, 0.132159, 1.76386, -0.18819, 1.29565, 0.155832, 1.13424, -0.211337, 0.5
1.39706,-0.0438689, 1.39878, -0.0480547, 1.64397, 0.124494, 1.63388, -0.217506, 1.1603, 0.117491, 1.18296, -0.214165, 1.7365, 0.144432, 1.63183, -0.217756, 1.16161, 0.122364, 1.28925, -0.192987, 0.6
1.42433,-0.0535849, 1.40096, -0.0619912, 1.64701, 0.12421, 1.68462, -0.221135, 1.20374, 0.117738, 1.17924, -0.21024, 1.64397, 0.124494, 1.75999, -0.183794, 1.28768, 0.151203, 1.18296, -0.214165, 0.3
1.4513,-0.0470469, 1.42397, -0.0450457, 1.71007, 0.123218, 1.68726, -0.227519, 1.20614, 0.117819, 1.22873, -0.216702, 1.77282, 0.134617, 1.68462, -0.221135, 1.20374, 0.117738, 1.30333, -0.201914, 0.5
1.47979,-0.0571581, 1.52032, -0.093041, 1.70891, 0.128986, 1.74293, -0.22438, 1.26228, 0.11784, 1.2318, -0.217358, 1.71007, 0.123218, 1.94794, -0.19748, 1.4647, 0.147857, 1.22873, -0.216702, 0.9
1.50765,-0.0470859, 1.53568, -0.0520397, 1.7623, 0.128249, 1.73851, -0.228258, 1.26363, 0.11499, 1.28924, -0.216792, 1.94887, 0.147897, 1.74293, -0.22438, 1.26228, 0.11784, 1.47155, -0.199779, 0.9
1.53448,-0.0581518, 1.56526, -0.0766932, 1.76384, 0.127605, 1.7981, -0.228326, 1.32106, 0.114446, 1.28602, -0.215165, 1.7623, 0.128249, 1.97273, -0.19473, 1.49902, 0.148517, 1.28924, -0.216792, 0.7
1.56069,-0.0495135, 1.58442, -0.0472525, 1.81742, 0.121033, 1.7963, -0.230064, 1.31708, 0.110189, 1.33911, -0.220441, 1.97452, 0.141641, 1.7981, -0.228326, 1.32106, 0.114446, 1.49622, -0.202672, 0.8
1.58438,-0.0620324, 1.5979, -0.0724307, 1.78649, 0.118977, 1.84271, -0.228792, 1.37094, 0.110108, 1.3461, -0.21766, 1.81742, 0.121033, 1.97684, -0.19843, 1.49928, 0.141823, 1.33911, -0.220441, 0.5
1.60516,-0.0557168, 1.61952, -0.0561856, 1.8514, 0.112549, 1.84472, -0.228407, 1.36825, 0.105991, 1.39267, -0.226257, 1.96269, 0.135295, 1.8427, -0.228778, 1.37127, 0.110137, 1.52033, -0.203091, 0.7
1.63518,-0.0663577, 1.61046, -0.0719917, 1.8546, 0.112218, 1.89833, -0.233652, 1.41257, 0.106013, 1.3897, -0.222361, 1.8514, 0.112549, 1.97596, -0.193597, 1.50136, 0.140802, 1.39267, -0.226257, 0.3
1.65764,-0.0604423, 1.61148, -0.0649413, 1.91835, 0.111072, 1.89958, -0.237557, 1.41479, 0.106146, 1.43918, -0.228661, 1.93686, 0.118841, 1.89833, -0.233652, 1.41257, 0.106013, 1.47101, -0.218153, 0.3
1.6899,-0.0691858, 1.6313, -0.0867299, 1.91259, 0.118241, 1.95481, -0.236923, 1.47405, 0.105733, 1.4424, -0.229393, 1.91835, 0.111072, 1.96996, -0.196356, 1.48544, 0.147347, 1.43918, -0.228661, 0.1
1.7175,-0.0597865, 1.66036, -0.0725277, 1.97174, 0.11472, 1.95397, -0.237502, 1.47563, 0.104087, 1.4994, -0.228892, 1.95857, 0.12668, 1.95481, -0.236923, 1.47405, 0.105733, 1.48609, -0.222684, 0.2
1.74687,-0.0697416, 1.77797, -0.103077, 1.97321, 0.114221, 2.00864, -0.23742, 1.52992, 0.103948, 1.50085, -0.229345, 1.97174, 0.11472, 2.16865, -0.217089, 1.68704, 0.124499, 1.4994, -0.228892, 0.8
1.77229,-0.0630992, 1.78674, -0.0655578, 2.02862, 0.107901, 2.01065, -0.240472, 1.53397, 0.101569, 1.55274, -0.233969, 2.16665, 0.126611, 2.00864, -0.23742, 1.52992, 0.103948, 1.69467, -0.218619, 0.7
1.79728,-0.0744624, 1.80886, -0.0862666, 1.99835, 0.104294, 2.05647, -0.240234, 1.5819, 0.0989056, 1.5551, -0.230453, 2.02862, 0.107901, 2.1843, -0.21164, 1.70861, 0.130401, 1.55274, -0.233969, 0.5
1.81672,-0.0691301, 1.83095, -0.0703988, 2.06343, 0.0982388, 2.05844, -0.240094, 1.58029, 0.0935909, 1.60178, -0.239117, 2.17381, 0.12167, 2.05647, -0.240234, 1.5819, 0.0989056, 1.72852, -0.214757, 0.7
1.84613,-0.0793947, 1.81009, -0.0822799, 2.06678, 0.0978127, 2.11117, -0.249618, 1.62389, 0.0926271, 1.59731, -0.235177, 2.06343, 0.0982388, 2.16725, -0.20355, 1.69135, 0.130135, 1.60178, -0.239117, 0.2
1.87239,-0.0721224, 1.84507, -0.0688813, 2.13227, 0.0991591, 2.11183, -0.250494, 1.62624, 0.0930252, 1.64905, -0.242241, 2.18734, 0.108743, 2.11117, -0.249618, 1.62389, 0.0926271, 1.71563, -0.226319, 0.5
1.89937,-0.0820609, 1.9415, -0.117701, 2.12423, 0.104249, 2.16466, -0.248506, 1.68241, 0.0930546, 1.65195, -0.242835, 2.13227, 0.0991591, 2.37164, -0.221036, 1.88399, 0.122483, 1.64905, -0.242241, 0.9
1.92844,-0.0738192, 1.9565, -0.077256, 2.18372, 0.100055, 2.16588, -0.251022, 1.68789, 0.0911426, 1.71069, -0.242983, 2.36469, 0.122912, 2.16466, -0.248506, 1.68241, 0.0930546, 1.89219, -0.225572, 0.9
1.95821,-0.0839469, 1.98771, -0.10168, 2.1852, 0.0993453, 2.22024, -0.255051, 1.7457, 0.0885892, 1.70673, -0.240776, 2.18372, 0.100055, 2.39765, -0.219827, 1.92085, 0.122338, 1.71069, -0.242983, 0.7
1.98239,-0.0764847, 2.00795, -0.0741549, 2.23958, 0.0930433, 2.22153, -0.254602, 1.74112, 0.0853288, 1.76473, -0.246656, 2.39524, 0.114112, 2.22024, -0.255051, 1.7457, 0.0885892, 1.91631, -0.227568, 0.8
2.00851,-0.0827502, 2.00831, -0.0957045, 2.24173, 0.0926723, 2.27007, -0.250328, 1.79485, 0.0875042, 1.76716, -0.243971, 2.23958, 0.0930433, 2.37884, -0.222088, 1.9005, 0.117843, 1.76473, -0.246656, 0.4
2.03902,-0.0760818, 2.03747, -0.0796292, 2.2963, 0.0990631, 2.27368, -0.250198, 1.7919, 0.0860615, 1.81258, -0.24729, 2.38638, 0.109504, 2.27007, -0.250328, 1.79485, 0.0875042, 1.91034, -0.228391, 0.6
2.06427,-0.0877583, 2.03787, -0.101818, 2.29897, 0.0986108, 2.33239, -0.255271, 1.84204, 0.0863611, 1.79395, -0.239233, 2.2963, 0.0990631, 2.40656, -0.208014, 1.92569, 0.128245, 1.81258, -0.24729, 0.3
2.09002,-0.0759606, 2.06176, -0.0774636, 2.35646, 0.095457, 2.32906, -0.259294, 1.84392, 0.0868441, 1.85885, -0.246089, 2.42686, 0.107398, 2.33239, -0.255271, 1.84204, 0.0863611, 1.92053, -0.232265, 0.5
2.11933,-0.0887441, 2.06657, -0.0989485, 2.35285, 0.0999206, 2.38195, -0.259498, 1.90496, 0.0851129, 1.86202, -0.246954, 2.35646, 0.095457, 2.41099, -0.215279, 1.92719, 0.130858, 1.85885, -0.246089, 0.1
2.14754,-0.0783906, 2.07972, -0.0924664, 2.41252, 0.0931712, 2.38358, -0.258899, 1.90668, 0.0855237, 1.92868, -0.251173, 2.37893, 0.104249, 2.38195, -0.259498, 1.90496, 0.0851129, 1.88661, -0.244356, 0.1
2.17628,-0.0894195, 2.20684, -0.12205, 2.40475, 0.0960063, 2.42054, -0.26094, 1.96501, 0.0824545, 1.92333, -0.246193, 2.41252, 0.0931712, 2.59149, -0.24112, 2.1107, 0.103302, 1.92868, -0.251173, 0.8
2.19884,-0.0805189, 2.21361, -0.0829387, 2.4582, 0.0888471, 2.42197, -0.260528, 1.96497, 0.0821001, 1.98122, -0.251258, 2.59973, 0.106956, 2.42054, -0.26094, 1.96501, 0.0824545, 2.11873, -0.236632, 0.7
2.22509,-0.0884557, 2.23235, -0.10251, 2.46066, 0.0885606, 2.4796, -0.256912, 2.01194, 0.0837335, 1.98327, -0.248137, 2.4582, 0.0888471, 2.59819, -0.230593, 2.14183, 0.112035, 1.98122, -0.251258, 0.5
2.25411,-0.0811321, 2.22781, -0.0919617, 2.51813, 0.0878372, 2.48283, -0.256825, 2.01649, 0.0831348, 2.03402, -0.252114, 2.56931, 0.0992876, 2.4796, -0.256912, 2.01194, 0.0837335, 2.09184, -0.238959, 0.4
2.2824,-0.088046, 2.2519, -0.109952, 2.52086, 0.0919609, 2.54869, -0.259769, 2.06695, 0.0848318, 2.03643, -0.252183, 2.51813, 0.0878372, 2.60494, -0.217955, 2.13843, 0.122005, 2.03402, -0.252114, 0.3
2.31398,-0.0813633, 2.26055, -0.0856318, 2.57978, 0.0874193, 2.54028, -0.264016, 2.07006, 0.0852519, 2.09761, -0.2544, 2.60227, 0.0984781, 2.54869, -0.259769, 2.06695, 0.0848318, 2.11677, -0.247603, 0.3
2.34084,-0.0912727, 2.28607, -0.100148, 2.57797, 0.0892737, 2.60371, -0.261554, 2.12882, 0.083959, 2.09301, -0.249531, 2.57978, 0.0874193, 2.60951, -0.227093, 2.13937, 0.122174, 2.09761, -0.2544, 0.1
2.37085,-0.0823847, 2.30368, -0.0902802, 2.63325, 0.0900807, 2.60093, -0.263659, 2.12518, 0.0798845, 2.15622, -0.251737, 2.6054, 0.091372, 2.60371, -0.261554, 2.12882, 0.083959, 2.11937, -0.24952, 0.1
2.39612,-0.0913956, 2.42967, -0.124707, 2.63187, 0.0902259, 2.65613, -0.260091, 2.18447, 0.0809944, 2.15026, -0.248767, 2.63325, 0.0900807, 2.80974, -0.246261, 2.3302, 0.0972821, 2.15622, -0.251737, 0.8
2.42149,-0.0866076, 2.42815, -0.0869432, 2.68361, 0.0818519, 2.65797, -0.259797, 2.18366, 0.0781641, 2.20383, -0.254819, 2.80536, 0.0982553, 2.65613, -0.260091, 2.18447, 0.0809944, 2.32505, -0.242606, 0.6
2.4496,-0.0935249, 2.44001, -0.102716, 2.68701, 0.0817387, 2.71397, -0.264694, 2.2342, 0.0775715, 2.20616, -0.254275, 2.68361, 0.0818519, 2.80323, -0.232815, 2.32971, 0.105146, 2.20383, -0.254819, 0.4
2.47942,-0.0847153, 2.44301, -0.0890619, 2.74286, 0.0884494, 2.71472, -0.268088, 2.20896, 0.0650713, 2.25803, -0.257257, 2.79528, 0.0894226, 2.71397, -0.264694, 2.2342, 0.0775715, 2.3141, -0.248804, 0.4
2.50346,-0.0985509, 2.46174, -0.116748, 2.74438, 0.0878801, 2.7693, -0.265224, 2.27522, 0.0717734, 2.25953, -0.257996, 2.74286, 0.0884494, 2.81991, -0.221212, 2.31516, 0.111947, 2.25803, -0.257257, 0.2
2.5345,-0.0875154, 2.45964, -0.0987578, 2.7993, 0.084806, 2.77138, -0.27105, 2.27858, 0.0725362, 2.32191, -0.259698, 2.77806, 0.089424, 2.7693, -0.265224, 2.27522, 0.0717734, 2.29273, -0.259057, 0.1
2.56311,-0.0987138, 2.50641, -0.111797, 2.80095, 0.0841806, 2.8303, -0.267068, 2.34548, 0.0754938, 2.31844, -0.256529, 2.7993, 0.084806, 2.82845, -0.236959, 2.33506, 0.106627, 2.32191, -0.259698, 0.1
2.59179,-0.0887096, 2.5286, -0.09786, 2.85293, 0.0797611, 2.82367, -0.270099, 2.34146, 0.070545, 2.3789, -0.26006, 2.82784, 0.086306, 2.8303, -0.267068, 2.34548, 0.0754938, 2.34429, -0.256475, 0.1
2.61623,-0.0988277, 2.62755, -0.127372, 2.83851, 0.0830147, 2.87629, -0.266304, 2.3982, 0.0732742, 2.3816, -0.258434, 2.85293, 0.0797611, 2.98785, -0.24811, 2.50298, 0.0925342, 2.3789, -0.26006, 0.6
2.64206,-0.0919133, 2.63378, -0.0980129, 2.89749, 0.0773192, 2.87882, -0.266176, 2.39824, 0.069582, 2.42867, -0.263355, 2.97695, 0.0929166, 2.87629, -0.266304, 2.3982, 0.0732742, 2.52006, -0.25059, 0.5
2.67125,-0.101172, 2.65763, -0.113496, 2.90086, 0.0766238, 2.9392, -0.26988, 2.45048, 0.0702156, 2.42851, -0.259696, 2.89749, 0.0773192, 3.0212, -0.236859, 2.54102, 0.0988989, 2.42867, -0.263355, 0.4
2.69813,-0.095175, 2.65125, -0.101285, 2.96104, 0.0746209, 2.93846, -0.273114, 2.45256, 0.0701914, 2.48131, -0.265747, 2.98783, 0.0826325, 2.9392, -0.26988, 2.45048, 0.0702156, 2.5153, -0.256043, 0.3
2.72946,-0.103708, 2.67118, -0.121282, 2.95799, 0.0824671, 2.99385, -0.269433, 2.51091, 0.0711737, 2.48443, -0.266202, 2.96104, 0.0746209, 3.00953, -0.231634, 2.52389, 0.111672, 2.48131, -0.265747, 0.1
2.75998,-0.0951127, 2.70151, -0.106834, 3.01996, 0.0789009, 2.99614, -0.272079, 2.51677, 0.0690258, 2.54602, -0.266016, 3.00355, 0.0909189, 2.99385, -0.269433, 2.51091, 0.0711737, 2.5278, -0.259412, 0.2
2.79084,-0.10393, 2.83269, -0.140553, 3.0208, 0.0781834, 3.0501, -0.274645, 2.57219, 0.0637323, 2.54683, -0.265509, 3.01996, 0.0789009, 3.2331, -0.253964, 2.75003, 0.0871414, 2.54602, -0.266016, 0.9
2.81597,-0.097473, 2.81929, -0.105283, 3.07377, 0.0725573, 3.0513, -0.274335, 2.57292, 0.0638731, 2.59721, -0.269349, 3.19701, 0.0885573, 3.0501, -0.274645, 2.57219, 0.0637323, 2.72451, -0.257017, 0.6
2.84262,-0.103284, 2.83909, -0.120448, 3.0792, 0.0724507, 3.10466, -0.271018, 2.62565, 0.0663446, 2.60526, -0.265791, 3.07692, 0.0727262, 3.19855, -0.243867, 2.72105, 0.0943393, 2.60246, -0.26908, 0.4
2.87218,-0.0974616, 2.87209, -0.100822, 3.13976, 0.073435, 3.10813, -0.270989, 2.62853, 0.0665625, 2.65548, -0.269022, 3.22314, 0.0897704, 3.10466, -0.271018, 2.62565, 0.0663446, 2.74767, -0.249644, 0.6
2.89906,-0.102409, 2.85192, -0.117835, 3.13927, 0.0765271, 3.166, -0.277029, 2.68491, 0.0687745, 2.65701, -0.268586, 3.13976, 0.073435, 3.19575, -0.226608, 2.71826, 0.110943, 2.65548, -0.269022, 0.1
2.92943,-0.0975364, 2.8791, -0.0979449, 3.19537, 0.0710201, 3.16242, -0.277137, 2.68771, 0.0691037, 2.71377, -0.270185, 3.20852, 0.0851437, 3.166, -0.277029, 2.68491, 0.0687745, 2.72401, -0.261729, 0.3
2.96069,-0.106629, 2.99696, -0.139458, 3.19172, 0.0746737, 3.22506, -0.275692, 2.7483, 0.06845, 2.71685, -0.266316, 3.19537, 0.0710201, 3.40834, -0.256128, 2.93035, 0.0901133, 2.71377, -0.270185, 0.9
2.99041,-0.0982147, 3.02137, -0.0960011, 3.25141, 0.0747198, 3.22287, -0.278062, 2.74373, 0.063535, 2.77762, -0.267462, 3.43438, 0.090129, 3.22506, -0.275692, 2.7483, 0.06845, 2.9599, -0.252578, 0.9
3.01684,-0.106445, 3.04973, -0.125002, 3.25281, 0.0742708, 3.27958, -0.275116, 2.8016, 0.0659308, 2.77883, -0.267866, 3.25141, 0.0747198, 3.45557, -0.247257, 2.97777, 0.0943404, 2.77762, -0.267462, 0.7
3.04263,-0.096769, 3.07323, -0.0954436, 3.30511, 0.0705342, 3.25142, -0.272054, 2.8025, 0.0627651, 2.83313, -0.269148, 3.46233, 0.0884827, 3.27958, -0.275116, 2.8016, 0.0659308, 2.98806, -0.255075, 0.8
3.06505,-0.102868, 3.06025, -0.114861, 3.30712, 0.0702904, 3.31684, -0.269116, 2.85412, 0.0690046, 2.83072, -0.263676, 3.30511, 0.0705342, 3.4169, -0.234693, 2.9694, 0.100127, 2.83313, -0.269148, 0.4
3.09545,-0.0938764, 3.08968, -0.097729, 3.36277, 0.0740355, 3.32007, -0.268862, 2.83829, 0.0634052, 2.87525, -0.265691, 3.45232, 0.0864823, 3.31684, -0.269116, 2.85412, 0.0690046, 2.97457, -0.248787, 0.6
3.12008,-0.102423, 3.09532, -0.123695, 3.36282, 0.0777305, 3.38586, -0.269924, 2.89916, 0.0685471, 2.87746, -0.266024, 3.36277, 0.0740355, 3.45712, -0.223304, 2.97662, 0.108963, 2.87525, -0.265691, 0.3
3.15098,-0.093906, 3.1119, -0.0968139, 3.41964, 0.0739883, 3.37866, -0.275315, 2.90231, 0.0690997, 2.93774, -0.268273, 3.46473, 0.0867236, 3.38586, -0.269924, 2.89916, 0.0685471, 2.97808, -0.258879, 0.4
3.17922,-0.103517, 3.12552, -0.111828, 3.41573, 0.0774745, 3.44284, -0.273493, 2.96667, 0.0699542, 2.93673, -0.26408, 3.41964, 0.0739883, 3.45392, -0.236786, 2.97839, 0.107629, 2.93774, -0.268273, 0.1
3.20948,-0.0945563, 3.15587, -0.0995202, 3.47522, 0.07463, 3.44203, -0.273698, 2.96057, 0.0651953, 2.99647, -0.267115, 3.464, 0.0819846, 3.44284, -0.273493, 2.96667, 0.0699542, 2.98358, -0.261564, 0.2
3.23951,-0.103983, 3.28247, -0.138439, 3.47222, 0.0786788, 3.50683, -0.272151, 3.02666, 0.0685217, 3.00015, -0.265568, 3.47522, 0.07463, 3.6789, -0.256698, 3.19389, 0.0821953, 2.99647, -0.267115, 0.9
3.26965,-0.0960761, 3.27047, -0.103367, 3.5329, 0.0776534, 3.50294, -0.273613, 3.02589, 0.0652487, 3.05766, -0.266052, 3.6493, 0.087825, 3.50683, -0.272151, 3.02666, 0.0685217, 3.17883, -0.258336, 0.6
3.29752,-0.10465, 3.30237, -0.12166, 3.5347, 0.0771254, 3.56718, -0.27383, 3.08151, 0.0679123, 3.05441, -0.264315, 3.5329, 0.0776534, 3.67275, -0.244416, 3.19608, 0.0944456, 3.05766, -0.266052, 0.5
3.3299,-0.0961238, 3.31736, -0.0989381, 3.59671, 0.0747387, 3.56447, -0.277182, 3.08402, 0.0683765, 3.11027, -0.268928, 3.66966, 0.0852877, 3.56718, -0.27383, 3.08151, 0.0679123, 3.18913, -0.257796, 0.5
3.36059,-0.106259, 3.33309, -0.117389, 3.59252, 0.0802182, 3.62394, -0.274845, 3.14576, 0.0689758, 3.11357, -0.269597, 3.59671, 0.0747387, 3.65823, -0.245819, 3.17894, 0.0997395, 3.11027, -0.268928, 0.2
3.3913,-0.0971145, 3.36801, -0.103687, 3.65249, 0.0755528, 3.62518, -0.27416, 3.14698, 0.0688697, 3.17266, -0.268928, 3.66506, 0.0869347, 3.62394, -0.274845, 3.14576, 0.0689758, 3.18463, -0.263979, 0.3
3.42024,-0.105647, 3.38847, -0.110107, 3.65402, 0.0750521, 3.68606, -0.274565, 3.20742, 0.0681279, 3.17428, -0.269401, 3.65249, 0.0755528, 3.67593, -0.254697, 3.19833, 0.0883325, 3.17266, -0.268928, 0.1
3.44923,-0.0988225, 3.41045, -0.104668, 3.71552, 0.071483, 3.68576, -0.274762, 3.20396, 0.0651143, 3.23634, -0.271844, 3.67868, 0.0762055, 3.68606, -0.274565, 3.20742, 0.0681279, 3.19815, -0.269661, 0.1
3.47925,-0.106902, 3.5418, -0.13549, 3.7152, 0.0719109, 3.74646, -0.275366, 3.26633, 0.065842, 3.23702, -0.271163, 3.71552, 0.071483, 3.90065, -0.275798, 3.41496, 0.0640784, 3.23634, -0.271844, 0.9
3.507,-0.101978, 3.57237, -0.0940053, 3.77112, 0.0676643, 3.74649, -0.275762, 3.26644, 0.064742, 3.29106, -0.274014, 3.95579, 0.0851364, 3.74646, -0.275366, 3.26633, 0.065842, 3.47853, -0.25888, 0.9
3.53945,-0.108793, 3.61395, -0.123372, 3.77389, 0.0715602, 3.80389, -0.280959, 3.32, 0.0657591, 3.29432, -0.274426, 3.77112, 0.0676643, 4.00534, -0.267953, 3.52599, 0.0725517, 3.29106, -0.274014, 0.9
3.57169,-0.101863, 3.6357, -0.0880842, 3.8307, 0.0685713, 3.80318, -0.281311, 3.32321, 0.0664099, 3.35273, -0.276008, 4.0192, 0.0797525, 3.80389, -0.280959, 3.32, 0.0657591, 3.54094, -0.267436, 0.9
3.59879,-0.111373, 3.68646, -0.11661, 3.82933, 0.0689415, 3.85989, -0.280509, 3.38091, 0.0643938, 3.3518, -0.274636, 3.8307, 0.0685713, 4.05388, -0.282542, 3.57481, 0.0651785, 3.35273, -0.276008, 0.9
3.62573,-0.10383, 3.7112, -0.0929268, 3.88776, 0.0663805, 3.86006, -0.28048, 3.38003, 0.0631581, 3.4096, -0.276773, 4.07149, 0.078072, 3.85989, -0.280509, 3.38091, 0.0643938, 3.59542, -0.266285, 0.9
3.65322,-0.111714, 3.74818, -0.117926, 3.8884, 0.0661585, 3.91741, -0.279714, 3.43811, 0.0627964, 3.4099, -0.276366, 3.88776, 0.0663805, 4.10619, -0.285846, 3.62722, 0.0577913, 3.4096, -0.276773, 0.9
3.68252,-0.10571, 3.77071, -0.0946971, 3.94587, 0.0643674, 3.91793, -0.280211, 3.43981, 0.0626618, 3.46751, -0.277944, 4.12893, 0.0761418, 3.91741, -0.279714, 3.43811, 0.0627964, 3.6519, -0.266933, 0.9
3.71234,-0.112587, 3.80649, -0.119016, 3.94731, 0.0637624, 3.97523, -0.281401, 3.49743, 0.0613313, 3.4689, -0.278358, 3.94587, 0.0643674, 4.16288, -0.286839, 3.68579, 0.0560338, 3.46751, -0.277944, 0.9
3.74136,-0.107303, 3.83121, -0.0961584, 4.00592, 0.0620674, 3.97703, -0.281109, 3.49897, 0.0615745, 3.52718, -0.280212, 4.18724, 0.074153, 3.97523, -0.281401, 3.49743, 0.0613313, 3.7103, -0.26845, 0.9
3.77221,-0.113814, 3.86566, -0.120218, 4.0064, 0.0620748, 4.03498, -0.282415, 3.55626, 0.0599248, 3.52754, -0.279624, 4.00592, 0.0620674, 4.22159, -0.28818, 3.74455, 0.054503, 3.52718, -0.280212, 0.9
3.80121,-0.108641, 3.88982, -0.0976819, 4.06365, 0.0611452, 4.03551, -0.281985, 3.5579, 0.06023, 3.58539, -0.28096, 4.2462, 0.0727184, 4.03498, -0.282415, 3.55626, 0.0599248, 3.76878, -0.269468, 0.9
3.83127,-0.11507, 3.92525, -0.121684, 4.06536, 0.0607558, 4.09407, -0.283628, 3.61553, 0.0588616, 3.58679, -0.281305, 4.06365, 0.0611452, 4.28034, -0.288813, 3.80373, 0.053402, 3.58539, -0.28096, 0.9
3.85983,-0.110077, 3.94959, -0.099018, 4.12244, 0.0597184, 4.09426, -0.283244, 3.61694, 0.0590736, 3.64441, -0.28249, 4.30503, 0.0714674, 4.09407, -0.283628, 3.61553, 0.0588616, 3.82791, -0.271065, 0.9
3.88826,-0.116285, 3.98415, -0.122934, 4.12414, 0.0593425, 4.15297, -0.284731, 3.67457, 0.0576489, 3.64581, -0.282819, 4.12244, 0.0597184, 4.33885, -0.290338, 3.86253, 0.05198, 3.64441, -0.28249, 0.9
3.91761,-0.11151, 4.00689, -0.100233, 4.18247, 0.057884, 4.15328, -0.28478, 3.67579, 0.0577436, 3.70387, -0.284405, 4.36374, 0.0700284, 4.15297, -0.284731, 3.67457, 0.0576489, 3.88686, -0.272587, 0.9
3.94626,-0.117502, 4.042, -0.124275, 4.18275, 0.0577886, 4.21083, -0.286334, 3.73321, 0.0562003, 3.70482, -0.284296, 4.18247, 0.057884, 4.39778, -0.291973, 3.92129, 0.0505511, 3.70387, -0.284405, 0.9
3.9774,-0.112865, 4.06516, -0.101463, 4.24026, 0.0569286, 4.21213, -0.285873, 3.73495, 0.056481, 3.76241, -0.285343, 4.42232, 0.0684681, 4.21083, -0.286334, 3.73321, 0.0562003, 3.94584, -0.274064, 0.9
4.0055,-0.118957, 4.10196, -0.125556, 4.24184, 0.0565903, 4.27062, -0.287073, 3.7923, 0.0550354, 3.76371, -0.285637, 4.24026, 0.0569286, 4.4565, -0.293205, 3.98032, 0.0491488, 3.76241, -0.285343, 0.9
4.036,-0.11427, 4.12441, -0.10291, 4.29909, 0.0555329, 4.27098, -0.287272, 3.7938, 0.0550766, 3.82128, -0.286755, 4.48141, 0.0672701, 4.27062, -0.287073, 3.7923, 0.0550354, 4.00474, -0.275405, 0.9
4.06645,-0.120498, 4.15992, -0.127213, 4.30084, 0.055163, 4.32976, -0.288916, 3.8514, 0.0535051, 3.82273, -0.287078, 4.29909, 0.0555329, 4.51584, -0.294095, 4.03965, 0.0482531, 3.82128, -0.286755, 0.9
4.09673,-0.115706, 4.1849, -0.104498, 4.35811, 0.0541098, 4.33002, -0.288641, 3.85283, 0.0536766, 3.88031, -0.28817, 4.54042, 0.0659032, 4.32976, -0.288916, 3.8514, 0.0535051, 4.06374, -0.276793, 0.9
4.12527,-0.121894, 4.22044, -0.128748, 4.35959, 0.0535833, 4.38732, -0.290579, 3.91011, 0.0519776, 3.88176, -0.28854, 4.35811, 0.0541098, 4.57505, -0.295292, 4.09885, 0.0470251, 3.88031, -0.28817, 0.9
4.15388,-0.117078, 4.24322, -0.105973, 4.41741, 0.0526861, 4.38884, -0.290081, 3.91167, 0.0522868, 3.93915, -0.289565, 4.59917, 0.0643892, 4.38732, -0.290579, 3.91011, 0.0519776, 4.12276, -0.278197, 0.9
4.18294,-0.123226, 4.2659, -0.127141, 4.41865, 0.0523775, 4.44751, -0.291325, 3.96918, 0.0508119, 3.94057, -0.289868, 4.41741, 0.0526861, 4.61135, -0.295165, 4.13561, 0.0472025, 3.93915, -0.289565, 0.8
4.21271,-0.118484, 4.277, -0.111919, 4.47592, 0.0513228, 4.44782, -0.291457, 3.97064, 0.0508764, 3.99813, -0.29097, 4.60964, 0.0594324, 4.44751, -0.291325, 3.96918, 0.0508119, 4.1332, -0.283457, 0.7
4.24167,-0.124607, 4.2981, -0.126107, 4.47748, 0.0507726, 4.50611, -0.293274, 4.028, 0.0491818, 3.99965, -0.291343, 4.47592, 0.0513228, 4.61401, -0.295993, 4.13798, 0.0463395, 3.99813, -0.29097, 0.6
4.27292,-0.119962, 4.31131, -0.116036, 4.53617, 0.0496183, 4.50784, -0.292994, 4.02949, 0.0494135, 4.05768, -0.292843, 4.61446, 0.0546346, 4.50611, -0.293274, 4.028, 0.0491818, 4.13789, -0.288242, 0.5
4.30156,-0.126014, 4.33096, -0.125399, 4.5372, 0.0494676, 4.56615, -0.294338, 4.08743, 0.0479486, 4.05864, -0.292752, 4.53617, 0.0496183, 4.61823, -0.296439, 4.14074, 0.0459685, 4.05768, -0.292843, 0.4
4.33199,-0.121318, 4.34572, -0.120375, 4.59393, 0.0485267, 4.56621, -0.294238, 4.08872, 0.0480884, 4.11624, -0.293791, 4.6201, 0.0503235, 4.56615, -0.294338, 4.08743, 0.0479486, 4.14238, -0.292752, 0.3
4.3603,-0.127425, 4.36247, -0.124707, 4.59554, 0.048052, 4.6244, -0.296055, 4.14608, 0.0464107, 4.11779, -0.294151, 4.59393, 0.0485267, 4.62099, -0.296393, 4.14406, 0.0459334, 4.11624, -0.293791, 0.2
4.38968,-0.122692, 4.3788, -0.12464, 4.65394, 0.0464412, 4.62507, -0.295898, 4.14755, 0.0466205, 4.17552, -0.29572, 4.6245, 0.0458206, 4.6244, -0.296055, 4.14608, 0.0464107, 4.14717, -0.297361, 0.1
4.41772,-0.12865, 4.50224, -0.148906, 4.65412, 0.046634, 4.68218, -0.297593, 4.20498, 0.0450026, 4.17672, -0.295526, 4.65257, 0.0471973, 4.8234, -0.314191, 4.34251, 0.0281626, 4.17521, -0.295148, 0.9
4.44958,-0.124077, 4.50085, -0.122428, 4.71277, 0.0455432, 4.68386, -0.297298, 4.20641, 0.0452474, 4.23442, -0.296949, 4.82893, 0.0509405, 4.68218, -0.297593, 4.20498, 0.0450026, 4.35419, -0.29209, 0.6
4.47773,-0.130375, 4.52092, -0.13078, 4.71329, 0.0451393, 4.73708, -0.300262, 4.26374, 0.0432738, 4.23544, -0.296886, 4.71277, 0.0455432, 4.82244, -0.300985, 4.34598, 0.0415602, 4.23442, -0.296949, 0.5
4.50751,-0.124811, 4.53434, -0.123376, 4.76659, 0.0450577, 4.73953, -0.297374, 4.26534, 0.0436057, 4.29162, -0.296721, 4.82321, 0.0475289, 4.73708, -0.300262, 4.26374, 0.0432738, 4.34638, -0.29528, 0.4
4.53267,-0.135433, 4.55049, -0.130498, 4.73905, 0.0437645, 4.79206, -0.297326, 4.31565, 0.0434239, 4.29223, -0.297184, 4.76659, 0.0450577, 4.82142, -0.299398, 4.34806, 0.0415815, 4.29162, -0.296721, 0.3
4.55287,-0.128671, 4.59233, -0.130295, 4.80145, 0.0384109, 4.78941, -0.296484, 4.31581, 0.0400553, 4.3371, -0.303032, 4.83519, 0.0503, 4.79206, -0.297326, 4.31565, 0.0434239, 4.38759, -0.29125, 0.4
4.58293,-0.136191, 4.58721, -0.122912, 4.80249, 0.0378337, 4.83948, -0.302044, 4.36271, 0.0367204, 4.3388, -0.303514, 4.80145, 0.0384109, 4.81544, -0.306564, 4.34366, 0.0299754, 4.3371, -0.303032, 0.1
4.60609,-0.132162, 4.61984, -0.129941, 4.86093, 0.0359711, 4.84069, -0.301726, 4.36411, 0.036982, 4.3869, -0.304864, 4.82505, 0.0346222, 4.83948, -0.302044, 4.36271, 0.0367204, 4.36153, -0.307419, 0.1
4.63231,-0.138601, 4.7353, -0.150182, 4.86249, 0.0355721, 4.89327, -0.306046, 4.41521, 0.0348553, 4.38826, -0.305207, 4.86093, 0.0359711, 5.02419, -0.335281, 4.54433, 0.0034271, 4.3869, -0.304864, 0.9
4.66008,-0.134266, 4.73712, -0.128912, 4.91705, 0.0340574, 4.89429, -0.305421, 4.41671, 0.0350358, 4.44109, -0.306998, 5.03693, 0.0371391, 4.89327, -0.306046, 4.41521, 0.0348553, 4.56599, -0.304249, 0.6
4.68661,-0.14083, 4.76116, -0.135246, 4.91869, 0.0336685, 4.94806, -0.308439, 4.46953, 0.0331, 4.44241, -0.30734, 4.91705, 0.0340574, 5.03973, -0.326664, 4.5631, 0.0137925, 4.44109, -0.306998, 0.6
4.71475,-0.135661, 4.76761, -0.132108, 4.94693, 0.0377345, 4.94749, -0.308219, 4.47092, 0.0332638, 4.49493, -0.307848, 5.03367, 0.0325564, 4.94806, -0.308439, 4.46953, 0.0331, 4.55972, -0.309113, 0.4
4.73864,-0.147095, 4.78981, -0.13561, 4.94714, 0.0369962, 4.99676, -0.311201, 4.52146, 0.0321722, 4.49542, -0.308264, 4.94693, 0.0377345, 5.03505, -0.328901, 4.55937, 0.0125816, 4.49493, -0.307848, 0.4
4.76082,-0.13925, 4.81038, -0.141749, 5.00675, 0.0286489, 4.99404, -0.310359, 4.52071, 0.0324321, 4.53767, -0.312992, 5.02826, 0.036309, 4.99676, -0.311201, 4.52146, 0.0321722, 4.57759, -0.309477, 0.3
4.78584,-0.147043, 4.82226, -0.129748, 5.00755, 0.0282677, 5.04222, -0.313714, 4.56604, 0.0288093, 4.53882, -0.313308, 5.00675, 0.0286489, 5.02203, -0.338859, 4.54993, 0.00393144, 4.53767, -0.312992, 0.2
4.80724,-0.142255, 4.85798, -0.134799, 5.06035, 0.0255697, 5.04163, -0.313462, 4.56618, 0.0287249, 4.58713, -0.315764, 5.05719, 0.0230671, 5.04222, -0.313714, 4.56604, 0.0288093, 4.58966, -0.318827, 0.2
4.83435,-0.14904, 4.87044, -0.130945, 5.06185, 0.0250478, 5.09052, -0.31653, 4.6121, 0.024687, 4.58864, -0.316211, 5.06035, 0.0255697, 5.06082, -0.347419, 4.58614, -0.00523134, 4.58713, -0.315764, 0.2
4.85852,-0.144392, 4.99116, -0.112759, 5.11408, 0.0241332, 5.09173, -0.31617, 4.61331, 0.024984, 4.63733, -0.317694, 5.26256, 0.0341169, 5.09052, -0.31653, 4.6121, 0.024687, 4.78792, -0.306473, 0.9
4.88332,-0.151092, 4.9912, -0.135384, 5.11553, 0.0236518, 5.14152, -0.318704, 4.66267, 0.0226345, 4.63867, -0.318124, 5.11408, 0.0241332, 5.26253, -0.349636, 4.7868, -0.00848178, 4.63733, -0.317694, 0.7
4.91266,-0.142311, 4.99747, -0.136739, 5.15523, 0.0351236, 5.14417, -0.31745, 4.66409, 0.0230901, 4.6917, -0.317239, 5.25702, 0.0211049, 5.14152, -0.318704, 4.66267, 0.0226345, 4.78348, -0.320959, 0.5
4.93645,-0.151977, 5.01455, -0.134833, 5.15593, 0.0344361, 5.19368, -0.31635, 4.71351, 0.0226086, 4.6929, -0.317678, 5.15523, 0.0351236, 5.2493, -0.35078, 4.77049, -0.0102395, 4.6917, -0.317239, 0.5
4.95764,-0.140916, 5.02586, -0.135607, 5.20661, 0.0263266, 5.17289, -0.324477, 4.71463, 0.0231612, 4.73486, -0.320107, 5.2464, 0.0258389, 5.19368, -0.31635, 4.71351, 0.0226086, 4.78614, -0.326599, 0.3
4.97821,-0.152033, 5.06448, -0.131258, 5.20668, 0.0256467, 5.22803, -0.319474, 4.75632, 0.0245542, 4.73836, -0.308272, 5.20661, 0.0263266, 5.25878, -0.370049, 4.80079, -0.0224103, 4.73486, -0.320107, 0.5
5.00387,-0.137727, 5.06146, -0.140949, 5.25946, 0.0277914, 5.22866, -0.318893, 4.73851, 0.0140444, 4.78375, -0.309934, 5.25195, 0.0116503, 5.22803, -0.319474, 4.75632, 0.0245542, 4.78805, -0.323206, 0.1
5.02269,-0.149817, 5.08918, -0.136808, 5.25888, 0.0288655, 5.28124, -0.315921, 4.79745, 0.0230363, 4.78031, -0.307916, 5.25946, 0.0277914, 5.25977, -0.358755, 4.7702, -0.0258179, 4.78375, -0.309934, 0.3
5.04941,-0.140171, 5.19044, -0.112659, 5.30913, 0.02743, 5.28314, -0.315296, 4.79791, 0.0235198, 4.82939, -0.311712, 5.46543, 0.0349937, 5.28124, -0.315921, 4.79745, 0.0230363, 4.98656, -0.30124, 0.9
5.07597,-0.148406, 5.19656, -0.135694, 5.31042, 0.0271266, 5.3335, -0.315844, 4.85118, 0.0245473, 4.82914, -0.311514, 5.30913, 0.02743, 5.47496, -0.351428, 4.99229, -0.0126124, 4.82939, -0.311712, 0.8
5.10387,-0.141445, 5.19149, -0.134951, 5.36346, 0.0271944, 5.33512, -0.315267, 4.85257, 0.0249956, 4.87927, -0.313478, 5.45764, 0.023401, 5.3335, -0.315844, 4.85118, 0.0245473, 4.98047, -0.315712, 0.5
5.12813,-0.149549, 5.23143, -0.140003, 5.36437, 0.025631, 5.36447, -0.320956, 4.90393, 0.0236316, 4.88054, -0.31401, 5.36346, 0.0271944, 5.48405, -0.353739, 5.00192, -0.013477, 4.87927, -0.313478, 0.7
5.15164,-0.138585, 5.22443, -0.128524, 5.40686, 0.0270039, 5.36357, -0.320046, 4.90461, 0.0240867, 4.92939, -0.31582, 5.36437, 0.025631, 5.44925, -0.359107, 4.99123, -0.0145199, 4.88054, -0.31401, 0.4
5.1719,-0.149184, 5.26663, -0.130911, 5.4061, 0.0263297, 5.41944, -0.313825, 4.9491, 0.0270924, 4.9303, -0.316198, 5.40686, 0.0270039, 5.48223, -0.361616, 5.02345, -0.0174835, 4.92939, -0.31582, 0.6
5.19491,-0.141174, 5.25524, -0.139946, 5.44933, 0.025617, 5.41787, -0.312963, 4.9473, 0.0262331, 4.96628, -0.314184, 5.45652, 0.0121243, 5.41944, -0.313825, 4.9491, 0.0270924, 4.98582, -0.330699, 0.1
5.21611,-0.149377, 5.29171, -0.128433, 5.45015, 0.0251131, 5.46853, -0.316616, 4.99199, 0.0238873, 4.95184, -0.302448, 5.44933, 0.025617, 5.46378, -0.365462, 4.99279, -0.0262656, 4.96628, -0.314184, 0.4
5.23716,-0.140851, 5.29051, -0.131655, 5.49461, 0.0270539, 5.46958, -0.315941, 4.99114, 0.0239917, 5.00771, -0.30826, 5.49522, 0.00829186, 5.46853, -0.316616, 4.99199, 0.0238873, 5.00123, -0.320157, 0.1
5.26167,-0.149969, 5.29035, -0.126276, 5.49628, 0.0265077, 5.5188, -0.316942, 5.03952, 0.0238446, 5.00829, -0.308784, 5.49461, 0.0270539, 5.45775, -0.35291, 4.98015, -0.0129776, 5.00771, -0.30826, 0.1
5.28544,-0.142304, 5.42012, -0.108398, 5.54316, 0.0254965, 5.52054, -0.316512, 5.04063, 0.0241831, 5.06145, -0.312921, 5.69368, 0.033675, 5.5188, -0.316942, 5.03952, 0.0238446, 5.20413, -0.30095, 0.9
5.31373,-0.150963, 5.40678, -0.131294, 5.54482, 0.0248957, 5.57084, -0.319542, 5.09002, 0.0230795, 5.06282, -0.313429, 5.54316, 0.0254965, 5.66894, -0.347907, 5.19224, -0.00721206, 5.06145, -0.312921, 0.6
5.33793,-0.143869, 5.42819, -0.134043, 5.58293, 0.0289234, 5.57232, -0.31833, 5.09139, 0.0235464, 5.11369, -0.315745, 5.6819, 0.0220963, 5.57084, -0.319542, 5.09002, 0.0230795, 5.20284, -0.316695, 0.5
5.36201,-0.157036, 5.43133, -0.135604, 5.5721, 0.0304286, 5.61522, -0.321742, 5.13863, 0.0227782, 5.11432, -0.316247, 5.66455, 0.0268406, 5.57232, -0.31833, 5.09139, 0.0235464, 5.19803, -0.318278, 0.3
5.38161,-0.146069, 5.47819, -0.138171, 5.62755, 0.0207708, 5.61368, -0.320499, 5.13983, 0.0232238, 5.15314, -0.32085, 5.69165, 0.0303538, 5.61522, -0.321742, 5.13863, 0.0227782, 5.23453, -0.316256, 0.5
5.40581,-0.155725, 5.48628, -0.131584, 5.62837, 0.0202765, 5.65993, -0.32173, 5.18315, 0.0210674, 5.15517, -0.311458, 5.62755, 0.0207708, 5.68245, -0.365672, 5.21101, -0.0219499, 5.15314, -0.32085, 0.4
5.42561,-0.145694, 5.48904, -0.146445, 5.6792, 0.0225696, 5.66061, -0.321046, 5.16511, 0.0082964, 5.20226, -0.314397, 5.66667, 0.00866243, 5.65993, -0.32173, 5.18315, 0.0210674, 5.19721, -0.323741, 0.1
5.44863,-0.1568, 5.49878, -0.140719, 5.68063, 0.0217775, 5.70735, -0.323785, 5.22096, 0.0125022, 5.20166, -0.315045, 5.6792, 0.0225696, 5.66856, -0.359746, 5.17405, -0.0304028, 5.20226, -0.314397, 0.2
5.47363,-0.147791, 5.61115, -0.118833, 5.72996, 0.0201359, 5.70908, -0.323231, 5.22159, 0.0129699, 5.25057, -0.319445, 5.8818, 0.0293474, 5.70735, -0.323785, 5.22096, 0.0125022, 5.40179, -0.306932, 0.9
5.49943,-0.157935, 5.60757, -0.141394, 5.73172, 0.0196141, 5.7572, -0.325438, 5.27449, 0.0144049, 5.25164, -0.31988, 5.72996, 0.0201359, 5.88, -0.355748, 5.39549, -0.019547, 5.25057, -0.319445, 0.7
5.52699,-0.149113, 5.625, -0.138842, 5.78016, 0.0224848, 5.75891, -0.324346, 5.27593, 0.0147355, 5.30212, -0.322004, 5.89583, 0.0181517, 5.7572, -0.325438, 5.27449, 0.0144049, 5.41883, -0.321641, 0.6
5.55114,-0.158836, 5.64345, -0.143298, 5.78103, 0.0219464, 5.78523, -0.33458, 5.32636, 0.0145252, 5.30345, -0.322453, 5.78016, 0.0224848, 5.89168, -0.358858, 5.41015, -0.0197768, 5.30212, -0.322004, 0.6
5.57239,-0.14805, 5.65326, -0.141305, 5.82504, 0.0174214, 5.78366, -0.333216, 5.32725, 0.0153117, 5.34893, -0.324392, 5.89787, 0.0149959, 5.78523, -0.33458, 5.32636, 0.0145252, 5.42354, -0.329624, 0.4
5.59186,-0.160253, 5.67713, -0.138358, 5.82438, 0.0165622, 5.8404, -0.326639, 5.37199, 0.0169463, 5.34949, -0.325011, 5.82504, 0.0174214, 5.87853, -0.374212, 5.4228, -0.0256839, 5.34893, -0.324392, 0.5
5.61547,-0.151517, 5.68635, -0.145517, 5.87004, 0.0154755, 5.83836, -0.326315, 5.36382, 0.009154, 5.39087, -0.326186, 5.89145, 0.00450081, 5.8404, -0.326639, 5.37199, 0.0169463, 5.4207, -0.337342, 0.2
5.63556,-0.161748, 5.71535, -0.139285, 5.87114, 0.0149269, 5.88892, -0.329598, 5.41114, 0.00938098, 5.37928, -0.316648, 5.87004, 0.0154755, 5.89023, -0.376665, 5.41589, -0.0411958, 5.39087, -0.326186, 0.4
5.66037,-0.152579, 5.71101, -0.144248, 5.9173, 0.0160806, 5.89042, -0.329145, 5.41066, 0.00968611, 5.43244, -0.321829, 5.91586, -0.00178531, 5.88892, -0.329598, 5.41114, 0.00938098, 5.42821, -0.334248, 0.1
5.68386,-0.162456, 5.72491, -0.141834, 5.91925, 0.0153988, 5.94013, -0.329726, 5.45989, 0.0104727, 5.43218, -0.321691, 5.9173, 0.0160806, 5.90174, -0.367029, 5.42243, -0.0281977, 5.43244, -0.321829, 0.2
5.70841,-0.153941, 5.83047, -0.125854, 5.96646, 0.0148989, 5.94177, -0.329129, 5.46099, 0.0110268, 5.48429, -0.32529, 6.1005, 0.0198479, 5.94013, -0.329726, 5.45989, 0.0104727, 5.61287, -0.316828, 0.8
5.73392,-0.163907, 5.83966, -0.148129, 5.9685, 0.0139544, 5.98809, -0.335127, 5.51124, 0.00975461, 5.48542, -0.325894, 5.96646, 0.0148989, 6.10748, -0.363007, 5.62891, -0.0228513, 5.48429, -0.32529, 0.7
5.75986,-0.155647, 5.8479, -0.148901, 6.0155, 0.0128105, 5.98898, -0.334472, 5.5125, 0.0101633, 5.53535, -0.328021, 6.11143, 0.0102217, 5.98809, -0.335127, 5.51124, 0.00975461, 5.63181, -0.330132, 0.5
5.78266,-0.168595, 5.86521, -0.150483, 5.99138, 0.0217567, 6.03494, -0.331883, 5.55815, 0.0105883, 5.53614, -0.328469, 6.0155, 0.0128105, 6.09038, -0.370118, 5.61545, -0.0254826, 5.53535, -0.328021, 0.5
5.80116,-0.155933, 5.87827, -0.157949, 6.04647, 0.0124213, 6.03209, -0.330872, 5.55714, 0.0105318, 5.57848, -0.332247, 6.07872, 0.0157645, 6.03494, -0.331883, 5.55815, 0.0105883, 5.62623, -0.334805, 0.3
5.82448,-0.166619, 5.90313, -0.14469, 6.0463, 0.012104, 6.07771, -0.332286, 5.59514, 0.00838363, 5.57178, -0.321582, 6.04647, 0.0124213, 6.08924, -0.378723, 5.61531, -0.0373198, 5.57848, -0.332247, 0.4
5.84366,-0.156122, 5.90777, -0.156069, 6.09721, 0.0133313, 6.07869, -0.331626, 5.58666, 0.000804799, 5.61939, -0.325173, 6.08566, -0.000457456, 6.07771, -0.332286, 5.59514, 0.00838363, 5.61491, -0.3348, 0.1
5.86573,-0.166564, 5.92893, -0.152734, 6.09827, 0.0126883, 6.12592, -0.334106, 5.64084, 0.00399008, 5.61818, -0.325078, 6.09721, 0.0133313, 6.10782, -0.373379, 5.61626, -0.0409489, 5.61939, -0.325173, 0.3
5.89275,-0.157736, 6.02922, -0.130428, 6.14825, 0.0104524, 6.12694, -0.333929, 5.63982, 0.00341627, 5.66853, -0.329913, 6.30505, 0.0194936, 6.12592, -0.334106, 5.64084, 0.00399008, 5.82451, -0.317772, 0.9
5.91654,-0.168081, 6.03844, -0.154162, 6.14932, 0.0101196, 6.17414, -0.335913, 5.69033, 0.00363048, 5.66836, -0.329892, 6.14825, 0.0104524, 6.31992, -0.368421, 5.83533, -0.0310753, 5.66853, -0.329913, 0.8
5.94322,-0.15866, 6.03075, -0.154065, 6.19717, 0.0107613, 6.17591, -0.335326, 5.6914, 0.00402834, 5.7183, -0.331899, 6.29734, 0.00590006, 6.17414, -0.335913, 5.69033, 0.00363048, 5.82048, -0.334662, 0.5
5.9666,-0.1688, 6.07007, -0.157607, 6.19769, 0.0142029, 6.22376, -0.335489, 5.74177, 0.00430663, 5.71971, -0.332303, 6.19717, 0.0107613, 6.32531, -0.372861, 5.84126, -0.0335067, 5.7183, -0.331899, 0.7
5.98895,-0.157727, 6.05785, -0.15623, 6.2421, 0.00922571, 6.19983, -0.344686, 5.7428, 0.00494713, 5.76477, -0.333713, 6.2986, 0.00436376, 6.22376, -0.335489, 5.74177, 0.00430663, 5.82485, -0.3426, 0.3
6.01019,-0.170684, 6.10404, -0.152996, 6.24169, 0.00826856, 6.25369, -0.337493, 5.78014, -2.36022e-05, 5.7657, -0.334566, 6.2421, 0.00922571, 6.31136, -0.38869, 5.85404, -0.0390565, 5.76477, -0.333713, 0.6
6.03291,-0.160596, 6.09403, -0.160821, 6.28529, 0.00660848, 6.25466, -0.336958, 5.78049, -0.00202231, 5.80537, -0.335031, 6.29332, -0.00707823, 6.25369, -0.337493, 5.78014, -2.36022e-05, 5.82247, -0.350277, 0.1
6.0528,-0.172116, 6.13107, -0.150694, 6.28642, 0.00592697, 6.3049, -0.340184, 5.82726, -0.00129183, 5.79628, -0.327263, 6.28529, 0.00660848, 6.30111, -0.388184, 5.8266, -0.0532485, 5.80537, -0.335031, 0.4
6.07516,-0.162888, 6.22095, -0.12792, 6.33335, 0.00547156, 6.30618, -0.339848, 5.8266, -0.00104667, 5.84908, -0.332763, 6.50421, 0.00576705, 6.3049, -0.340184, 5.82726, -0.00129183, 6.01504, -0.327191, 0.9
6.10038,-0.173069, 6.23399, -0.158144, 6.33409, 0.00551118, 6.35529, -0.340688, 5.87517, -0.000127261, 5.84855, -0.332681, 6.33335, 0.00547156, 6.51869, -0.379979, 6.04115, -0.0411781, 5.84908, -0.332763, 0.9
6.12401,-0.164419, 6.23881, -0.15278, 6.38056, 0.00463075, 6.35702, -0.340099, 5.87629, 0.000442471, 5.89826, -0.335358, 6.53174, 0.00388438, 6.35529, -0.340688, 5.87517, -0.000127261, 6.05024, -0.334646, 0.7
6.15,-0.174539, 6.25362, -0.160344, 6.38258, 0.00363237, 6.40484, -0.343603, 5.92565, -0.000460608, 5.89957, -0.336095, 6.38056, 0.00463075, 6.51695, -0.375327, 6.03785, -0.0347853, 5.89826, -0.335358, 0.7
6.17403,-0.166033, 6.26372, -0.159213, 6.40591, 0.0136149, 6.40563, -0.342845, 5.92695, 0.000165365, 5.94891, -0.338073, 6.52559, -0.000118194, 6.40484, -0.343603, 5.92565, -0.000460608, 6.04608, -0.340398, 0.5
6.19833,-0.180554, 6.26621, -0.157578, 6.40548, 0.0123639, 6.4509, -0.344439, 5.9752, 0.000122607, 5.94932, -0.338415, 6.48842, 0.010969, 6.40563, -0.342845, 5.92695, 0.000165365, 6.034, -0.341143, 0.3
6.21694,-0.167456, 6.31403, -0.160688, 6.45918, 0.000462253, 6.44734, -0.343995, 5.97313, 9.83918e-05, 5.98721, -0.342815, 6.52591, 0.01153, 6.4509, -0.344439, 5.9752, 0.000122607, 6.07037, -0.339198, 0.5
6.23966,-0.178437, 6.32125, -0.153641, 6.46011, -7.24187e-05, 6.49052, -0.344301, 6.0132, -0.00190221, 5.9885, -0.33159, 6.45918, 0.000462253, 6.51635, -0.38861, 6.04448, -0.044516, 5.98721, -0.342815, 0.4
6.25882,-0.167038, 6.33391, -0.164323, 6.51035, 0.00185887, 6.4916, -0.343694, 5.99984, -0.0151554, 6.03442, -0.335442, 6.52128, -0.0106614, 6.49052, -0.344301, 6.0132, -0.00190221, 6.05299, -0.342763, 0.2
6.2825,-0.179525, 6.34598, -0.163365, 6.51185, 0.00119391, 6.53822, -0.346619, 6.05343, -0.0100378, 6.03381, -0.335958, 6.51035, 0.00185887, 6.52692, -0.383274, 6.03628, -0.0547347, 6.03442, -0.335442, 0.3
6.307,-0.169058, 6.44473, -0.142826, 6.56063, -0.000727226, 6.53984, -0.346017, 6.05283, -0.010368, 6.08176, -0.340965, 6.71906, 0.00771544, 6.53822, -0.346619, 6.05343, -0.0100378, 6.24058, -0.329025, 0.9
6.33012,-0.180044, 6.46418, -0.169089, 6.56201, -0.00110214, 6.58844, -0.346676, 6.10574, -0.00761664, 6.08243, -0.341261, 6.56063, -0.000727226, 6.75567, -0.381631, 6.27077, -0.0459824, 6.08176, -0.340965, 0.9
6.35783,-0.171438, 6.45625, -0.164348, 6.61345, -0.00330953, 6.58765, -0.346872, 6.10435, -0.00830963, 6.12876, -0.343022, 6.73711, -0.00385775, 6.58844, -0.346676, 6.10574, -0.00761664, 6.26184, -0.344525, 0.6
6.38024,-0.181468, 6.4858, -0.169312, 6.61432, -0.00400795, 6.61724, -0.355824, 6.152, -0.00921238, 6.12985, -0.343636, 6.61345, -0.00330953, 6.74316, -0.382777, 6.26086, -0.0442144, 6.12876, -0.343022, 0.7
6.40351,-0.168469, 6.47551, -0.161604, 6.65381, -0.00310174, 6.61354, -0.356109, 6.15279, -0.00851861, 6.17746, -0.346057, 6.61432, -0.00400795, 6.70311, -0.392713, 6.2405, -0.0461014, 6.12985, -0.343636, 0.4
6.42029,-0.181196, 6.51772, -0.162718, 6.65308, -0.00411991, 6.66416, -0.347646, 6.19205, -0.00569427, 6.17815, -0.346817, 6.65381, -0.00310174, 6.73321, -0.396053, 6.27273, -0.0484623, 6.17746, -0.346057, 0.6
6.44398,-0.173117, 6.50163, -0.171369, 6.69841, -0.00583273, 6.66485, -0.34737, 6.19714, -0.0112129, 6.22112, -0.347722, 6.70377, -0.0185239, 6.66416, -0.347646, 6.19205, -0.00569427, 6.23401, -0.361832, 0.1
6.46248,-0.183314, 6.54099, -0.161814, 6.69667, -0.00601443, 6.71449, -0.351837, 6.23808, -0.0134943, 6.20023, -0.33357, 6.69841, -0.00583273, 6.7112, -0.399035, 6.24302, -0.0628778, 6.22112, -0.347722, 0.4
6.48572,-0.173221, 6.53733, -0.16385, 6.74019, -0.00476812, 6.71589, -0.351199, 6.23737, -0.0129064, 6.25463, -0.340775, 6.74321, -0.0242996, 6.71449, -0.351837, 6.23808, -0.0134943, 6.25116, -0.352865, 0.1
6.50916,-0.184703, 6.56202, -0.165833, 6.74191, -0.00538994, 6.76437, -0.351669, 6.28524, -0.0112318, 6.25513, -0.341266, 6.74019, -0.00476812, 6.74937, -0.390669, 6.27087, -0.052376, 6.25463, -0.340775, 0.3
6.53241,-0.174796, 6.65565, -0.149211, 6.78751, -0.00592411, 6.76371, -0.350993, 6.28396, -0.0119023, 6.30456, -0.345149, 6.92925, -0.00205897, 6.76437, -0.351669, 6.28524, -0.0112318, 6.44253, -0.337662, 0.8
6.55697,-0.184768, 6.6635, -0.169536, 6.78905, -0.00638539, 6.81201, -0.351648, 6.33247, -0.0110046, 6.3056, -0.345571, 6.78751, -0.00592411, 6.92953, -0.384495, 6.452, -0.0454046, 6.30456, -0.345149, 0.7
6.58276,-0.172525, 6.66887, -0.168944, 6.82651, 0.00553677, 6.81248, -0.351369, 6.3312, -0.0114971, 6.3579, -0.346346, 6.93175, -0.00990268, 6.81201, -0.351648, 6.33247, -0.0110046, 6.45177, -0.349522, 0.5
6.60918,-0.184263, 6.69589, -0.169721, 6.82296, 0.00831186, 6.86342, -0.343968, 6.37885, -0.0104038, 6.3595, -0.346785, 6.82651, 0.00553677, 6.94095, -0.384809, 6.46057, -0.0449367, 6.3579, -0.346346, 0.6
6.62736,-0.172681, 6.71106, -0.164586, 6.87069, 0.000263063, 6.86152, -0.343288, 6.37935, -0.00962039, 6.39893, -0.347728, 6.9419, 6.0711e-05, 6.86342, -0.343968, 6.37885, -0.0104038, 6.48193, -0.355736, 0.4
6.64967,-0.181535, 6.73757, -0.161066, 6.87134, -0.000229001, 6.90216, -0.345866, 6.40844, -0.0157792, 6.40525, -0.343319, 6.87069, 0.000263063, 6.94953, -0.389427, 6.46841, -0.0557595, 6.39893, -0.347728, 0.5
6.6728,-0.167396, 6.73081, -0.172477, 6.92204, 0.00228423, 6.90304, -0.345045, 6.40519, -0.019086, 6.44569, -0.338586, 6.91566, -0.0128676, 6.90216, -0.345866, 6.40844, -0.0157792, 6.45388, -0.356839, 0.1
6.69214,-0.181142, 6.77001, -0.16862, 6.92323, 0.00121354, 6.94782, -0.34636, 6.46047, -0.0112091, 6.44481, -0.339152, 6.92204, 0.00228423, 6.95541, -0.387388, 6.45773, -0.0614297, 6.44569, -0.338586, 0.4
6.71572,-0.170201, 6.85801, -0.145126, 6.96972, -0.00102238, 6.94993, -0.346033, 6.46092, -0.0105586, 6.4895, -0.34096, 7.13608, 0.00628652, 6.94782, -0.34636, 6.46047, -0.0112091, 6.65798, -0.333698, 0.9
6.73919,-0.180764, 6.87396, -0.169232, 6.97146, -0.00177885, 6.99311, -0.347604, 6.51003, -0.00937372, 6.49026, -0.341648, 6.96972, -0.00102238, 7.16421, -0.383403, 6.67736, -0.0479281, 6.4895, -0.34096, 0.9
6.76214,-0.172005, 6.8767, -0.161564, 7.01719, -0.00275255, 6.99467, -0.347066, 6.51103, -0.00893399, 6.53718, -0.344023, 7.16829, -0.00259605, 6.99311, -0.347604, 6.51003, -0.00937372, 6.69104, -0.34285, 0.7
6.78892,-0.185167, 6.90306, -0.171369, 7.01873, -0.00348988, 7.03806, -0.356302, 6.56114, -0.0107327, 6.53699, -0.343859, 7.01719, -0.00275255, 7.17743, -0.383461, 6.69503, -0.0453289, 6.53718, -0.344023, 0.8
6.81051,-0.175139, 6.90002, -0.172349, 7.06436, -0.00745945, 7.03062, -0.362603, 6.56249, -0.0104804, 6.58311, -0.34619, 7.16815, -0.00838955, 7.03806, -0.356302, 6.56114, -0.0107327, 6.69023, -0.349386, 0.5
6.83005,-0.187538, 6.927, -0.175564, 7.04883, 0.00163173, 7.07763, -0.354826, 6.60482, -0.00859797, 6.58394, -0.346644, 7.06436, -0.00745945, 7.15631, -0.398258, 6.68925, -0.0461358, 6.58311, -0.34619, 0.6
6.85192,-0.173486, 6.94034, -0.174288, 7.09776, -0.00573896, 7.07545, -0.353612, 6.60353, -0.00841384, 6.62501, -0.348929, 7.16325, -0.00365734, 7.07763, -0.354826, 6.60482, -0.00859797, 6.70149, -0.352106, 0.4
6.87102,-0.186437, 6.96639, -0.165224, 7.09645, -0.00647467, 7.1231, -0.353054, 6.64724, -0.00931013, 6.61319, -0.339556, 7.09776, -0.00573896, 7.16175, -0.400568, 6.69095, -0.0553691, 6.62501, -0.348929, 0.5
6.89089,-0.174459, 6.96715, -0.172572, 7.14374, -0.0050372, 7.12269, -0.353126, 6.63037, -0.0280327, 6.66207, -0.343253, 7.16395, -0.018832, 7.1231, -0.353054, 6.64724, -0.00931013, 6.68481, -0.352502, 0.2
6.91281,-0.188601, 6.98966, -0.174562, 7.14508, -0.00591662, 7.16772, -0.354879, 6.68278, -0.0194902, 6.6599, -0.34254, 7.14374, -0.0050372, 7.18059, -0.393974, 6.68894, -0.0688802, 6.66207, -0.343253, 0.4
6.93641,-0.176779, 6.98411, -0.178683, 7.19251, -0.00920709, 7.16895, -0.354652, 6.68283, -0.0193522, 6.71042, -0.34856, 7.18578, -0.0179707, 7.16772, -0.354879, 6.68278, -0.0194902, 6.70417, -0.355327, 0.1
6.95898,-0.188295, 7.0006, -0.170593, 7.19238, -0.00842596, 7.21429, -0.356304, 6.73177, -0.0170336, 6.70892, -0.348034, 7.19251, -0.00920709, 7.18231, -0.389132, 6.69675, -0.0538326, 6.71042, -0.34856, 0.2
6.9843,-0.179014, 7.11645, -0.149335, 7.23738, -0.00963602, 7.21615, -0.355899, 6.73302, -0.0164639, 6.75506, -0.349639, 7.39481, -0.00132742, 7.21429, -0.356304, 6.73177, -0.0170336, 6.91024, -0.340409, 0.9
7.00811,-0.189681, 7.11589, -0.172882, 7.239, -0.0104161, 7.26081, -0.357587, 6.77922, -0.0171008, 6.75618, -0.350336, 7.23738, -0.00963602, 7.38856, -0.386967, 6.90825, -0.0475323, 6.75506, -0.349639, 0.7
7.03066,-0.180718, 7.11929, -0.173633, 7.28518, -0.011988, 7.26214, -0.35711, 6.7802, -0.0166772, 6.80462, -0.353133, 7.38197, -0.0141099, 7.26081, -0.357587, 6.77922, -0.0171008, 6.90261, -0.354505, 0.5
7.05452,-0.191682, 7.14462, -0.178159, 7.28517, -0.0119672, 7.30792, -0.358785, 6.82704, -0.0179167, 6.80447, -0.353203, 7.28518, -0.011988, 7.38927, -0.392119, 6.90824, -0.0516861, 6.80462, -0.353133, 0.6
7.07633,-0.18282, 7.14337, -0.17995, 7.33173, -0.0136435, 7.30847, -0.357801, 6.82204, -0.0257161, 6.85184, -0.355425, 7.37967, -0.0196714, 7.30792, -0.358785, 6.82704, -0.0179167, 6.90264, -0.361465, 0.3
7.10014,-0.194583, 7.17634, -0.180064, 7.333, -0.0142523, 7.35543, -0.363403, 6.87274, -0.0255352, 6.84018, -0.346016, 7.33173, -0.0136435, 7.40116, -0.394681, 6.91489, -0.0625962, 6.85184, -0.355425, 0.5
7.1227,-0.183811, 7.16663, -0.177086, 7.38063, -0.0146009, 7.35681, -0.362796, 6.87204, -0.0251185, 6.8955, -0.352262, 7.40717, -0.0282832, 7.35543, -0.363403, 6.87274, -0.0255352, 6.91817, -0.36138, 0.2
7.14942,-0.195769, 7.17309, -0.179255, 7.3821, -0.0146587, 7.40391, -0.363616, 6.92308, -0.0236338, 6.89572, -0.352402, 7.38063, -0.0146009, 7.38753, -0.384976, 6.90349, -0.0472976, 6.8955, -0.352262, 0.2
7.17369,-0.185374, 7.2858, -0.158281, 7.42897, -0.0157195, 7.40579, -0.363129, 6.92411, -0.0229679, 6.94733, -0.355731, 7.58665, -0.00615232, 7.40391, -0.363616, 6.92308, -0.0236338, 7.09856, -0.343749, 0.9
7.19821,-0.195897, 7.31448, -0.192004, 7.43062, -0.0163581, 7.45384, -0.364273, 6.97361, -0.0228702, 6.94838, -0.35631, 7.42897, -0.0157195, 7.63638, -0.383988, 7.15624, -0.043827, 6.94733, -0.355731, 0.9
7.22232,-0.187121, 7.33713, -0.173954, 7.47861, -0.0172745, 7.45427, -0.363567, 6.9731, -0.0239624, 6.99825, -0.358704, 7.67139, -0.0100086, 7.45384, -0.364273, 6.97361, -0.0228702, 7.19145, -0.350325, 0.9
7.24744,-0.196984, 7.36228, -0.194237, 7.47887, -0.0178341, 7.50262, -0.364954, 7.02262, -0.0238142, 6.99745, -0.357337, 7.47861, -0.0172745, 7.68559, -0.383593, 7.20594, -0.0439883, 6.99825, -0.358704, 0.9
7.27268,-0.191064, 7.38654, -0.175286, 7.52671, -0.0215663, 7.50292, -0.364715, 7.03143, -0.0297864, 7.02991, -0.350147, 7.71964, -0.0114286, 7.50262, -0.364954, 7.02262, -0.0238142, 7.24048, -0.351233, 0.9
7.29834,-0.204735, 7.41111, -0.195628, 7.52798, -0.022219, 7.55437, -0.373776, 7.07747, -0.0354376, 7.02985, -0.349481, 7.52671, -0.0215663, 7.73295, -0.386432, 7.26274, -0.0515033, 7.02991, -0.350147, 0.9
7.32183,-0.19231, 7.42669, -0.172731, 7.58024, -0.0227555, 7.55556, -0.37332, 7.07614, -0.0354244, 7.09314, -0.359066, 7.77831, -0.0230352, 7.55437, -0.373776, 7.07747, -0.0354376, 7.28309, -0.351403, 0.9
7.34827,-0.205933, 7.45017, -0.202678, 7.58165, -0.0233238, 7.60698, -0.373736, 7.12744, -0.0335654, 7.08823, -0.354992, 7.58024, -0.0227555, 7.79541, -0.384844, 7.31729, -0.0469483, 7.09314, -0.359066, 0.9
7.37364,-0.193746, 7.46498, -0.183367, 7.63191, -0.0241428, 7.60858, -0.373062, 7.12116, -0.0392949, 7.14592, -0.361402, 7.82632, -0.0173276, 7.60698, -0.373736, 7.12744, -0.0335654, 7.33508, -0.350047, 0.9
7.39917,-0.207206, 7.49758, -0.209467, 7.63366, -0.0252082, 7.65817, -0.375095, 7.17506, -0.0366689, 7.14275, -0.358624, 7.63191, -0.0241428, 7.85375, -0.378392, 7.36764, -0.0446248, 7.14592, -0.361402, 0.9
7.4259,-0.19549, 7.51443, -0.186732, 7.68332, -0.0259067, 7.65992, -0.374197, 7.17353, -0.0380999, 7.1993, -0.364487, 7.87692, -0.0176974, 7.65817, -0.375095, 7.17506, -0.0366689, 7.38798, -0.352081, 0.9
7.45087,-0.207646, 7.54879, -0.21179, 7.68516, -0.0266723, 7.70957, -0.375908, 7.2275, -0.0362038, 7.1979, -0.363226, 7.68332, -0.0259067, 7.90609, -0.378539, 7.42093, -0.0424414, 7.1993, -0.364487, 0.9
7.47779,-0.197381, 7.56613, -0.18855, 7.73521, -0.0275579, 7.71124, -0.375325, 7.22644, -0.0374073, 7.2528, -0.36756, 7.9273, -0.0181147, 7.70957, -0.375908, 7.2275, -0.0362038, 7.44185, -0.355523, 0.9
7.50343,-0.208475, 7.60017, -0.213362, 7.73655, -0.0281136, 7.76073, -0.375691, 7.27934, -0.0357344, 7.25171, -0.36632, 7.73521, -0.0275579, 7.9577, -0.379556, 7.47407, -0.0416388, 7.2528, -0.36756, 0.9
