-0.00865074,0.0105241, 0.0796189, -0.0290549, 0.207353, 0.171289, 0.270007, -0.165069, -0.207602, 0.177585, -0.267757, -0.171872, 0.206585, 0.170575, 0.400787, -0.193614, -0.0786191, 0.150932, -0.268932, -0.172574, 0.9
0.0434472,0.00827968, 0.106757, 0.0185609, 0.30236, 0.177558, 0.271703, -0.164399, -0.204225, 0.177909, -0.170637, -0.165701, 0.444915, 0.185999, 0.270007, -0.165069, -0.207602, 0.177585, -0.0293877, -0.157197, 0.9
0.0954479,-0.00628887, 0.165017, -0.00583712, 0.305342, 0.176777, 0.376373, -0.172555, -0.101567, 0.170144, -0.168191, -0.166428, 0.30236, 0.177558, 0.519061, -0.168908, 0.0440805, 0.1734, -0.170637, -0.165701, 0.9
0.147823,0.00446521, 0.209878, 0.0113832, 0.420705, 0.173374, 0.379062, -0.172603, -0.104461, 0.166503, -0.0559067, -0.169783, 0.550844, 0.184325, 0.376373, -0.172555, -0.101567, 0.170144, 0.0786762, -0.159632, 0.9
0.202949,-0.0118629, 0.271852, -0.0110241, 0.419584, 0.174256, 0.484991, -0.178201, 0.00396702, 0.163301, -0.0588761, -0.16675, 0.420705, 0.173374, 0.626174, -0.177335, 0.143927, 0.161772, -0.0559067, -0.169783, 0.9
0.25758,0.00281132, 0.31872, 0.00788757, 0.529484, 0.173747, 0.488142, -0.177389, -0.000973675, 0.158571, 0.0518108, -0.167808, 0.665914, 0.180508, 0.484991, -0.178201, 0.00396702, 0.163301, 0.189119, -0.161441, 0.9
0.31234,-0.0155016, 0.381314, -0.0148771, 0.532905, 0.172399, 0.595061, -0.181561, 0.109276, 0.156966, 0.051021, -0.166396, 0.529484, 0.173747, 0.736839, -0.180341, 0.249198, 0.155619, 0.0518108, -0.167808, 0.9
0.368193,0.00179724, 0.42794, 0.00557337, 0.645863, 0.1706, 0.598234, -0.180578, 0.105203, 0.152966, 0.165624, -0.170919, 0.779906, 0.17784, 0.595061, -0.181561, 0.109276, 0.156966, 0.299871, -0.162048, 0.9
0.427182,-0.0175653, 0.491847, -0.0173862, 0.649492, 0.169462, 0.70609, -0.183232, 0.21318, 0.150213, 0.160485, -0.165819, 0.645863, 0.1706, 0.84812, -0.18227, 0.356664, 0.151274, 0.165624, -0.170919, 0.9
0.480545,0.0007901, 0.542803, 0.00394521, 0.759491, 0.169047, 0.709088, -0.181864, 0.215107, 0.150815, 0.275579, -0.170441, 0.896374, 0.174807, 0.70609, -0.183232, 0.21318, 0.150213, 0.409387, -0.161594, 0.9
0.533772,-0.0188017, 0.568352, -0.0103086, 0.762813, 0.168073, 0.816994, -0.183159, 0.331704, 0.155446, 0.269947, -0.165353, 0.759491, 0.169047, 0.892421, -0.177817, 0.401361, 0.154862, 0.275579, -0.170441, 0.6
0.589968,3.36268e-05, 0.600644, -0.00443654, 0.872009, 0.167981, 0.820569, -0.182863, 0.325515, 0.149059, 0.383379, -0.168424, 0.907095, 0.166418, 0.816994, -0.183159, 0.331704, 0.155446, 0.416167, -0.168447, 0.5
0.648366,-0.0199198, 0.624628, -0.00650521, 0.875308, 0.166826, 0.928437, -0.184999, 0.442502, 0.153509, 0.380568, -0.165606, 0.872009, 0.167981, 0.891498, -0.177477, 0.398833, 0.154445, 0.383379, -0.168424, 0.2
0.701157,-0.00106757, 0.760659, 0.015198, 0.973727, 0.163279, 0.931727, -0.184044, 0.43484, 0.146803, 0.497938, -0.17207, 1.08431, 0.175832, 0.928437, -0.184999, 0.442502, 0.153509, 0.58753, -0.157176, 0.9
0.74469,-0.0162461, 0.788154, -0.0130762, 0.975563, 0.163169, 1.02765, -0.182633, 0.546768, 0.153363, 0.491871, -0.166968, 0.973727, 0.163279, 1.11521, -0.179213, 0.621371, 0.151635, 0.497938, -0.17207, 0.6
0.799708,-0.00352436, 0.816069, -0.0038559, 1.07671, 0.162056, 1.03268, -0.18203, 0.550173, 0.153127, 0.604245, -0.173879, 1.11815, 0.162676, 1.02765, -0.182633, 0.546768, 0.153363, 0.636122, -0.168492, 0.5
0.863065,-0.0193623, 0.828577, -0.00223404, 1.08303, 0.161424, 1.13842, -0.18945, 0.656263, 0.14715, 0.607921, -0.175516, 1.07671, 0.162056, 1.10331, -0.179469, 0.622912, 0.155688, 0.604245, -0.173879, 0.2
0.90976,-0.00814451, 0.861835, -0.0127991, 1.19253, 0.159443, 1.14184, -0.188838, 0.658575, 0.147769, 0.719889, -0.179593, 1.11967, 0.155702, 1.13842, -0.18945, 0.656263, 0.14715, 0.644965, -0.183109, 0.1
0.961413,-0.0238375, 0.984561, -0.0383548, 1.16407, 0.162754, 1.24561, -0.188093, 0.765931, 0.149591, 0.719147, -0.176091, 1.19253, 0.159443, 1.31126, -0.188865, 0.825476, 0.147742, 0.719889, -0.179593, 0.7
1.01204,-0.0114269, 1.0041, -0.021562, 1.28432, 0.156231, 1.25004, -0.187564, 0.765629, 0.143591, 0.825738, -0.184262, 1.31184, 0.167066, 1.24561, -0.188093, 0.765931, 0.149591, 0.867643, -0.173452, 0.5
1.07216,-0.0271993, 1.01116, -0.019499, 1.28939, 0.155442, 1.36021, -0.194091, 0.878339, 0.143823, 0.819634, -0.178781, 1.28432, 0.156231, 1.31371, -0.165553, 0.831581, 0.165602, 0.825738, -0.184262, 0.1
1.12216,-0.0153651, 1.06073, -0.0192133, 1.40661, 0.152885, 1.3577, -0.198057, 0.873962, 0.136767, 0.931683, -0.18572, 1.34304, 0.154914, 1.36021, -0.194091, 0.878339, 0.143823, 0.87218, -0.181446, 0.2
1.17664,-0.0270043, 1.18112, -0.0536379, 1.4101, 0.152017, 1.46664, -0.192602, 0.984131, 0.142281, 0.936595, -0.181169, 1.40661, 0.152885, 1.54727, -0.181243, 1.06136, 0.153581, 0.931683, -0.18572, 0.7
1.23269,-0.0135607, 1.19184, -0.0310255, 1.52225, 0.157117, 1.47167, -0.192167, 0.958577, 0.125684, 1.04262, -0.184222, 1.53349, 0.157749, 1.46664, -0.192602, 0.984131, 0.142281, 1.06151, -0.177326, 0.4
1.29276,-0.0303837, 1.22582, -0.0499274, 1.51566, 0.164508, 1.58319, -0.192966, 1.08745, 0.137673, 1.04629, -0.184949, 1.52225, 0.157117, 1.57447, -0.146924, 1.06298, 0.170927, 1.04262, -0.184222, 0.2
1.3468,-0.013279, 1.34318, -0.00645295, 1.63056, 0.155498, 1.57734, -0.201373, 1.09182, 0.138042, 1.15797, -0.188865, 1.72406, 0.182288, 1.58319, -0.192966, 1.08745, 0.137673, 1.25048, -0.168404, 0.9
1.40218,-0.0295864, 1.38043, -0.0391896, 1.63504, 0.154818, 1.69009, -0.196268, 1.20905, 0.144055, 1.16374, -0.185671, 1.63056, 0.155498, 1.77284, -0.161124, 1.28981, 0.178291, 1.15797, -0.188865, 0.5
1.46585,-0.0162377, 1.40981, -0.0297818, 1.75313, 0.1558, 1.69525, -0.195796, 1.21363, 0.144316, 1.27253, -0.187825, 1.74875, 0.161547, 1.69009, -0.196268, 1.20905, 0.144055, 1.27748, -0.180617, 0.4
1.52298,-0.0299546, 1.54182, -0.0674558, 1.74113, 0.164896, 1.8128, -0.19385, 1.33347, 0.146774, 1.27747, -0.188631, 1.75313, 0.1558, 1.95016, -0.167475, 1.46625, 0.172638, 1.27253, -0.187825, 0.9
1.57417,-0.0142869, 1.56012, -0.0334801, 1.85261, 0.155578, 1.79153, -0.196123, 1.33264, 0.138017, 1.38028, -0.190468, 1.93921, 0.179023, 1.8128, -0.19385, 1.33347, 0.146774, 1.47566, -0.175521, 0.7
1.63323,-0.0284185, 1.599, -0.0432295, 1.86414, 0.15619, 1.91087, -0.193615, 1.44041, 0.144831, 1.39242, -0.187612, 1.85261, 0.155578, 1.95204, -0.157321, 1.49454, 0.176819, 1.38028, -0.190468, 0.4
1.69265,-0.0176432, 1.62867, -0.0334024, 1.98008, 0.156853, 1.91812, -0.193636, 1.44618, 0.145022, 1.49886, -0.189566, 1.94855, 0.163547, 1.91087, -0.193615, 1.44041, 0.144831, 1.47634, -0.181535, 0.3
1.74672,-0.0285645, 1.76801, -0.0697681, 1.97481, 0.161601, 2.03627, -0.193116, 1.56149, 0.146777, 1.50372, -0.19021, 1.98008, 0.156853, 2.16696, -0.167522, 1.6919, 0.171135, 1.49886, -0.189566, 0.9
1.80289,-0.0178992, 1.79056, -0.0321542, 2.08696, 0.151367, 2.04023, -0.192633, 1.56021, 0.137729, 1.6105, -0.192964, 2.17247, 0.175578, 2.03627, -0.193116, 1.56149, 0.146777, 1.70207, -0.177573, 0.7
1.85975,-0.028173, 1.81573, -0.0378896, 2.09687, 0.15106, 2.15526, -0.200679, 1.67315, 0.140483, 1.61994, -0.193165, 2.08696, 0.151367, 2.1737, -0.157212, 1.69586, 0.17315, 1.6105, -0.192964, 0.3
1.92516,-0.0196512, 1.8488, -0.0218748, 2.2051, 0.151748, 2.14497, -0.204135, 1.67884, 0.14111, 1.73533, -0.188727, 2.18219, 0.153481, 2.15526, -0.200679, 1.67315, 0.140483, 1.70453, -0.192627, 0.3
1.97817,-0.0337045, 1.98125, -0.0579854, 2.20823, 0.151177, 2.26534, -0.201051, 1.79196, 0.142343, 1.73851, -0.189284, 2.2051, 0.151748, 2.3713, -0.180898, 1.90254, 0.164348, 1.73533, -0.188727, 0.8
2.03525,-0.0224159, 2.01093, -0.02562, 2.32329, 0.146252, 2.26992, -0.200577, 1.79139, 0.132481, 1.84825, -0.194761, 2.38706, 0.155386, 2.26534, -0.201051, 1.79196, 0.142343, 1.91867, -0.187209, 0.6
2.09756,-0.0353855, 2.04461, -0.0402054, 2.33069, 0.145323, 2.3761, -0.212083, 1.90878, 0.135325, 1.85494, -0.195338, 2.32329, 0.146252, 2.39761, -0.168204, 1.92076, 0.164854, 1.84825, -0.194761, 0.3
2.15447,-0.0252269, 2.06197, -0.0312585, 2.44925, 0.141505, 2.37941, -0.211724, 1.91322, 0.136019, 1.97168, -0.199368, 2.37593, 0.14069, 2.3761, -0.212083, 1.90878, 0.135325, 1.90047, -0.202419, 0.1
2.21181,-0.0360282, 2.2118, -0.064871, 2.45286, 0.140595, 2.50207, -0.202659, 2.02357, 0.138941, 1.97252, -0.190736, 2.44925, 0.141505, 2.59263, -0.194099, 2.12272, 0.153644, 1.97168, -0.199368, 0.8
2.27166,-0.0217869, 2.22157, -0.0385426, 2.56681, 0.147707, 2.50679, -0.202158, 1.99975, 0.127435, 2.08331, -0.192791, 2.5832, 0.144541, 2.50207, -0.202659, 2.02357, 0.138941, 2.10534, -0.189226, 0.4
2.32807,-0.0354657, 2.26248, -0.054587, 2.56137, 0.15339, 2.61994, -0.206661, 2.1326, 0.135314, 2.08741, -0.193558, 2.56681, 0.147707, 2.60998, -0.158218, 2.10439, 0.171375, 2.08331, -0.192791, 0.2
2.38628,-0.0212822, 2.29021, -0.0378366, 2.67871, 0.1468, 2.61755, -0.20796, 2.13718, 0.136328, 2.20725, -0.195294, 2.5964, 0.154344, 2.61994, -0.206661, 2.1326, 0.135314, 2.12157, -0.1948, 0.1
2.44531,-0.03555, 2.42071, -0.0606668, 2.68291, 0.146043, 2.73742, -0.202352, 2.25841, 0.139838, 2.20742, -0.190793, 2.67871, 0.1468, 2.78823, -0.182967, 2.30523, 0.16132, 2.20725, -0.195294, 0.6
2.50798,-0.0240143, 2.45451, -0.0372491, 2.78937, 0.155489, 2.74273, -0.201972, 2.26368, 0.140558, 2.32247, -0.194556, 2.80218, 0.15199, 2.73742, -0.202352, 2.25841, 0.139838, 2.32741, -0.186571, 0.4
2.56748,-0.0350023, 2.58615, -0.0727431, 2.79326, 0.155027, 2.86483, -0.199424, 2.38838, 0.142002, 2.32715, -0.195393, 2.78937, 0.155489, 2.99537, -0.176578, 2.51403, 0.165952, 2.32247, -0.194556, 0.9
2.62536,-0.0254568, 2.61217, -0.0379189, 2.91711, 0.143488, 2.8686, -0.198877, 2.38375, 0.132842, 2.44176, -0.198631, 2.99159, 0.168442, 2.86483, -0.199424, 2.38838, 0.142002, 2.52624, -0.183541, 0.7
2.6837,-0.0386867, 2.64899, -0.0468975, 2.92184, 0.143125, 2.97788, -0.205652, 2.49713, 0.133342, 2.4187, -0.183591, 2.91711, 0.143488, 3.0224, -0.166615, 2.53922, 0.165104, 2.44176, -0.198631, 0.4
2.74396,-0.0261201, 2.67076, -0.0318093, 3.03813, 0.146331, 2.97845, -0.213134, 2.50204, 0.133489, 2.55134, -0.193947, 3.01668, 0.14214, 2.97788, -0.205652, 2.49713, 0.133342, 2.51409, -0.186764, 0.3
2.80463,-0.0421866, 2.80306, -0.0709483, 3.03441, 0.148276, 3.0988, -0.207233, 2.62376, 0.13579, 2.55569, -0.194911, 3.03813, 0.146331, 3.20482, -0.18701, 2.72592, 0.159612, 2.55134, -0.193947, 0.8
2.86392,-0.0284395, 2.83483, -0.0411554, 3.15758, 0.139439, 3.10333, -0.206681, 2.62758, 0.130298, 2.67929, -0.202557, 3.21006, 0.15643, 3.0988, -0.207233, 2.62376, 0.13579, 2.73222, -0.188509, 0.6
2.92825,-0.0405629, 2.87568, -0.0476354, 3.16283, 0.138685, 3.21222, -0.216466, 2.7437, 0.13068, 2.68447, -0.203321, 3.15758, 0.139439, 3.22983, -0.174593, 2.75567, 0.162387, 2.67929, -0.202557, 0.3
2.98826,-0.0315167, 2.90616, -0.0352617, 3.28535, 0.134348, 3.21353, -0.216219, 2.74826, 0.131265, 2.80616, -0.20732, 3.22828, 0.137377, 3.21222, -0.216466, 2.7437, 0.13068, 2.74973, -0.2067, 0.2
3.0442,-0.0416879, 3.05848, -0.0717992, 3.28806, 0.133201, 3.33872, -0.208826, 2.86416, 0.133477, 2.80606, -0.198568, 3.28535, 0.134348, 3.45435, -0.199354, 2.98544, 0.14813, 2.80616, -0.20732, 0.9
3.1019,-0.036594, 3.08206, -0.039348, 3.40025, 0.136166, 3.3435, -0.208451, 2.86789, 0.133088, 2.92196, -0.204516, 3.46779, 0.140027, 3.33872, -0.208826, 2.86416, 0.133477, 2.98795, -0.193444, 0.6
3.16542,-0.0425921, 3.10208, -0.0572589, 3.39603, 0.139471, 3.46356, -0.210065, 2.98938, 0.131063, 2.92832, -0.204766, 3.40025, 0.136166, 3.44973, -0.171188, 2.9759, 0.170351, 2.92196, -0.204516, 0.2
3.23216,-0.0310024, 3.14523, -0.0504065, 3.51388, 0.143078, 3.45655, -0.210418, 2.98715, 0.125345, 3.05001, -0.200538, 3.447, 0.147589, 3.46356, -0.210065, 2.98938, 0.131063, 2.97755, -0.198004, 0.2
3.29279,-0.0464246, 3.28277, -0.0743887, 3.51748, 0.14219, 3.57622, -0.217357, 3.10686, 0.129247, 3.04732, -0.198307, 3.51388, 0.143078, 3.65336, -0.185561, 3.18135, 0.150202, 3.05001, -0.200538, 0.7
3.35845,-0.0297632, 3.31301, -0.0446, 3.63951, 0.146237, 3.5799, -0.216596, 3.11117, 0.130333, 3.1688, -0.204771, 3.66704, 0.147378, 3.57622, -0.217357, 3.10686, 0.129247, 3.19735, -0.19472, 0.5
3.41886,-0.0457741, 3.3496, -0.0512183, 3.64253, 0.145194, 3.70425, -0.214194, 3.23543, 0.130915, 3.17292, -0.205924, 3.63951, 0.146237, 3.65662, -0.179838, 3.18961, 0.167091, 3.1688, -0.204771, 0.1
3.48089,-0.0281075, 3.40119, -0.0484907, 3.76757, 0.142652, 3.69979, -0.213225, 3.23116, 0.127349, 3.29103, -0.208274, 3.66922, 0.14704, 3.70425, -0.214194, 3.23543, 0.130915, 3.19798, -0.205238, 0.1
3.53113,-0.0431131, 3.57149, -0.0723772, 3.76083, 0.143035, 3.82823, -0.210236, 3.348, 0.132282, 3.29472, -0.209057, 3.76757, 0.142652, 3.92296, -0.20651, 3.45049, 0.134064, 3.29103, -0.208274, 0.9
3.6057,-0.0326629, 3.63274, -0.0225816, 3.88529, 0.138525, 3.82699, -0.215344, 3.35358, 0.133034, 3.41681, -0.210144, 4.00941, 0.149195, 3.82823, -0.210236, 3.348, 0.132282, 3.54438, -0.203988, 0.9
3.66326,-0.0460446, 3.72129, -0.050459, 3.88834, 0.1376, 3.94586, -0.214418, 3.4748, 0.129787, 3.42065, -0.211038, 3.88529, 0.138525, 4.08277, -0.21323, 3.61039, 0.135148, 3.41681, -0.210144, 0.9
3.72418,-0.0345588, 3.77894, -0.0274109, 4.01589, 0.135295, 3.94873, -0.213698, 3.47765, 0.130534, 3.54165, -0.210731, 4.13345, 0.144951, 3.94586, -0.214418, 3.4748, 0.129787, 3.66695, -0.204201, 0.9
3.78328,-0.0457417, 3.84905, -0.0503071, 4.01924, 0.134321, 4.07102, -0.213066, 3.60024, 0.129004, 3.54043, -0.208018, 4.01589, 0.135295, 4.19851, -0.217517, 3.72861, 0.126716, 3.54165, -0.210731, 0.9
3.8469,-0.0347896, 3.90591, -0.0274748, 4.14353, 0.134166, 4.0742, -0.212137, 3.60315, 0.129738, 3.66113, -0.206483, 4.26309, 0.141782, 4.07102, -0.213066, 3.60024, 0.129004, 3.78579, -0.200867, 0.9
3.90825,-0.0456161, 3.97447, -0.0495659, 4.14671, 0.133233, 4.20042, -0.212847, 3.72527, 0.12836, 3.66217, -0.206038, 4.14353, 0.134166, 4.32194, -0.217998, 3.85211, 0.123877, 3.66113, -0.206483, 0.9
3.97489,-0.0347205, 4.03203, -0.0272329, 4.27041, 0.133275, 4.20054, -0.212073, 3.72817, 0.128939, 3.78912, -0.208524, 4.3905, 0.140569, 4.20042, -0.212847, 3.72527, 0.12836, 3.90762, -0.198998, 0.9
4.03258,-0.0455763, 4.10299, -0.0494732, 4.27344, 0.133167, 4.33001, -0.212201, 3.85373, 0.130128, 3.78665, -0.205016, 4.27041, 0.133275, 4.44792, -0.218235, 3.97679, 0.122777, 3.78912, -0.208524, 0.9
4.10072,-0.0346022, 4.15825, -0.0268115, 4.39663, 0.13368, 4.32711, -0.21174, 3.85383, 0.12846, 3.9091, -0.203904, 4.51727, 0.140184, 4.33001, -0.212201, 3.85373, 0.130128, 4.03224, -0.198291, 0.9
4.16028,-0.0457736, 4.2276, -0.0500033, 4.39995, 0.132768, 4.45022, -0.212879, 3.97601, 0.12718, 3.91223, -0.20464, 4.39663, 0.13368, 4.57549, -0.216825, 4.10345, 0.123375, 3.9091, -0.203904, 0.9
4.23137,-0.0347774, 4.27235, -0.0304256, 4.51747, 0.135368, 4.45326, -0.212218, 3.97914, 0.127957, 4.03676, -0.205217, 4.62227, 0.13781, 4.45022, -0.212879, 3.97601, 0.12718, 4.13671, -0.200079, 0.8
4.2906,-0.0468309, 4.31896, -0.0438395, 4.52055, 0.134619, 4.5759, -0.215406, 4.09623, 0.123571, 4.03546, -0.203411, 4.51747, 0.135368, 4.62964, -0.21237, 4.1575, 0.127805, 4.03676, -0.205217, 0.6
4.35462,-0.034465, 4.3384, -0.041693, 4.64502, 0.134203, 4.57948, -0.214411, 4.09948, 0.124351, 4.16308, -0.206733, 4.61976, 0.130225, 4.5759, -0.215406, 4.09623, 0.123571, 4.137, -0.208966, 0.3
4.41387,-0.0473649, 4.37471, -0.0396696, 4.64812, 0.133183, 4.70697, -0.21487, 4.22636, 0.125966, 4.16587, -0.207585, 4.64502, 0.134203, 4.6173, -0.210819, 4.13868, 0.127942, 4.16308, -0.206733, 0.1
4.47569,-0.0363365, 4.52154, -0.0169199, 4.77338, 0.131356, 4.71047, -0.214285, 4.22634, 0.12438, 4.29303, -0.210965, 4.82744, 0.142535, 4.70697, -0.21487, 4.22636, 0.125966, 4.34248, -0.198237, 0.8
4.53394,-0.0522626, 4.52754, -0.0366059, 4.74789, 0.132492, 4.82843, -0.219495, 4.35222, 0.122752, 4.29022, -0.207132, 4.77338, 0.131356, 4.81781, -0.210049, 4.3373, 0.128617, 4.29303, -0.210965, 0.3
4.6019,-0.0385913, 4.5666, -0.0424639, 4.8768, 0.123886, 4.81455, -0.219287, 4.35482, 0.123441, 4.41034, -0.216525, 4.8123, 0.12561, 4.82843, -0.219495, 4.35222, 0.122752, 4.35513, -0.215208, 0.2
4.65424,-0.0528235, 4.62283, -0.0367558, 4.87789, 0.122918, 4.9395, -0.218635, 4.46773, 0.124236, 4.41243, -0.217509, 4.8768, 0.123886, 4.84104, -0.224632, 4.38184, 0.118095, 4.41034, -0.216525, 0.1
4.7077,-0.0454486, 4.76552, -0.021554, 5.00012, 0.12293, 4.94705, -0.200806, 4.47069, 0.124474, 4.52721, -0.219586, 5.0362, 0.127422, 4.9395, -0.218635, 4.46773, 0.124236, 4.56877, -0.212957, 0.7
4.77008,-0.0503033, 4.77937, -0.032238, 4.99238, 0.126434, 5.0602, -0.208491, 4.58422, 0.126897, 4.52971, -0.219641, 5.00012, 0.12293, 5.03035, -0.219041, 4.55692, 0.106239, 4.52721, -0.219586, 0.3
4.82464,-0.0429786, 4.83999, -0.045351, 5.11196, 0.125536, 5.06097, -0.207563, 4.58728, 0.127379, 4.64213, -0.218089, 5.04718, 0.12294, 5.0602, -0.208491, 4.58422, 0.126897, 4.58583, -0.223246, 0.2
4.88741,-0.0505741, 4.87747, -0.0305876, 5.11444, 0.125093, 5.17603, -0.21513, 4.70068, 0.125097, 4.64524, -0.218455, 5.11196, 0.125536, 5.06196, -0.237482, 4.58956, 0.0974604, 4.64213, -0.218089, 0.1
4.94804,-0.0414681, 5.02537, -0.019827, 5.2237, 0.129582, 5.16633, -0.21658, 4.70417, 0.125612, 4.74368, -0.2101, 5.2689, 0.129204, 5.17603, -0.21513, 4.70068, 0.125097, 4.79829, -0.2136, 0.7
4.99522,-0.0537135, 5.03598, -0.0295332, 5.22286, 0.128627, 5.28146, -0.216574, 4.80734, 0.126555, 4.73898, -0.208858, 5.2237, 0.129582, 5.23868, -0.243526, 4.78009, 0.0986663, 4.74368, -0.2101, 0.3
5.05516,-0.0396736, 5.08815, -0.0457781, 5.33711, 0.127346, 5.28362, -0.215795, 4.7958, 0.121096, 4.85603, -0.212433, 5.2774, 0.121905, 5.28146, -0.216574, 4.80734, 0.126555, 4.7956, -0.215304, 0.2
5.11498,-0.0532848, 5.11598, -0.0336187, 5.3403, 0.126452, 5.38848, -0.221754, 4.91608, 0.121964, 4.85783, -0.213328, 5.33711, 0.127346, 5.28196, -0.245907, 4.79601, 0.0909844, 4.85603, -0.212433, 0.1
5.16912,-0.0396733, 5.25288, -0.0230944, 5.44225, 0.131453, 5.38058, -0.220628, 4.91868, 0.122708, 4.96449, -0.210755, 5.49449, 0.130569, 5.38848, -0.221754, 4.91608, 0.121964, 5.0107, -0.208385, 0.7
5.22118,-0.0534731, 5.25848, -0.0313656, 5.44308, 0.130499, 5.49834, -0.217374, 5.02058, 0.126077, 4.96503, -0.211032, 5.44225, 0.131453, 5.45436, -0.245642, 4.99617, 0.0976945, 4.96449, -0.210755, 0.3
5.2729,-0.0382793, 5.39192, -0.0247266, 5.55633, 0.128647, 5.50007, -0.21647, 5.01195, 0.122924, 5.07748, -0.212916, 5.64713, 0.14034, 5.49834, -0.217374, 5.02058, 0.126077, 5.16814, -0.200092, 0.9
5.33232,-0.054951, 5.42597, -0.0411377, 5.56131, 0.12746, 5.60035, -0.227347, 5.13573, 0.122639, 5.07942, -0.213617, 5.55633, 0.128647, 5.69504, -0.249093, 5.20982, 0.090301, 5.07748, -0.212916, 0.8
5.38842,-0.0395207, 5.43957, -0.0476302, 5.67247, 0.125272, 5.60098, -0.22658, 5.13812, 0.123528, 5.1908, -0.214787, 5.68952, 0.120384, 5.60035, -0.227347, 5.13573, 0.122639, 5.21173, -0.220967, 0.4
5.4414,-0.0563209, 5.47469, -0.0366303, 5.66212, 0.127131, 5.71812, -0.22061, 5.23955, 0.124863, 5.18578, -0.207261, 5.67247, 0.125272, 5.65624, -0.257006, 5.19548, 0.0931023, 5.1908, -0.214787, 0.3
5.49832,-0.0385088, 5.51858, -0.0507906, 5.78024, 0.127647, 5.72095, -0.219449, 5.23225, 0.119478, 5.2969, -0.211213, 5.69551, 0.118039, 5.71812, -0.22061, 5.23955, 0.124863, 5.2217, -0.216684, 0.1
5.55076,-0.0538261, 5.6508, -0.0574553, 5.78198, 0.126719, 5.82258, -0.224614, 5.3531, 0.121976, 5.29853, -0.212134, 5.78024, 0.127647, 5.89324, -0.264862, 5.40237, 0.074065, 5.2969, -0.211213, 0.9
5.60379,-0.0372445, 5.65032, -0.0452705, 5.88888, 0.123816, 5.81717, -0.222972, 5.36354, 0.123642, 5.40552, -0.214036, 5.89576, 0.11411, 5.82258, -0.224614, 5.3531, 0.121976, 5.41808, -0.225276, 0.3
5.65163,-0.0509053, 5.71588, -0.0295247, 5.89027, 0.12301, 5.93533, -0.218006, 5.46843, 0.127785, 5.40293, -0.207417, 5.88888, 0.123816, 5.90353, -0.269022, 5.45024, 0.0775922, 5.40552, -0.214036, 0.5
5.71902,-0.0404147, 5.81894, -0.0195393, 5.98744, 0.128322, 5.93976, -0.217168, 5.46939, 0.127495, 5.51943, -0.212912, 6.08951, 0.122684, 5.93533, -0.218006, 5.46843, 0.127785, 5.60371, -0.207014, 0.8
5.76731,-0.053172, 5.85414, -0.0345064, 5.98926, 0.127803, 6.05117, -0.221757, 5.57564, 0.123069, 5.52141, -0.213683, 5.98744, 0.128322, 6.10628, -0.252258, 5.63824, 0.092406, 5.51943, -0.212912, 0.7
5.82446,-0.0407208, 5.87888, -0.0351057, 6.10115, 0.123618, 6.04022, -0.221707, 5.5727, 0.120825, 5.61975, -0.21588, 6.11672, 0.116113, 6.05117, -0.221757, 5.57564, 0.123069, 5.65296, -0.225731, 0.4
5.87451,-0.0556444, 5.90801, -0.021829, 6.1031, 0.122749, 6.153, -0.221767, 5.67852, 0.118971, 5.62013, -0.216761, 6.10115, 0.123618, 6.09016, -0.261838, 5.62441, 0.080694, 5.61975, -0.21588, 0.3
5.93347,-0.0439829, 6.04058, -0.0102924, 6.21261, 0.12407, 6.15565, -0.221131, 5.68003, 0.119457, 5.73219, -0.218261, 6.31802, 0.122547, 6.153, -0.221767, 5.67852, 0.118971, 5.83512, -0.21652, 0.9
5.98931,-0.0590132, 6.0675, -0.0343125, 6.19892, 0.125521, 6.25356, -0.229224, 5.78058, 0.115448, 5.73488, -0.219011, 6.21261, 0.12407, 6.32837, -0.254931, 5.85567, 0.0856574, 5.73219, -0.218261, 0.7
6.0379,-0.0451147, 6.07102, -0.0448779, 6.31149, 0.120195, 6.25449, -0.228346, 5.78095, 0.113829, 5.83612, -0.223238, 6.2855, 0.108217, 6.25356, -0.229224, 5.78058, 0.115448, 5.82638, -0.237264, 0.2
6.08896,-0.0617469, 6.11677, -0.0300483, 6.31334, 0.119305, 6.36606, -0.227836, 5.88917, 0.114036, 5.83072, -0.219321, 6.31149, 0.120195, 6.29396, -0.270202, 5.82117, 0.0719733, 5.83612, -0.223238, 0.3
6.1428,-0.0483188, 6.25262, -0.0148038, 6.40752, 0.122358, 6.36921, -0.227038, 5.89098, 0.11486, 5.9432, -0.222185, 6.52984, 0.118024, 6.36606, -0.227836, 5.88917, 0.114036, 6.04733, -0.220373, 0.9
6.19968,-0.0644689, 6.26558, -0.035625, 6.40929, 0.121246, 6.4584, -0.235432, 5.99092, 0.108334, 5.94583, -0.223156, 6.40752, 0.122358, 6.51917, -0.259393, 6.04437, 0.0825048, 5.9432, -0.222185, 0.6
6.24438,-0.0488547, 6.2799, -0.0479134, 6.52147, 0.116137, 6.45934, -0.234495, 5.99144, 0.108871, 6.04835, -0.22752, 6.49086, 0.104179, 6.4584, -0.235432, 5.99092, 0.108334, 6.03165, -0.241049, 0.2
6.29764,-0.0660228, 6.33588, -0.0367836, 6.52354, 0.115355, 6.57117, -0.231943, 6.09699, 0.109348, 6.04135, -0.224195, 6.52147, 0.116137, 6.521, -0.27838, 6.05337, 0.0649857, 6.04835, -0.22752, 0.4
6.35362,-0.0517511, 6.44904, -0.0247132, 6.62696, 0.117634, 6.5742, -0.23108, 6.09862, 0.110234, 6.15187, -0.22642, 6.72332, 0.111902, 6.57117, -0.231943, 6.09699, 0.109348, 6.24218, -0.227589, 0.8
6.40402,-0.0683845, 6.47367, -0.0417788, 6.61458, 0.118503, 6.67992, -0.23559, 6.20251, 0.107547, 6.15409, -0.227401, 6.62696, 0.117634, 6.71975, -0.263414, 6.24698, 0.0778997, 6.15187, -0.22642, 0.6
6.45575,-0.0530807, 6.5096, -0.0451938, 6.72689, 0.112899, 6.67061, -0.237854, 6.19849, 0.105342, 6.24396, -0.223195, 6.73936, 0.105472, 6.67992, -0.23559, 6.20251, 0.107547, 6.28233, -0.241022, 0.4
6.50437,-0.0712359, 6.54833, -0.0374753, 6.72887, 0.111897, 6.78039, -0.23681, 6.30334, 0.105095, 6.24221, -0.221901, 6.72689, 0.112899, 6.74394, -0.278503, 6.27335, 0.0646924, 6.24396, -0.223195, 0.4
6.55924,-0.0551322, 6.65688, -0.0270169, 6.82174, 0.11547, 6.78352, -0.235692, 6.3049, 0.106061, 6.35429, -0.227189, 6.93098, 0.106212, 6.78039, -0.23681, 6.30334, 0.105095, 6.44567, -0.227769, 0.8
6.61053,-0.0724633, 6.67991, -0.0451494, 6.82406, 0.114326, 6.87984, -0.241946, 6.40675, 0.103233, 6.35647, -0.228324, 6.82174, 0.11547, 6.92842, -0.268508, 6.45267, 0.0732449, 6.35429, -0.227189, 0.6
6.65764,-0.0558854, 6.70293, -0.0522669, 6.93361, 0.109004, 6.87021, -0.242984, 6.40589, 0.0973833, 6.45934, -0.233521, 6.92759, 0.09893, 6.87984, -0.241946, 6.40675, 0.103233, 6.46391, -0.244363, 0.3
6.70863,-0.0753961, 6.7385, -0.0407732, 6.93567, 0.108157, 6.98147, -0.23987, 6.50974, 0.100591, 6.44855, -0.218623, 6.93361, 0.109004, 6.91614, -0.282439, 6.45306, 0.0579288, 6.45934, -0.233521, 0.3
6.76346,-0.0563451, 6.87281, -0.024502, 7.03886, 0.111595, 6.98448, -0.238855, 6.51118, 0.1017, 6.55975, -0.227041, 7.15481, 0.104112, 6.98147, -0.23987, 6.50974, 0.100591, 6.66817, -0.222719, 0.9
6.81645,-0.0742903, 6.91025, -0.0512329, 7.03229, 0.112868, 7.09006, -0.241269, 6.61373, 0.101748, 6.56201, -0.227934, 7.03886, 0.111595, 7.17981, -0.273694, 6.7091, 0.066862, 6.55975, -0.227041, 0.8
6.86697,-0.0569161, 6.92255, -0.0541422, 7.13908, 0.107816, 7.07924, -0.243774, 6.61422, 0.101318, 6.65882, -0.231475, 7.1685, 0.0981161, 7.09006, -0.241269, 6.61373, 0.101748, 6.70301, -0.243358, 0.4
6.91501,-0.0760437, 6.96121, -0.0419879, 7.14073, 0.106692, 7.18889, -0.241517, 6.71503, 0.100956, 6.65128, -0.221086, 7.13908, 0.107816, 7.15214, -0.284656, 6.6885, 0.0604356, 6.65882, -0.231475, 0.4
6.96918,-0.0592147, 6.98534, -0.0545178, 7.2461, 0.107519, 7.19204, -0.24076, 6.71663, 0.101986, 6.76278, -0.229054, 7.19213, 0.0858796, 7.18889, -0.241517, 6.71503, 0.100956, 6.70691, -0.243123, 0.1
7.02413,-0.0740244, 7.11457, -0.0711781, 7.24931, 0.106606, 7.29972, -0.240312, 6.82125, 0.101973, 6.76497, -0.229844, 7.2461, 0.107519, 7.36457, -0.287403, 6.88666, 0.0553419, 6.76278, -0.229054, 0.9
7.07602,-0.0606648, 7.12914, -0.062065, 7.35535, 0.105596, 7.3032, -0.239665, 6.82312, 0.100897, 6.86206, -0.229143, 7.38681, 0.0956874, 7.29972, -0.240312, 6.82125, 0.101973, 6.90764, -0.241336, 0.4
7.12769,-0.0769837, 7.16424, -0.0522502, 7.35893, 0.104537, 7.41032, -0.244009, 6.93055, 0.0976499, 6.85796, -0.226348, 7.35535, 0.105596, 7.38245, -0.27243, 6.90363, 0.068132, 6.86206, -0.229143, 0.4
7.18245,-0.0629306, 7.18248, -0.0610707, 7.46475, 0.104733, 7.41389, -0.243086, 6.93189, 0.0984289, 6.97719, -0.232949, 7.40932, 0.0873826, 7.41032, -0.244009, 6.93055, 0.0976499, 6.91194, -0.244691, 0.1
7.24102,-0.0781376, 7.31597, -0.0811414, 7.46802, 0.103808, 7.52125, -0.244804, 7.04016, 0.0972897, 6.97921, -0.233782, 7.46475, 0.104733, 7.5977, -0.27792, 7.11287, 0.0635958, 6.97719, -0.232949, 0.9
7.29269,-0.0634774, 7.38446, -0.0534562, 7.57523, 0.10306, 7.52501, -0.244044, 7.03215, 0.0932063, 7.08821, -0.235265, 7.71346, 0.106552, 7.52125, -0.244804, 7.04016, 0.0972897, 7.22726, -0.231446, 0.9
7.34882,-0.0815308, 7.43367, -0.0704993, 7.57892, 0.101967, 7.6318, -0.24951, 7.14524, 0.0897223, 7.07755, -0.228821, 7.57523, 0.10306, 7.75856, -0.263788, 7.26756, 0.0734627, 7.08821, -0.235265, 0.9
7.40424,-0.06589, 7.47834, -0.0511751, 7.68555, 0.103351, 7.63467, -0.248506, 7.14607, 0.0905999, 7.19732, -0.234488, 7.83034, 0.101079, 7.6318, -0.24951, 7.14524, 0.0897223, 7.33186, -0.230768, 0.9
7.4645,-0.0832232, 7.5335, -0.0788492, 7.68926, 0.102216, 7.74326, -0.250411, 7.25617, 0.0881739, 7.19883, -0.234772, 7.68555, 0.103351, 7.87866, -0.257443, 7.39165, 0.0816625, 7.19732, -0.234488, 0.9
7.51891,-0.0668885, 7.58354, -0.0607453, 7.79919, 0.102118, 7.74656, -0.249406, 7.25798, 0.0887057, 7.31531, -0.238716, 7.93636, 0.10692, 7.74326, -0.250411, 7.25617, 0.0881739, 7.44797, -0.230995, 0.9
