0.0198865,0.0304422, 0.0915677, -0.0319315, 0.2092, 0.172496, 0.374428, -0.152419, -0.103499, 0.191059, -0.265503, -0.170793, 0.206766, 0.170613, 0.42313, -0.195584, -0.0567171, 0.14918, -0.26887, -0.172569, 1
0.137089,0.0235952, 0.160001, 0.0315967, 0.462788, 0.193257, 0.376987, -0.150009, -0.0982351, 0.191456, -0.0141578, -0.151613, 0.476625, 0.189294, 0.374428, -0.152419, -0.103499, 0.191059, 0.00241463, -0.153093, 1
0.299731,-0.0105439, 0.284049, 0.010582, 0.463776, 0.185696, 0.645344, -0.17265, 0.166565, 0.170118, -0.00658583, -0.153788, 0.462788, 0.193257, 0.650382, -0.160363, 0.176752, 0.181102, -0.0141578, -0.151613, 1
0.44249,0.0126267, 0.42454, 0.01327, 0.759574, 0.180166, 0.651999, -0.170932, 0.172448, 0.171597, 0.287836, -0.165871, 0.751859, 0.18571, 0.645344, -0.17265, 0.166565, 0.170118, 0.282921, -0.154671, 1
0.588232,-0.0167188, 0.560194, -0.00295873, 0.767837, 0.177972, 0.924679, -0.178771, 0.44193, 0.16377, 0.29466, -0.167694, 0.759574, 0.180166, 0.89051, -0.168198, 0.413686, 0.174331, 0.287836, -0.165871, 0.8
0.689626,0.00303722, 0.634411, -0.0127801, 1.03314, 0.170923, 0.930558, -0.177529, 0.446832, 0.164843, 0.57908, -0.172877, 0.88981, 0.166102, 0.924679, -0.178771, 0.44193, 0.16377, 0.419824, -0.181039, 0.3
0.830084,-0.0144146, 0.810405, -0.0172747, 1.04302, 0.170249, 1.1828, -0.177498, 0.713946, 0.162952, 0.586491, -0.173913, 1.03314, 0.170923, 1.11771, -0.196654, 0.633288, 0.145717, 0.57908, -0.172877, 0.8
0.965236,-0.000200881, 0.972651, 0.00212988, 1.323, 0.162955, 1.18481, -0.176885, 0.71283, 0.156751, 0.85564, -0.177896, 1.3063, 0.180346, 1.1828, -0.177498, 0.713946, 0.162952, 0.849411, -0.163267, 1
1.09051,-0.015906, 1.01234, -0.00557405, 1.3327, 0.162172, 1.39842, -0.181641, 0.986554, 0.156851, 0.848333, -0.169149, 1.323, 0.162955, 1.29469, -0.158354, 0.828158, 0.175281, 0.85564, -0.177896, 0.2
1.22262,0.00778739, 1.20312, 0.00505078, 1.59554, 0.164729, 1.38422, -0.179688, 0.946281, 0.147943, 1.1092, -0.169277, 1.53936, 0.176192, 1.39842, -0.181641, 0.986554, 0.156851, 1.05129, -0.153401, 0.9
1.33408,-0.000539183, 1.24632, -0.0206272, 1.60162, 0.168732, 1.66588, -0.16541, 1.20581, 0.171909, 1.11351, -0.161668, 1.59554, 0.164729, 1.54676, -0.131134, 1.11248, 0.196497, 1.1092, -0.169277, 0.3
1.45774,-0.0036354, 1.411, 0.0188507, 1.81719, 0.168747, 1.67766, -0.165778, 1.21576, 0.171783, 1.36572, -0.169721, 1.7717, 0.176996, 1.66588, -0.16541, 1.20581, 0.171909, 1.28221, -0.153623, 0.7
1.57867,0.00422429, 1.56498, -0.0331682, 1.79854, 0.168894, 1.95014, -0.162504, 1.47701, 0.178632, 1.37347, -0.16939, 1.81719, 0.168747, 1.96591, -0.15252, 1.50354, 0.185041, 1.36572, -0.169721, 1
1.7001,-0.00799435, 1.62183, -0.0111221, 2.04375, 0.166206, 1.93841, -0.16086, 1.47927, 0.177582, 1.60042, -0.172448, 1.95961, 0.177359, 1.95014, -0.162504, 1.47701, 0.178632, 1.53626, -0.162362, 0.5
1.81726,0.0149817, 1.77677, -0.0375601, 2.05228, 0.167546, 2.19253, -0.158904, 1.72224, 0.184062, 1.60148, -0.171021, 2.04375, 0.166206, 2.17025, -0.144631, 1.7099, 0.193811, 1.60042, -0.172448, 0.8
1.927,-0.0246209, 1.84279, -0.0105901, 2.30395, 0.156579, 2.19328, -0.157075, 1.72568, 0.182485, 1.81897, -0.17997, 2.17377, 0.182198, 2.19253, -0.158904, 1.72224, 0.184062, 1.72355, -0.156814, 0.4
2.05547,-0.00556362, 1.9748, -0.0492268, 2.30764, 0.150602, 2.42895, -0.183084, 1.95432, 0.157815, 1.78276, -0.17783, 2.30395, 0.156579, 2.3742, -0.13814, 1.90464, 0.20142, 1.81897, -0.17997, 0.6
2.17695,-0.0206433, 2.12922, -0.00672542, 2.56503, 0.151755, 2.42367, -0.175893, 1.96776, 0.157931, 2.055, -0.186688, 2.53196, 0.17301, 2.42895, -0.183084, 1.95432, 0.157815, 2.0054, -0.154707, 0.9
2.30736,-0.00206935, 2.20293, -0.0349207, 2.57025, 0.151595, 2.66093, -0.177371, 2.2158, 0.163042, 2.06455, -0.185744, 2.56503, 0.151755, 2.57051, -0.140973, 2.11752, 0.19285, 2.055, -0.186688, 0.3
2.42915,-0.0300866, 2.40563, 0.0104716, 2.81932, 0.142959, 2.66961, -0.17925, 2.22354, 0.163402, 2.32085, -0.198493, 2.79882, 0.175686, 2.66093, -0.177371, 2.2158, 0.163042, 2.2893, -0.160473, 1
2.54417,0.00421856, 2.44123, -0.0210213, 2.8228, 0.143608, 2.91697, -0.178266, 2.44509, 0.161963, 2.32867, -0.197276, 2.81932, 0.142959, 2.79434, -0.152659, 2.35212, 0.189994, 2.32085, -0.198493, 0.2
2.68547,-0.0119891, 2.62404, 0.0241725, 3.05987, 0.160532, 2.93842, -0.172565, 2.40744, 0.160532, 2.58885, -0.178808, 3.00864, 0.157451, 2.91697, -0.178266, 2.44509, 0.161963, 2.51193, -0.183538, 0.8
2.80436,0.000804474, 2.76343, -0.038004, 3.05996, 0.156972, 3.1953, -0.173727, 2.68991, 0.165165, 2.59089, -0.180152, 3.05987, 0.160532, 3.21963, -0.147745, 2.69003, 0.185352, 2.58885, -0.178808, 0.9
2.93187,-0.02631, 2.8466, -0.000511623, 3.28606, 0.154522, 3.20177, -0.1693, 2.70021, 0.163806, 2.8428, -0.191008, 3.22213, 0.15888, 3.1953, -0.173727, 2.68991, 0.165165, 2.75582, -0.180343, 0.5
3.05429,0.00593281, 3.03301, -0.0490613, 3.29399, 0.156292, 3.44782, -0.17325, 2.95824, 0.164507, 2.85083, -0.18972, 3.28606, 0.154522, 3.47135, -0.166533, 2.96834, 0.166572, 2.8428, -0.191008, 1
3.16807,-0.0300981, 3.09313, -0.0214818, 3.54943, 0.155915, 3.44034, -0.170584, 2.96243, 0.167357, 3.07172, -0.185694, 3.42592, 0.168721, 3.44782, -0.17325, 2.95824, 0.164507, 2.98483, -0.178039, 0.4
3.29809,-0.00111586, 3.25204, -0.06154, 3.55311, 0.131745, 3.69677, -0.184266, 3.21831, 0.158079, 3.08055, -0.184279, 3.54943, 0.155915, 3.66204, -0.160263, 3.18258, 0.177677, 3.07172, -0.185694, 0.8
3.43247,-0.0148745, 3.32187, -0.0319624, 3.81762, 0.157779, 3.64219, -0.0661447, 3.22065, 0.158944, 3.34369, -0.174783, 3.65113, 0.145146, 3.69677, -0.184266, 3.21831, 0.158079, 3.17983, -0.17183, 0.3
3.56684,0.00237819, 3.52555, -0.0287058, 3.73017, 0.141109, 3.93867, -0.13532, 3.48197, 0.154549, 3.35376, -0.176479, 3.81762, 0.157779, 3.90685, -0.0679765, 3.48009, 0.157112, 3.34369, -0.174783, 1
3.70393,0.00449708, 3.67851, 0.0135352, 4.058, 0.16639, 3.92818, -0.117708, 3.48905, 0.154777, 3.6184, -0.16992, 4.00624, 0.153435, 3.93867, -0.13532, 3.48197, 0.154549, 3.63031, -0.165261, 1
3.85969,-0.003068, 3.83403, -0.000643502, 4.05079, 0.159002, 4.22154, -0.157082, 3.75782, 0.156541, 3.62281, -0.170404, 4.058, 0.16639, 4.21436, -0.122329, 3.77583, 0.150157, 3.6184, -0.16992, 1
4.02637,0.0081465, 3.99494, 0.0146632, 4.36749, 0.17275, 4.22165, -0.157146, 3.7548, 0.157508, 3.90833, -0.168326, 4.32847, 0.165788, 4.22154, -0.157082, 3.75782, 0.156541, 3.90188, -0.164273, 1
4.17379,-0.0107951, 4.1642, -0.0132892, 4.37496, 0.171035, 4.53264, -0.173424, 4.06431, 0.163597, 3.91524, -0.169488, 4.36749, 0.17275, 4.51185, -0.154097, 4.04672, 0.160558, 3.90833, -0.168326, 1
4.32659,0.00628089, 4.29182, 0.00326515, 4.68735, 0.175252, 4.5389, -0.171949, 4.07006, 0.164718, 4.22326, -0.173369, 4.61276, 0.170066, 4.53264, -0.173424, 4.06431, 0.163597, 4.15534, -0.170945, 0.8
4.46979,-0.0134998, 4.4697, -0.0166841, 4.69338, 0.173551, 4.85238, -0.179734, 4.38133, 0.166944, 4.22849, -0.174533, 4.68735, 0.175252, 4.81187, -0.177333, 4.34384, 0.159334, 4.22326, -0.173369, 1
4.64564,0.0129011, 4.54458, -0.0130817, 4.98422, 0.182335, 4.82542, -0.168753, 4.38765, 0.168611, 4.54143, -0.171863, 4.82331, 0.15962, 4.85238, -0.179734, 4.38133, 0.166944, 4.36299, -0.189135, 0.3
4.79464,0.04268, 4.76663, -0.0211581, 5.27913, -0.138025, 5.21779, -0.228765, 4.63772, 0.092492, 4.54886, -0.156038, 4.98422, 0.182335, 5.05025, -0.174419, 4.61062, 0.162945, 4.54143, -0.171863, 0.9
5.24294,0.474131, 4.86131, 0.0290449, 5.47541, 0.0824015, 4.84942, 0.110095, 5.18466, 0.322848, 5.016, 0.476552, 5.27913, -0.138025, 5.21702, -0.321852, 4.64994, -0.000594863, 4.54886, -0.156038, 0.2
5.27384,0.520373, 5.27528, 0.479252, 5.41789, 0.682386, 4.77032, 0.331773, 5.21814, 0.318912, 5.72374, 0.879461, 5.66497, 0.0197354, 4.84942, 0.110095, 5.18466, 0.322848, 5.2009, 0.417428, 0.3
5.33482,0.665948, 5.31561, 0.49607, 4.85549, 0.608351, 5.44871, 0.704398, 5.63874, 0.516201, 5.12391, 0.830401, 5.66822, 0.613192, 4.77032, 0.331773, 5.21814, 0.318912, 5.9707, 0.806482, 0.5
5.5652,1.06692, 5.28335, 0.637655, 5.61929, 0.929814, 5.4139, 1.12236, 5.82265, 1.21578, 5.46602, 1.19373, 5.21394, 0.500626, 5.36397, 0.70262, 5.77183, 0.614037, 6.0201, 0.830817, 1
5.61145,1.1074, 5.51686, 1.00488, 5.843, 1.18048, 5.35831, 1.13409, 5.80324, 1.65134, 6.06528, 1.65378, 6.01546, 0.867277, 5.4139, 1.12236, 5.82265, 1.21578, 5.86105, 1.12751, 1
