0.0142995,0.0269619, 0.0766503, -0.0198251, 0.213755, 0.172037, 0.35606, -0.154635, -0.122631, 0.186043, -0.258128, -0.170502, 0.212178, 0.170643, 0.400854, -0.183873, -0.0776122, 0.157488, -0.260572, -0.171843, 0.9
0.125057,0.0241544, 0.121989, 0.0370973, 0.424672, 0.187402, 0.346298, -0.137655, -0.113356, 0.188507, -0.0503339, -0.157641, 0.42695, 0.200069, 0.35606, -0.154635, -0.122631, 0.186043, -0.0477931, -0.143338, 0.9
0.250032,-0.00625469, 0.227744, 0.0326623, 0.414345, 0.175178, 0.549683, -0.162811, 0.0784285, 0.172896, -0.0450694, -0.15928, 0.424672, 0.187402, 0.546191, -0.123696, 0.0760092, 0.202466, -0.0503339, -0.157641, 0.9
0.34174,0.0142844, 0.332122, 0.0178851, 0.633166, 0.180982, 0.554437, -0.161913, 0.0822564, 0.172987, 0.162594, -0.159146, 0.6279, 0.190128, 0.549683, -0.162811, 0.0784285, 0.172896, 0.158109, -0.14892, 0.9
0.437845,0.0134238, 0.449186, 0.0146254, 0.639307, 0.183991, 0.749732, -0.159475, 0.27204, 0.178434, 0.170013, -0.157252, 0.633166, 0.180982, 0.75624, -0.151684, 0.280387, 0.183215, 0.162594, -0.159146, 0.9
0.557839,0.031895, 0.54021, 0.0411057, 0.852383, 0.197664, 0.754427, -0.158094, 0.278141, 0.179546, 0.370437, -0.141634, 0.846258, 0.209175, 0.749732, -0.159475, 0.27204, 0.178434, 0.372271, -0.13421, 0.9
0.648287,0.00368763, 0.642597, 0.0223851, 0.857386, 0.195976, 0.942644, -0.166905, 0.464572, 0.174527, 0.374579, -0.143108, 0.852383, 0.197664, 0.940401, -0.148717, 0.46207, 0.188923, 0.370437, -0.141634, 0.8
0.735045,0.00983303, 0.751152, 0.0396893, 1.04668, 0.186688, 0.946481, -0.16682, 0.464501, 0.171855, 0.573375, -0.151868, 1.05936, 0.210678, 0.942644, -0.166905, 0.464572, 0.174527, 0.577218, -0.13008, 0.9
0.849233,-0.00955568, 0.84404, 0.0113746, 1.05517, 0.185815, 1.15352, -0.173928, 0.679245, 0.165883, 0.577177, -0.150324, 1.04668, 0.186688, 1.15011, -0.158414, 0.670032, 0.180261, 0.573375, -0.151868, 0.9
0.922094,0.00778831, 0.904715, 0.00808575, 1.17968, 0.184752, 1.15885, -0.173416, 0.672057, 0.171019, 0.703304, -0.156311, 1.17725, 0.193936, 1.15352, -0.173928, 0.679245, 0.165883, 0.699178, -0.14442, 0.5
1.02386,-0.0228684, 1.02219, -0.0259589, 1.17966, 0.183268, 1.34338, -0.186455, 0.86712, 0.152286, 0.708445, -0.157507, 1.17968, 0.184752, 1.35691, -0.185464, 0.875257, 0.158972, 0.703304, -0.156311, 0.9
1.11752,-0.00127698, 1.08759, 0.00183836, 1.41048, 0.173532, 1.34996, -0.185418, 0.857843, 0.159034, 0.933426, -0.167322, 1.4039, 0.183285, 1.34338, -0.186455, 0.86712, 0.152286, 0.92826, -0.157219, 0.9
1.23796,-0.0314537, 1.21564, -0.0307838, 1.41945, 0.172079, 1.54878, -0.196554, 1.06356, 0.146749, 0.934627, -0.163142, 1.41048, 0.173532, 1.55777, -0.200929, 1.07291, 0.143522, 0.933426, -0.167322, 0.9
1.33692,-0.00215309, 1.29175, -0.00203099, 1.63867, 0.174848, 1.557, -0.195168, 1.06964, 0.148283, 1.15753, -0.166481, 1.6342, 0.165356, 1.54878, -0.196554, 1.06356, 0.146749, 1.15303, -0.171343, 0.9
1.45941,-0.0360338, 1.42601, -0.0378116, 1.64678, 0.173992, 1.76349, -0.203303, 1.28151, 0.139314, 1.1652, -0.168353, 1.63867, 0.174848, 1.77643, -0.205543, 1.29436, 0.137908, 1.15753, -0.166481, 0.9
1.5608,-0.00373515, 1.50934, -0.000562478, 1.86433, 0.174243, 1.77207, -0.201356, 1.28863, 0.141429, 1.38434, -0.16951, 1.86093, 0.173561, 1.76349, -0.203303, 1.28151, 0.139314, 1.38092, -0.166142, 0.9
1.67323,-0.0352429, 1.645, -0.0439056, 1.87199, 0.173, 1.978, -0.205561, 1.49705, 0.137466, 1.38367, -0.172715, 1.86433, 0.174243, 1.99654, -0.208793, 1.51633, 0.133992, 1.38434, -0.16951, 0.9
1.7856,-0.00436742, 1.72229, 0.00274605, 2.08658, 0.172684, 1.99026, -0.205852, 1.50761, 0.135153, 1.60365, -0.171956, 2.08367, 0.173679, 1.978, -0.205561, 1.49705, 0.137466, 1.60036, -0.166748, 0.9
1.82532,-0.0166266, 1.80171, -0.0357497, 2.08973, 0.172033, 2.07358, -0.196336, 1.59328, 0.145327, 1.60324, -0.173731, 2.08658, 0.172684, 2.08693, -0.206345, 1.60728, 0.13466, 1.60365, -0.171956, 0.3
1.93591,0.0163063, 1.91883, -0.0634584, 2.26595, 0.183172, 2.07114, -0.196356, 1.59348, 0.141256, 1.78399, -0.161138, 2.08973, 0.172033, 2.28877, -0.215994, 1.80982, 0.12567, 1.60324, -0.173731, 0.9
2.01258,0.00870648, 1.98846, -0.00861174, 2.27131, 0.182561, 2.29981, -0.172247, 1.82373, 0.163207, 1.78947, -0.161238, 2.26595, 0.183172, 2.31749, -0.179279, 1.8407, 0.158332, 1.78399, -0.161138, 0.9
2.12806,0.020579, 2.08394, 0.0618235, 2.45565, 0.188367, 2.30074, -0.172771, 1.83285, 0.1636, 1.97559, -0.154583, 2.45961, 0.220174, 2.29981, -0.172247, 1.82373, 0.163207, 1.97869, -0.119728, 0.9
2.23801,-0.00564854, 2.19491, 0.00445492, 2.46287, 0.186888, 2.53007, -0.175395, 2.05606, 0.163382, 1.98205, -0.155915, 2.45565, 0.188367, 2.53873, -0.162043, 2.06639, 0.174327, 1.97559, -0.154583, 0.9
2.30159,0.00910075, 2.2448, 0.0169528, 2.5617, 0.183491, 2.53372, -0.175382, 2.05681, 0.165717, 2.0816, -0.158353, 2.55813, 0.185558, 2.53007, -0.175395, 2.05606, 0.163382, 2.07732, -0.151456, 0.4
2.40644,-0.0264498, 2.38921, -0.0380078, 2.55801, 0.185656, 2.72413, -0.190331, 2.24622, 0.151883, 2.07878, -0.150284, 2.5617, 0.183491, 2.74921, -0.193728, 2.27345, 0.147371, 2.0816, -0.158353, 0.9
2.49698,-0.00480815, 2.43954, 0.000461904, 2.77536, 0.183331, 2.73068, -0.189103, 2.25217, 0.152871, 2.30316, -0.160339, 2.78409, 0.178468, 2.72413, -0.190331, 2.24622, 0.151883, 2.30579, -0.157732, 0.9
2.6118,-0.0338345, 2.59792, -0.0450464, 2.78245, 0.182551, 2.93076, -0.200572, 2.45123, 0.142063, 2.31019, -0.161193, 2.77536, 0.183331, 2.95313, -0.204135, 2.47575, 0.137839, 2.30316, -0.160339, 0.9
2.71186,-0.00659855, 2.65541, -0.00161547, 3.00919, 0.178771, 2.93782, -0.199118, 2.45687, 0.142077, 2.5325, -0.169199, 3.00628, 0.180724, 2.93076, -0.200572, 2.45123, 0.142063, 2.53145, -0.160179, 0.9
2.83556,-0.0395722, 2.80799, -0.0476917, 3.0118, 0.182185, 3.13731, -0.203272, 2.65707, 0.138003, 2.53939, -0.169858, 3.00919, 0.178771, 3.16338, -0.208383, 2.68441, 0.132813, 2.5325, -0.169199, 0.9
2.94401,-0.004661, 2.88292, -0.00236113, 3.2369, 0.175504, 3.15299, -0.206078, 2.67156, 0.133807, 2.75923, -0.17397, 3.23255, 0.181433, 3.13731, -0.203272, 2.65707, 0.138003, 2.75734, -0.162846, 0.9
3.05606,-0.0416565, 3.03383, -0.050443, 3.24247, 0.179456, 3.36357, -0.212437, 2.88319, 0.128557, 2.75875, -0.179348, 3.2369, 0.175504, 3.38177, -0.213126, 2.90215, 0.126759, 2.75923, -0.17397, 0.9
3.16246,-0.00893972, 3.10105, -0.00220672, 3.46289, 0.167874, 3.37145, -0.211154, 2.89004, 0.129981, 2.97981, -0.179335, 3.45893, 0.176311, 3.36357, -0.212437, 2.88319, 0.128557, 2.97777, -0.170006, 0.9
3.20372,-0.02012, 3.17948, -0.0422023, 3.46916, 0.171196, 3.4545, -0.200917, 2.97456, 0.14052, 2.97298, -0.187141, 3.46289, 0.167874, 3.4686, -0.211254, 2.98885, 0.129881, 2.97981, -0.179335, 0.3
3.31943,0.0132554, 3.29999, -0.0724673, 3.64376, 0.17893, 3.44861, -0.200518, 2.97875, 0.13829, 3.15892, -0.169876, 3.46916, 0.171196, 3.66854, -0.224161, 3.18742, 0.117277, 2.97298, -0.187141, 0.9
3.39345,-0.00183215, 3.37465, -0.0104372, 3.64955, 0.177823, 3.67592, -0.182143, 3.20731, 0.154523, 3.16415, -0.170738, 3.64376, 0.17893, 3.69716, -0.183573, 3.22371, 0.155235, 3.15892, -0.169876, 0.9
3.50969,0.0146059, 3.46274, 0.0514966, 3.82958, 0.180838, 3.68238, -0.181607, 3.21476, 0.155155, 3.34763, -0.164133, 3.83829, 0.211349, 3.67592, -0.182143, 3.20731, 0.154523, 3.35585, -0.13062, 0.9
3.62497,-0.0110387, 3.57894, -0.00360987, 3.84529, 0.183033, 3.91653, -0.180392, 3.43894, 0.157033, 3.36162, -0.160892, 3.82958, 0.180838, 3.9208, -0.17139, 3.44849, 0.165372, 3.34763, -0.164133, 0.9
3.67989,0.00338458, 3.62804, 0.0104328, 3.94467, 0.179473, 3.92114, -0.179747, 3.44125, 0.159623, 3.4637, -0.16327, 3.94093, 0.179887, 3.91653, -0.180392, 3.43894, 0.157033, 3.45941, -0.158603, 0.4
3.79368,-0.0346127, 3.76966, -0.0419241, 3.93982, 0.181213, 4.1138, -0.199006, 3.63248, 0.144074, 3.46329, -0.157706, 3.94467, 0.179473, 4.13462, -0.197193, 3.65705, 0.142177, 3.4637, -0.16327, 0.9
3.87965,-0.0215721, 3.8271, 0.00108414, 4.14531, 0.157759, 4.10309, -0.204949, 3.63891, 0.140957, 3.69058, -0.175648, 4.16374, 0.185108, 4.1138, -0.199006, 3.63248, 0.144074, 3.68812, -0.15518, 0.9
3.99583,-0.0557869, 3.97745, -0.0493982, 4.13654, 0.150219, 4.26528, -0.211452, 3.82852, 0.123336, 3.69838, -0.178002, 4.14531, 0.157759, 4.32887, -0.208847, 3.86047, 0.137059, 3.69058, -0.175648, 0.9
4.07345,-0.0433073, 4.04756, -0.0084351, 4.36724, 0.136221, 4.28194, -0.199279, 3.83321, 0.101299, 3.8999, -0.1974, 4.356, 0.182072, 4.26528, -0.211452, 3.82852, 0.123336, 3.89966, -0.157525, 0.9
4.14141,-0.0600771, 4.13593, -0.0300294, 4.32763, 0.114362, 4.40363, -0.214155, 3.9346, 0.104554, 3.90417, -0.195022, 4.36724, 0.136221, 4.40527, -0.160274, 3.94393, 0.140303, 3.8999, -0.1974, 0.5
4.23896,-0.0467996, 4.25594, -0.0233932, 4.51535, 0.119729, 4.40659, -0.213071, 3.93746, 0.104642, 4.07262, -0.210736, 4.53521, 0.163058, 4.40363, -0.214155, 3.9346, 0.104554, 4.08207, -0.167478, 0.9
4.33754,-0.0740181, 4.33781, -0.0254568, 4.50922, 0.115772, 4.61519, -0.240372, 4.14655, 0.0984238, 4.07784, -0.212454, 4.51535, 0.119729, 4.61035, -0.181461, 4.14105, 0.136252, 4.07262, -0.210736, 0.9
4.40212,-0.0405018, 4.41383, -0.0490792, 4.64702, 0.12452, 4.6049, -0.237181, 4.14845, 0.100102, 4.1895, -0.212604, 4.63462, 0.124859, 4.61519, -0.240372, 4.14655, 0.0984238, 4.18156, -0.211812, 0.5
4.50716,-0.085182, 4.52634, -0.0404798, 4.65169, 0.122499, 4.80424, -0.250075, 4.33529, 0.0915604, 4.19291, -0.212631, 4.64702, 0.12452, 4.80036, -0.226176, 4.33732, 0.111108, 4.1895, -0.212604, 0.9
4.58505,-0.0783602, 4.63119, -0.0565686, 4.86701, 0.10821, 4.7982, -0.252165, 4.33444, 0.096391, 4.39104, -0.232107, 4.86945, 0.125741, 4.80424, -0.250075, 4.33529, 0.0915604, 4.40531, -0.21543, 0.9
4.64121,-0.0858225, 4.66982, -0.0598095, 4.87028, 0.108501, 4.894, -0.25504, 4.42133, 0.0893935, 4.39256, -0.23251, 4.86701, 0.10821, 4.87935, -0.245162, 4.41033, 0.103394, 4.39104, -0.232107, 0.4
4.74958,-0.0411893, 4.78694, -0.0441669, 5.05644, 0.119363, 4.89955, -0.25321, 4.42545, 0.0910917, 4.57845, -0.22322, 5.05675, 0.129004, 4.894, -0.25504, 4.42133, 0.0893935, 4.58164, -0.214084, 0.9
4.81869,-0.0394383, 4.85776, -0.0334611, 5.05636, 0.129818, 5.11368, -0.229239, 4.63663, 0.114817, 4.58365, -0.220664, 5.05831, 0.128726, 5.1045, -0.227391, 4.63146, 0.116912, 4.58204, -0.216062, 0.9
4.93613,-0.0257311, 4.98724, -0.00497121, 5.25073, 0.143151, 5.12049, -0.241663, 4.63524, 0.11455, 4.77339, -0.203666, 5.24955, 0.160569, 5.11368, -0.229239, 4.63663, 0.114817, 4.77665, -0.186333, 0.9
5.03456,-0.0439795, 5.05162, -0.0265716, 5.24787, 0.143091, 5.32652, -0.229398, 4.84553, 0.121038, 4.77392, -0.221734, 5.25073, 0.143151, 5.31369, -0.228161, 4.83561, 0.128051, 4.77339, -0.203666, 0.9
5.08895,-0.0282776, 5.12397, -0.0365246, 5.32955, 0.142802, 5.32481, -0.228357, 4.84351, 0.119967, 4.85318, -0.208915, 5.32177, 0.137266, 5.32652, -0.229398, 4.84553, 0.121038, 4.84819, -0.213526, 0.3
5.19598,-0.0789574, 5.21798, -0.0493512, 5.33418, 0.139932, 5.50574, -0.249563, 5.02914, 0.0979961, 4.85747, -0.21047, 5.32955, 0.142802, 5.49791, -0.235303, 5.02099, 0.113021, 4.85318, -0.208915, 0.9
5.26166,-0.0825276, 5.31775, -0.059557, 5.55256, 0.111072, 5.50676, -0.250156, 5.02763, 0.0804263, 5.07479, -0.235779, 5.55694, 0.126815, 5.50574, -0.249563, 5.02914, 0.0979961, 5.08379, -0.220724, 0.9
5.31751,-0.0884846, 5.34337, -0.0721705, 5.55126, 0.109057, 5.56962, -0.25502, 5.09096, 0.0806097, 5.06648, -0.235147, 5.55256, 0.111072, 5.5541, -0.243185, 5.07669, 0.0873967, 5.07479, -0.235779, 0.3
5.42866,-0.039841, 5.46031, -0.0462928, 5.73262, 0.129399, 5.57673, -0.250925, 5.09593, 0.0833933, 5.25642, -0.216431, 5.73445, 0.126997, 5.56962, -0.25502, 5.09096, 0.0806097, 5.25571, -0.21707, 0.9
5.4914,-0.0370244, 5.53368, -0.0351562, 5.73528, 0.128782, 5.78276, -0.228514, 5.30151, 0.112755, 5.25853, -0.222659, 5.73262, 0.129399, 5.77896, -0.223125, 5.30214, 0.111193, 5.25642, -0.216431, 0.9
5.60491,-0.0261443, 5.66126, -0.00298782, 5.92347, 0.141961, 5.78845, -0.228832, 5.30582, 0.113267, 5.44489, -0.205373, 5.92681, 0.160176, 5.78276, -0.228514, 5.30151, 0.112755, 5.45108, -0.18625, 0.9
5.71865,-0.046749, 5.71768, -0.0204757, 5.91994, 0.141366, 5.98678, -0.224796, 5.48783, 0.114152, 5.44603, -0.217597, 5.92347, 0.141961, 5.98032, -0.209044, 5.503, 0.133055, 5.44489, -0.205373, 0.9
5.77346,-0.0140377, 5.80416, -0.035326, 6.02368, 0.153886, 5.98938, -0.222949, 5.48482, 0.114157, 5.54706, -0.195171, 6.01348, 0.134038, 5.98678, -0.224796, 5.48783, 0.114152, 5.53724, -0.212694, 0.4
5.8673,-0.0446882, 5.88679, -0.0423425, 6.02834, 0.152613, 6.1699, -0.223074, 5.68145, 0.119893, 5.54961, -0.195109, 6.02368, 0.153886, 6.16212, -0.223271, 5.67349, 0.113835, 5.54706, -0.195171, 0.9
5.9645,-0.0179707, 5.99756, -0.022591, 6.2226, 0.157505, 6.16601, -0.222395, 5.68476, 0.125386, 5.76377, -0.19039, 6.24258, 0.155386, 6.1699, -0.223074, 5.68145, 0.119893, 5.76745, -0.190301, 0.9
6.02618,-0.0624959, 6.03892, -0.0211537, 6.22466, 0.156265, 6.27213, -0.230057, 5.79259, 0.114477, 5.76449, -0.192206, 6.2226, 0.157505, 6.24902, -0.213825, 5.77347, 0.133956, 5.76377, -0.19039, 0.4
6.12001,-0.0228925, 6.16288, -0.0171731, 6.42045, 0.150806, 6.27679, -0.229252, 5.79578, 0.113948, 5.9498, -0.195632, 6.4231, 0.162925, 6.27213, -0.230057, 5.79259, 0.114477, 5.95486, -0.182192, 0.9
6.19809,-0.0336352, 6.23619, -0.0166967, 6.41108, 0.154882, 6.4859, -0.2182, 6.00106, 0.124394, 5.95048, -0.206662, 6.42045, 0.150806, 6.48132, -0.20945, 6.00578, 0.13375, 5.9498, -0.195632, 0.9
6.306,-0.00835621, 6.35327, -3.88767e-05, 6.61014, 0.159871, 6.49031, -0.216266, 5.99914, 0.124811, 6.1389, -0.191439, 6.61366, 0.168145, 6.4859, -0.2182, 6.00106, 0.124394, 6.14407, -0.181676, 0.9
6.40472,-0.024168, 6.42303, -0.00935127, 6.61156, 0.165212, 6.68901, -0.206024, 6.20085, 0.134318, 6.14351, -0.191631, 6.61014, 0.159871, 6.68244, -0.19973, 6.201, 0.141347, 6.1389, -0.191439, 0.9
6.47537,0.000502191, 6.51011, -0.00689261, 6.73408, 0.169544, 6.6916, -0.204741, 6.20241, 0.135399, 6.26043, -0.179, 6.72899, 0.163748, 6.68901, -0.206024, 6.20085, 0.134318, 6.25723, -0.18374, 0.5
6.57983,-0.0456891, 6.59817, -0.01551, 6.73922, 0.166738, 6.88535, -0.217123, 6.40208, 0.12631, 6.26471, -0.180733, 6.73408, 0.169544, 6.86965, -0.202125, 6.38906, 0.138015, 6.26043, -0.179, 0.9
6.67793,-0.033709, 6.70972, -0.0202347, 6.948, 0.153156, 6.88346, -0.218306, 6.4061, 0.12892, 6.47122, -0.193107, 6.95522, 0.161754, 6.88535, -0.217123, 6.40208, 0.12631, 6.48277, -0.18416, 0.9
6.73489,-0.0718358, 6.74644, -0.0281625, 6.95101, 0.151176, 6.96865, -0.233596, 6.49123, 0.109118, 6.47234, -0.194994, 6.948, 0.153156, 6.94369, -0.213714, 6.46795, 0.133512, 6.47122, -0.193107, 0.3
6.81933,-0.0336976, 6.86868, -0.0218504, 7.13342, 0.144501, 6.97301, -0.232241, 6.49484, 0.110368, 6.65526, -0.200948, 7.13859, 0.157597, 6.96865, -0.233596, 6.49123, 0.109118, 6.66174, -0.186026, 0.9
6.91729,-0.0420185, 6.93521, -0.0234752, 7.12501, 0.152077, 7.18472, -0.224113, 6.70051, 0.11543, 6.65894, -0.198866, 7.13342, 0.144501, 7.18058, -0.211299, 6.70564, 0.13131, 6.65526, -0.200948, 0.9
7.00932,-0.0117637, 7.06135, 0.00447057, 7.31859, 0.158686, 7.17777, -0.223099, 6.69953, 0.115391, 6.84644, -0.187761, 7.32146, 0.174989, 7.18472, -0.224113, 6.70051, 0.11543, 6.85008, -0.17097, 0.9
7.09992,-0.0187972, 7.12159, -0.0054853, 7.32233, 0.158174, 7.3906, -0.202948, 6.91413, 0.138455, 6.8535, -0.189335, 7.31859, 0.158686, 7.3771, -0.196262, 6.90342, 0.142228, 6.84644, -0.187761, 0.9
7.15868,-0.0131516, 7.20391, -0.00705593, 7.41828, 0.157825, 7.39502, -0.203363, 6.90234, 0.137363, 6.94163, -0.184932, 7.41819, 0.170186, 7.3906, -0.202948, 6.91413, 0.138455, 6.94317, -0.172602, 0.4
7.26554,-0.0542647, 7.27458, -0.0326126, 7.42478, 0.15577, 7.5821, -0.219309, 7.0998, 0.12086, 6.94578, -0.186867, 7.41828, 0.157825, 7.57004, -0.203938, 7.08616, 0.136789, 6.94163, -0.184932, 0.9
7.34827,-0.0478966, 7.37495, -0.0302117, 7.64499, 0.135632, 7.58719, -0.219553, 7.1443, 0.114634, 7.16427, -0.206275, 7.64211, 0.152238, 7.5821, -0.219309, 7.0998, 0.12086, 7.16531, -0.189777, 0.9
7.47127,-0.0738814, 7.48947, -0.0471538, 7.65264, 0.134687, 7.78768, -0.238658, 7.32145, 0.0999783, 7.14082, -0.18796, 7.64499, 0.135632, 7.7874, -0.213766, 7.3255, 0.120421, 7.16427, -0.206275, 0.9
7.56003,-0.066672, 7.56275, -0.0411278, 7.86074, 0.120728, 7.79157, -0.238667, 7.32258, 0.096006, 7.36949, -0.215538, 7.85839, 0.133601, 7.78768, -0.238658, 7.32145, 0.0999783, 7.3671, -0.202774, 0.9
