0.0144302,-0.0357792, 0.076606, -0.0209934, 0.358758, 0.145573, 0.213295, -0.175123, -0.257791, 0.167267, -0.118757, -0.196127, 0.209533, 0.168519, 0.401556, -0.184059, -0.075028, 0.157745, -0.26715, -0.173211, 0.9
0.123069,-0.0313024, 0.118305, -0.00555113, 0.345294, 0.131219, 0.422553, -0.192318, -0.0522191, 0.15213, -0.113777, -0.195882, 0.358758, 0.145573, 0.422928, -0.167218, -0.0543844, 0.175172, -0.118757, -0.196127, 0.9
0.247142,-0.00365979, 0.226165, -0.00151289, 0.548109, 0.154291, 0.413859, -0.180501, -0.0465535, 0.153543, 0.0779748, -0.182697, 0.544074, 0.162486, 0.422553, -0.192318, -0.0522191, 0.15213, 0.0730664, -0.173329, 0.9
0.33983,-0.0239431, 0.331613, 0.00748857, 0.553109, 0.153357, 0.634236, -0.189694, 0.163099, 0.150006, 0.081444, -0.182125, 0.548109, 0.154291, 0.629572, -0.159269, 0.159705, 0.174775, 0.0779748, -0.182697, 0.9
0.438861,-0.0236995, 0.446706, 0.010814, 0.749295, 0.15023, 0.638181, -0.191677, 0.168333, 0.14898, 0.272536, -0.189531, 0.753055, 0.178807, 0.634236, -0.189694, 0.163099, 0.150006, 0.27697, -0.160774, 0.9
0.56939,-0.0439234, 0.54288, -0.0164731, 0.753612, 0.148956, 0.851009, -0.207626, 0.369375, 0.13168, 0.276331, -0.189833, 0.749295, 0.15023, 0.846854, -0.183256, 0.371795, 0.157401, 0.272536, -0.189531, 0.9
0.653248,-0.0124054, 0.645676, -0.0144636, 0.939362, 0.159101, 0.856603, -0.205844, 0.374036, 0.133592, 0.463995, -0.182809, 0.938227, 0.15803, 0.851009, -0.207626, 0.369375, 0.13168, 0.458328, -0.181156, 0.8
0.751087,-0.0404749, 0.75343, -0.0305938, 0.945514, 0.1573, 1.05381, -0.210959, 0.583369, 0.126422, 0.463383, -0.180763, 0.939362, 0.159101, 1.06305, -0.201446, 0.582316, 0.13799, 0.463995, -0.182809, 0.9
0.858315,-0.0125578, 0.848081, -0.00392162, 1.1569, 0.156908, 1.06152, -0.209418, 0.581712, 0.129255, 0.679166, -0.183793, 1.15263, 0.170884, 1.05379, -0.21097, 0.583449, 0.126327, 0.672341, -0.169715, 0.9
0.908578,-0.0290401, 0.907713, -0.0147683, 1.16183, 0.156111, 1.15938, -0.206095, 0.678326, 0.129732, 0.658754, -0.194369, 1.1569, 0.156908, 1.16748, -0.200998, 0.688395, 0.137675, 0.679166, -0.183793, 0.4
1.01334,0.000571978, 1.02274, -0.0694477, 1.33653, 0.165172, 1.16625, -0.204971, 0.683757, 0.130878, 0.847285, -0.1811, 1.16183, 0.156111, 1.35923, -0.228038, 0.876008, 0.107788, 0.658754, -0.194369, 0.9
1.09598,-0.0179817, 1.08386, -0.0129647, 1.34451, 0.165184, 1.39031, -0.195913, 0.910014, 0.14431, 0.82681, -0.192534, 1.33653, 0.165172, 1.39595, -0.18763, 0.914362, 0.148218, 0.847285, -0.1811, 0.9
1.14572,-0.0169384, 1.11187, -0.00353545, 1.40573, 0.160731, 1.39372, -0.195966, 0.898462, 0.133888, 0.910292, -0.185628, 1.40587, 0.167209, 1.39031, -0.195913, 0.910014, 0.14431, 0.908762, -0.177164, 0.3
1.24428,-0.0472396, 1.22804, -0.0737294, 1.41317, 0.159295, 1.57229, -0.21156, 1.08668, 0.1252, 0.907127, -0.181149, 1.40573, 0.160731, 1.5884, -0.214472, 1.10152, 0.115382, 0.910292, -0.185628, 0.9
1.34377,-0.0254371, 1.28292, -0.0250408, 1.63951, 0.15028, 1.57924, -0.210683, 1.0924, 0.126121, 1.14667, -0.189875, 1.63088, 0.152252, 1.57229, -0.21156, 1.08668, 0.1252, 1.14038, -0.185815, 0.9
1.45729,-0.0576366, 1.43204, -0.0697776, 1.64816, 0.148847, 1.77623, -0.22424, 1.29404, 0.115665, 1.14676, -0.192072, 1.63951, 0.15028, 1.78924, -0.225222, 1.30584, 0.111582, 1.14667, -0.189875, 0.9
1.5615,-0.0325719, 1.5016, -0.0273671, 1.86274, 0.145163, 1.78393, -0.222875, 1.3006, 0.117178, 1.37472, -0.198061, 1.8599, 0.145978, 1.77623, -0.22424, 1.29404, 0.115665, 1.37174, -0.193286, 0.9
1.68055,-0.0659739, 1.65009, -0.0716038, 1.87141, 0.144509, 1.98818, -0.232514, 1.50716, 0.109573, 1.3808, -0.199585, 1.86274, 0.145163, 2.00293, -0.23316, 1.52212, 0.106893, 1.37472, -0.198061, 0.9
1.78511,-0.0347738, 1.72717, -0.0305494, 2.08802, 0.143684, 1.99752, -0.231701, 1.51526, 0.109292, 1.60459, -0.201015, 2.08391, 0.14295, 1.98818, -0.232514, 1.50716, 0.109573, 1.59973, -0.196737, 0.9
1.83101,-0.0454086, 1.8036, -0.0635545, 2.09144, 0.143134, 2.08015, -0.223954, 1.5999, 0.117626, 1.60745, -0.201603, 2.08802, 0.143684, 2.09242, -0.232851, 1.61287, 0.108142, 1.60459, -0.201015, 0.3
1.93941,-0.012529, 1.92481, -0.0886218, 2.2657, 0.152481, 2.07498, -0.223301, 1.60076, 0.114837, 1.78464, -0.191307, 2.09144, 0.143134, 2.29862, -0.2419, 1.81617, 0.0996794, 1.60745, -0.201603, 0.9
2.01951,-0.0228007, 1.99607, -0.0323924, 2.27425, 0.154223, 2.30322, -0.202499, 1.82817, 0.134115, 1.79272, -0.188384, 2.2657, 0.152481, 2.32091, -0.206118, 1.8459, 0.13202, 1.78464, -0.191307, 0.9
2.13563,-0.0049747, 2.09067, 0.0309157, 2.46252, 0.162326, 2.30046, -0.202883, 1.83951, 0.13424, 1.98215, -0.18078, 2.46376, 0.191092, 2.30322, -0.202499, 1.82817, 0.134115, 1.98306, -0.148533, 0.9
2.24857,-0.0305509, 2.20287, -0.0204231, 2.47023, 0.161131, 2.54104, -0.199239, 2.06292, 0.136726, 1.98934, -0.18158, 2.46252, 0.162326, 2.54288, -0.188996, 2.07421, 0.148127, 1.98215, -0.18078, 0.9
2.29855,-0.0179626, 2.24126, -0.0148386, 2.54351, 0.15951, 2.5448, -0.198722, 2.05492, 0.142672, 2.06546, -0.181568, 2.54529, 0.153887, 2.54104, -0.199239, 2.06292, 0.136726, 2.06508, -0.183774, 0.3
2.39538,-0.0425726, 2.35424, 0.0308805, 2.55099, 0.158568, 2.72073, -0.207758, 2.23737, 0.132922, 2.07142, -0.18249, 2.73247, 0.189596, 2.5448, -0.198722, 2.05492, 0.142672, 2.2521, -0.149345, 0.9
2.49769,-0.0200046, 2.43233, -0.0218791, 2.78663, 0.153171, 2.7279, -0.206325, 2.24418, 0.133987, 2.30313, -0.188032, 2.7764, 0.154567, 2.72073, -0.207758, 2.23737, 0.132922, 2.29819, -0.184335, 0.9
2.61244,-0.0539666, 2.58349, -0.0614768, 2.79561, 0.15195, 2.92709, -0.219291, 2.44579, 0.121681, 2.30587, -0.190543, 2.78663, 0.153171, 2.94144, -0.220546, 2.45989, 0.119766, 2.30313, -0.188032, 0.9
2.71717,-0.0256462, 2.65593, -0.0237328, 3.01426, 0.150384, 2.93439, -0.217834, 2.45194, 0.123303, 2.53075, -0.193414, 3.01036, 0.150832, 2.92709, -0.219291, 2.44579, 0.121681, 2.52772, -0.189539, 0.9
2.82692,-0.0568011, 2.80249, -0.0660907, 3.02274, 0.149551, 3.14087, -0.227994, 2.66051, 0.114159, 2.53518, -0.196999, 3.01426, 0.150384, 3.15511, -0.227926, 2.67474, 0.113211, 2.53075, -0.193414, 0.9
2.93651,-0.0296458, 2.87674, -0.022443, 3.24002, 0.149012, 3.14919, -0.226298, 2.66761, 0.115964, 2.75749, -0.196565, 3.23573, 0.150129, 3.14087, -0.227994, 2.66051, 0.114159, 2.75353, -0.19161, 0.9
3.04884,-0.0590928, 3.02232, -0.0680824, 3.24819, 0.147692, 3.35803, -0.231819, 2.87778, 0.111141, 2.76474, -0.198098, 3.24002, 0.149012, 3.37383, -0.232983, 2.89452, 0.109279, 2.75749, -0.196565, 0.9
3.16825,-0.0279835, 3.1007, -0.0213279, 3.46473, 0.147854, 3.36818, -0.23108, 2.88563, 0.109517, 2.98122, -0.197615, 3.46115, 0.149487, 3.35803, -0.231819, 2.87778, 0.111141, 2.98022, -0.19131, 0.9
3.20638,-0.0436906, 3.1824, -0.0611823, 3.46817, 0.147189, 3.45203, -0.222319, 2.97188, 0.119024, 2.98222, -0.199164, 3.46473, 0.147854, 3.46592, -0.231432, 2.98632, 0.109166, 2.98122, -0.197615, 0.3
3.3154,-0.0101089, 3.30261, -0.0913578, 3.64215, 0.155849, 3.45388, -0.22412, 2.97, 0.112158, 3.16024, -0.188617, 3.46817, 0.147189, 3.66859, -0.243271, 3.18869, 0.0980718, 2.98222, -0.199164, 0.9
3.38819,-0.0132623, 3.37104, -0.035394, 3.65083, 0.157957, 3.67977, -0.197101, 3.20141, 0.13817, 3.16924, -0.186248, 3.64215, 0.155849, 3.69788, -0.207948, 3.21795, 0.128329, 3.16024, -0.188617, 0.9
3.50558,-0.00249179, 3.46403, 0.0373249, 3.83284, 0.163815, 3.66641, -0.19318, 3.20977, 0.138575, 3.35336, -0.179379, 3.84057, 0.194853, 3.67977, -0.197101, 3.20141, 0.13817, 3.35933, -0.144983, 0.9
3.61479,-0.0284562, 3.57248, -0.0111515, 3.84026, 0.16237, 3.90523, -0.198864, 3.43247, 0.138637, 3.3597, -0.180783, 3.83284, 0.163815, 3.90899, -0.175877, 3.44219, 0.155877, 3.35336, -0.179379, 0.9
3.68558,-0.010904, 3.62638, -9.40229e-05, 3.95751, 0.16079, 3.90928, -0.198558, 3.43329, 0.138653, 3.47749, -0.180765, 3.9559, 0.166616, 3.90523, -0.198864, 3.43247, 0.138637, 3.47479, -0.170676, 0.5
3.79797,-0.0509495, 3.77141, -0.0530668, 3.95608, 0.165707, 4.11093, -0.216398, 3.6313, 0.125466, 3.47486, -0.17263, 3.95751, 0.16079, 4.13021, -0.20879, 3.65541, 0.128421, 3.47749, -0.180765, 0.9
3.90172,-0.0321668, 3.83241, -0.00736295, 4.16701, 0.143941, 4.09418, -0.22128, 3.63738, 0.123537, 3.69936, -0.188951, 4.17308, 0.17587, 4.11093, -0.216398, 3.6313, 0.125466, 3.69569, -0.164247, 0.9
4.00261,-0.0677886, 3.99177, -0.0617546, 4.16226, 0.143569, 4.30315, -0.228966, 3.83098, 0.115703, 3.70589, -0.190693, 4.16701, 0.143941, 4.33065, -0.221276, 3.86502, 0.12354, 3.69936, -0.188951, 0.9
4.0956,-0.0495882, 4.05638, -0.0127182, 4.38534, 0.128745, 4.30223, -0.2049, 3.83786, 0.0889131, 3.91117, -0.208692, 4.37445, 0.179437, 4.30315, -0.228966, 3.83098, 0.115703, 3.90939, -0.163278, 0.9
4.21027,-0.0910308, 4.19971, -0.0514312, 4.33731, 0.0975349, 4.50437, -0.227078, 4.03378, 0.08783, 3.91662, -0.209377, 4.38534, 0.128745, 4.50857, -0.170912, 4.03834, 0.122901, 3.91117, -0.208692, 0.9
4.29676,-0.0853185, 4.30175, -0.0610592, 4.55873, 0.089952, 4.49169, -0.22739, 4.03628, 0.0531592, 4.10994, -0.238125, 4.55906, 0.136098, 4.50437, -0.227078, 4.03378, 0.08783, 4.1095, -0.194368, 0.9
4.37872,-0.107657, 4.38725, -0.0627869, 4.56248, 0.0892283, 4.6515, -0.256631, 4.18572, 0.0597785, 4.11278, -0.238971, 4.55873, 0.089952, 4.64011, -0.182331, 4.17867, 0.0982178, 4.10994, -0.238125, 0.7
4.48822,-0.0653076, 4.50248, -0.070862, 4.77155, 0.0993427, 4.65608, -0.254511, 4.19076, 0.0612943, 4.30578, -0.238847, 4.76404, 0.113871, 4.6515, -0.256631, 4.18572, 0.0597785, 4.30163, -0.22304, 0.9
4.58824,-0.0912366, 4.59689, -0.0550702, 4.7697, 0.0988354, 4.85535, -0.262501, 4.38701, 0.0678596, 4.30932, -0.242387, 4.77155, 0.0993427, 4.85239, -0.220367, 4.38561, 0.0954381, 4.30578, -0.238847, 0.9
4.64105,-0.0578373, 4.66985, -0.0672428, 4.88421, 0.109885, 4.84452, -0.262052, 4.38836, 0.0692618, 4.41362, -0.23238, 4.86284, 0.109989, 4.85535, -0.262501, 4.38701, 0.0678596, 4.39792, -0.232628, 0.4
4.73808,-0.0926991, 4.76556, -0.0672371, 4.8893, 0.109617, 5.03978, -0.264314, 4.57034, 0.0748289, 4.41706, -0.231376, 4.88421, 0.109885, 5.03259, -0.245426, 4.56976, 0.085888, 4.41362, -0.23238, 0.9
4.83728,-0.0753934, 4.86896, -0.065577, 5.1023, 0.106058, 5.03404, -0.265791, 4.57268, 0.075676, 4.62821, -0.23809, 5.10383, 0.11915, 5.03978, -0.264314, 4.57034, 0.0748289, 4.63405, -0.225065, 0.9
4.93688,-0.114888, 4.97448, -0.0788015, 5.09903, 0.10687, 5.23624, -0.283829, 4.76552, 0.0604587, 4.63149, -0.240207, 5.1023, 0.106058, 5.23043, -0.257014, 4.76413, 0.0844534, 4.62821, -0.23809, 0.9
5.01504,-0.107149, 5.07227, -0.0843547, 5.30666, 0.0854943, 5.23739, -0.282537, 4.76667, 0.0785421, 4.82753, -0.260676, 5.31509, 0.104078, 5.23624, -0.283829, 4.76552, 0.0604587, 4.84632, -0.242196, 0.9
5.08866,-0.113069, 5.11493, -0.0931754, 5.31107, 0.0863296, 5.35233, -0.283319, 4.87658, 0.0662626, 4.82993, -0.260908, 5.30666, 0.0854943, 5.33745, -0.284329, 4.86416, 0.07675, 4.82753, -0.260676, 0.5
5.19852,-0.0681007, 5.23452, -0.0748734, 5.49702, 0.10388, 5.36008, -0.279327, 4.88169, 0.0690972, 5.02464, -0.243813, 5.50179, 0.101227, 5.35233, -0.283319, 4.87658, 0.0662626, 5.02523, -0.244381, 0.9
5.27224,-0.0759752, 5.31026, -0.0652939, 5.49895, 0.103222, 5.56873, -0.263194, 5.09021, 0.0833134, 5.02704, -0.260171, 5.49702, 0.10388, 5.56033, -0.260342, 5.08511, 0.088082, 5.02464, -0.243813, 0.9
5.38892,-0.0578251, 5.43589, -0.0435838, 5.69422, 0.10797, 5.57483, -0.266415, 5.08986, 0.0825074, 5.21797, -0.243757, 5.69631, 0.124951, 5.56873, -0.263194, 5.09021, 0.0833134, 5.22313, -0.226869, 0.9
5.49733,-0.0817468, 5.5048, -0.0573734, 5.68894, 0.10873, 5.77544, -0.262393, 5.2913, 0.0824531, 5.22172, -0.255891, 5.69422, 0.10797, 5.76532, -0.252293, 5.28706, 0.0966301, 5.21797, -0.243757, 0.9
5.55439,-0.0486064, 5.58429, -0.0737017, 5.79734, 0.117539, 5.77663, -0.260546, 5.27052, 0.0799694, 5.32499, -0.23378, 5.78845, 0.0972762, 5.77544, -0.262393, 5.2913, 0.0824531, 5.31545, -0.25199, 0.4
5.64739,-0.0888779, 5.67105, -0.0794811, 5.80217, 0.115911, 5.95763, -0.260288, 5.46767, 0.0825302, 5.3285, -0.235214, 5.79734, 0.117539, 5.94731, -0.264138, 5.45835, 0.0763769, 5.32499, -0.23378, 0.9
5.74694,-0.0664317, 5.7788, -0.0671927, 5.99693, 0.114733, 5.9517, -0.265417, 5.47029, 0.0874291, 5.54081, -0.234685, 6.01967, 0.113696, 5.95763, -0.260288, 5.46767, 0.0825302, 5.54753, -0.233592, 0.9
5.84417,-0.1063, 5.88261, -0.0777813, 6.00215, 0.112542, 6.15041, -0.277298, 5.67063, 0.0711512, 5.54396, -0.236674, 5.99693, 0.114733, 6.14341, -0.267567, 5.66733, 0.0852792, 5.54081, -0.234685, 0.9
5.9242,-0.100508, 5.98232, -0.0792594, 6.21298, 0.0911871, 6.14826, -0.279454, 5.67188, 0.0872912, 5.73885, -0.25545, 6.22349, 0.106828, 6.15041, -0.277298, 5.67063, 0.0711512, 5.75811, -0.239733, 0.9
5.99588,-0.107945, 6.023, -0.0918088, 6.21733, 0.091299, 6.25977, -0.278557, 5.78208, 0.0730913, 5.73069, -0.255738, 6.21298, 0.0911871, 6.247, -0.287879, 5.77029, 0.0788663, 5.73885, -0.25545, 0.5
6.09669,-0.0686602, 6.13878, -0.0706402, 6.40981, 0.1024, 6.26488, -0.275871, 5.78653, 0.0748901, 5.92806, -0.24369, 6.407, 0.103928, 6.25977, -0.278557, 5.78208, 0.0730913, 5.92798, -0.24152, 0.9
6.17649,-0.0719976, 6.2108, -0.064207, 6.40742, 0.10758, 6.47294, -0.257566, 5.9942, 0.0887424, 5.93045, -0.262785, 6.40981, 0.1024, 6.46439, -0.259203, 5.9886, 0.0915575, 5.92806, -0.24369, 0.9
6.2416,-0.0727366, 6.28682, -0.0627306, 6.49522, 0.100807, 6.47466, -0.260164, 5.98388, 0.0856666, 6.01733, -0.251208, 6.49837, 0.10772, 6.47294, -0.257566, 5.9942, 0.0887424, 6.02313, -0.245659, 0.4
6.35116,-0.116922, 6.36796, -0.0871138, 6.50067, 0.0993064, 6.65795, -0.274523, 6.17412, 0.0701715, 6.02133, -0.252589, 6.49522, 0.100807, 6.64466, -0.267783, 6.162, 0.0780469, 6.01733, -0.251208, 0.9
6.41992,-0.107041, 6.47583, -0.0951611, 6.7112, 0.0817003, 6.65341, -0.281584, 6.17586, 0.0846313, 6.23092, -0.266443, 6.71624, 0.0912465, 6.65795, -0.274523, 6.17412, 0.0701715, 6.24204, -0.256589, 0.9
6.48252,-0.108459, 6.50675, -0.0944128, 6.71484, 0.082081, 6.74169, -0.28016, 6.26285, 0.071519, 6.23247, -0.266416, 6.7112, 0.0817003, 6.7261, -0.289478, 6.24923, 0.0767373, 6.23092, -0.266443, 0.4
6.58853,-0.0698161, 6.62786, -0.0712544, 6.89948, 0.0928874, 6.74553, -0.277554, 6.26636, 0.0724806, 6.41951, -0.253055, 6.90096, 0.100557, 6.74169, -0.28016, 6.26285, 0.071519, 6.42366, -0.245612, 0.9
6.66528,-0.0725998, 6.69506, -0.0636512, 6.90005, 0.101781, 6.95863, -0.258774, 6.47941, 0.0878059, 6.42348, -0.267046, 6.89935, 0.101882, 6.94669, -0.257558, 6.47053, 0.0923707, 6.42227, -0.246437, 0.9
6.7861,-0.0558451, 6.82988, -0.0409561, 7.09217, 0.111313, 6.9638, -0.262829, 6.47825, 0.0875133, 6.61316, -0.243484, 7.09278, 0.125564, 6.95863, -0.258774, 6.47941, 0.0878059, 6.61762, -0.228689, 0.9
6.89391,-0.0867104, 6.8987, -0.0546671, 7.0899, 0.109829, 7.17073, -0.26388, 6.68946, 0.0840054, 6.61578, -0.245586, 7.09217, 0.111313, 7.15484, -0.249714, 6.67568, 0.100628, 6.61316, -0.243484, 0.9
6.95231,-0.050553, 6.98175, -0.0705648, 7.19784, 0.117916, 7.16715, -0.262734, 6.68125, 0.0778071, 6.72151, -0.229486, 7.18474, 0.104757, 7.17073, -0.26388, 6.68946, 0.0840054, 6.7106, -0.241843, 0.4
7.04556,-0.088151, 7.0732, -0.0751861, 7.20218, 0.116271, 7.35104, -0.259413, 6.87072, 0.0823291, 6.72489, -0.230968, 7.19784, 0.117916, 7.34579, -0.260313, 6.86719, 0.0802283, 6.72151, -0.229486, 0.9
7.1503,-0.0649968, 7.17455, -0.0640129, 7.42401, 0.109016, 7.35754, -0.258828, 6.87878, 0.0877831, 6.93175, -0.22741, 7.41618, 0.117144, 7.35104, -0.259413, 6.87072, 0.0823291, 6.94305, -0.228448, 0.9
7.24862,-0.102856, 7.27971, -0.0731369, 7.43087, 0.106858, 7.5559, -0.268559, 7.07875, 0.0725792, 6.93555, -0.229454, 7.42401, 0.109016, 7.5505, -0.261379, 7.07109, 0.0852322, 6.93175, -0.22741, 0.9
7.37681,-0.0786848, 7.36522, -0.0706506, 7.65018, 0.0940173, 7.56293, -0.267597, 7.15308, 0.0537123, 7.14197, -0.228427, 7.63635, 0.104303, 7.5559, -0.268559, 7.07875, 0.0725792, 7.15317, -0.236358, 0.9
7.47462,-0.127957, 7.50379, -0.0897646, 7.65715, 0.0916502, 7.77593, -0.291582, 7.32569, 0.0434823, 7.11435, -0.210007, 7.65018, 0.0940173, 7.78516, -0.249509, 7.34055, 0.0718005, 7.14197, -0.228427, 0.9
7.52998,-0.145479, 7.55685, -0.087134, 7.84612, 0.0546456, 7.77933, -0.292747, 7.32764, 0.0421917, 7.34187, -0.271689, 7.855, 0.0905552, 7.77593, -0.291582, 7.32569, 0.0434823, 7.34908, -0.235485, 0.9
