0.0157155,-0.0363865, 0.076629, -0.0210041, 0.357758, 0.14738, 0.213484, -0.174373, -0.258429, 0.167555, -0.120662, -0.194067, 0.209532, 0.16853, 0.401565, -0.184109, -0.0750157, 0.157751, -0.267151, -0.173222, 0.9
0.123605,-0.0312094, 0.116199, -0.00444391, 0.345326, 0.131721, 0.423293, -0.191966, -0.052016, 0.152021, -0.114249, -0.195738, 0.357758, 0.14738, 0.423056, -0.166499, -0.0555603, 0.175429, -0.120662, -0.194067, 0.9
0.257015,-0.00238788, 0.226307, -0.00117429, 0.548721, 0.154702, 0.414884, -0.179705, -0.0456198, 0.153798, 0.0774328, -0.181092, 0.543921, 0.163078, 0.423293, -0.191966, -0.052016, 0.152021, 0.0725166, -0.172992, 0.9
0.341114,-0.0246419, 0.339117, 0.00667812, 0.553097, 0.153517, 0.634143, -0.189541, 0.162806, 0.150162, 0.0813715, -0.182047, 0.548721, 0.154702, 0.631903, -0.159219, 0.162246, 0.174284, 0.0774328, -0.181092, 0.9
0.445296,-0.0232374, 0.44721, 0.0101315, 0.74737, 0.150415, 0.638518, -0.191281, 0.168919, 0.148992, 0.270896, -0.18861, 0.753345, 0.178297, 0.634143, -0.189541, 0.162806, 0.150162, 0.276957, -0.161136, 0.9
0.558996,-0.0437533, 0.548612, -0.0165719, 0.7532, 0.149073, 0.851039, -0.207659, 0.37508, 0.135382, 0.27617, -0.189826, 0.74737, 0.150415, 0.847491, -0.183077, 0.372791, 0.157196, 0.270896, -0.18861, 0.9
0.645928,-0.0175148, 0.639415, -0.0147098, 0.941811, 0.154715, 0.856099, -0.206111, 0.373724, 0.133062, 0.463678, -0.187432, 0.937707, 0.157858, 0.851039, -0.207659, 0.37508, 0.135382, 0.458069, -0.181442, 0.8
0.733157,-0.0225276, 0.750626, -0.0283942, 0.946654, 0.155443, 1.04533, -0.198199, 0.569614, 0.140352, 0.461552, -0.182547, 0.941811, 0.154715, 1.058, -0.199622, 0.57678, 0.139551, 0.463678, -0.187432, 0.9
0.836977,-0.00793162, 0.832333, 0.00549133, 1.13173, 0.158415, 1.05249, -0.19782, 0.573817, 0.13786, 0.650597, -0.182223, 1.12802, 0.175907, 1.04533, -0.198199, 0.569614, 0.140352, 0.647703, -0.165834, 0.8
0.947523,-0.0426299, 0.943924, -0.0161295, 1.14005, 0.156525, 1.25618, -0.207482, 0.77984, 0.130909, 0.645766, -0.186976, 1.13173, 0.158415, 1.25906, -0.195084, 0.780024, 0.140596, 0.650597, -0.182223, 0.9
1.0392,-0.0198764, 1.01051, -0.0146312, 1.33209, 0.153016, 1.26447, -0.206396, 0.768432, 0.13775, 0.849032, -0.189159, 1.32502, 0.154406, 1.25618, -0.207482, 0.77984, 0.130909, 0.839542, -0.187644, 0.8
1.05933,-0.0262094, 1.04423, -0.0361127, 1.33411, 0.152556, 1.2976, -0.202021, 0.811232, 0.140398, 0.82587, -0.175536, 1.33209, 0.153016, 1.30022, -0.216477, 0.81271, 0.127669, 0.849032, -0.189159, 0.1
1.08165,-0.0119477, 1.05644, -0.049549, 1.33703, 0.156271, 1.29751, -0.202011, 0.809452, 0.139239, 0.845976, -0.178883, 1.33411, 0.152556, 1.33121, -0.219733, 0.847846, 0.122686, 0.82587, -0.175536, 0.1
1.13347,-0.0359913, 1.11006, -0.0491923, 1.34562, 0.157966, 1.40698, -0.204645, 0.926855, 0.135593, 0.848992, -0.180556, 1.33703, 0.156271, 1.42291, -0.216397, 0.939708, 0.124853, 0.845976, -0.178883, 0.5
1.17591,-0.0187997, 1.12651, -0.0186091, 1.44055, 0.153461, 1.41153, -0.203872, 0.925106, 0.13498, 0.957725, -0.185034, 1.43824, 0.150592, 1.40698, -0.204645, 0.926855, 0.135593, 0.952352, -0.187178, 0.4
1.27635,-0.0462135, 1.2574, -0.0664086, 1.44936, 0.152291, 1.60118, -0.215843, 1.11822, 0.12598, 0.958933, -0.182262, 1.44055, 0.153461, 1.62267, -0.227974, 1.14368, 0.110878, 0.957725, -0.185034, 0.9
1.34755,-0.0358314, 1.28282, -0.0311272, 1.62411, 0.145257, 1.60644, -0.215439, 1.11634, 0.121182, 1.14378, -0.195897, 1.62617, 0.135731, 1.60118, -0.215843, 1.11822, 0.12598, 1.14647, -0.199622, 0.7
1.41696,-0.0541463, 1.3788, -0.0833954, 1.62822, 0.146109, 1.69251, -0.221665, 1.20495, 0.117958, 1.14929, -0.195137, 1.62411, 0.145257, 1.71192, -0.238305, 1.23081, 0.0983163, 1.14378, -0.195897, 0.4
1.46548,-0.0314486, 1.39239, -0.0299487, 1.71783, 0.151138, 1.69071, -0.226888, 1.20895, 0.119032, 1.24724, -0.19728, 1.7247, 0.14323, 1.69251, -0.221665, 1.20495, 0.117958, 1.24999, -0.195261, 0.4
1.56584,-0.0655706, 1.54136, -0.0911265, 1.72586, 0.148776, 1.88533, -0.233742, 1.40384, 0.110503, 1.25479, -0.199392, 1.71783, 0.151138, 1.91713, -0.245812, 1.43862, 0.100107, 1.24724, -0.19728, 0.9
1.64739,-0.0412928, 1.58119, -0.0445228, 1.91027, 0.14451, 1.89059, -0.232029, 1.40868, 0.109543, 1.44015, -0.206809, 1.91084, 0.142635, 1.88533, -0.233742, 1.40384, 0.110503, 1.43822, -0.201859, 0.7
1.77135,-0.0808444, 1.74398, -0.0898132, 1.91985, 0.142996, 2.08323, -0.24241, 1.60179, 0.0990293, 1.44815, -0.208377, 1.91027, 0.14451, 2.10778, -0.249878, 1.62698, 0.0916938, 1.44015, -0.206809, 0.9
1.82293,-0.0606003, 1.77498, -0.0623318, 2.07938, 0.129233, 2.08871, -0.242346, 1.60697, 0.0980849, 1.60947, -0.221907, 2.08513, 0.123269, 2.08323, -0.24241, 1.60179, 0.0990293, 1.61051, -0.219363, 0.6
1.85643,-0.0689976, 1.81232, -0.0380618, 2.08217, 0.130773, 2.10899, -0.242409, 1.62837, 0.0978556, 1.61278, -0.221771, 2.10333, 0.132099, 2.08871, -0.242346, 1.60697, 0.0980849, 1.62921, -0.211266, 0.1
1.91829,-0.0424027, 1.86407, -0.0366367, 2.19242, 0.130275, 2.11394, -0.242027, 1.62886, 0.0991236, 1.71816, -0.216336, 2.19483, 0.137631, 2.10899, -0.242409, 1.62837, 0.0978556, 1.72075, -0.207497, 0.5
1.94258,-0.0564249, 1.92045, -0.0738707, 2.19559, 0.129787, 2.1929, -0.232523, 1.71395, 0.108111, 1.70959, -0.221497, 2.19242, 0.130275, 2.20872, -0.242074, 1.72865, 0.0990768, 1.71816, -0.216336, 0.3
1.99587,-0.0404318, 1.97013, -0.107833, 2.27732, 0.132997, 2.19785, -0.23185, 1.71034, 0.103658, 1.79188, -0.213447, 2.19559, 0.129787, 2.28911, -0.252073, 1.81596, 0.0885601, 1.70959, -0.221497, 0.4
2.08601,-0.0690117, 2.04588, -0.092, 2.28464, 0.139355, 2.38612, -0.241462, 1.90222, 0.0977982, 1.79852, -0.214756, 2.27732, 0.132997, 2.39861, -0.240288, 1.91912, 0.0952203, 1.79188, -0.213447, 0.8
2.13076,-0.0546645, 2.07014, -0.052464, 2.38737, 0.125271, 2.38966, -0.240688, 1.89357, 0.10817, 1.90849, -0.222337, 2.3915, 0.120884, 2.38612, -0.241462, 1.90222, 0.0977982, 1.90906, -0.222639, 0.4
2.23271,-0.0769869, 2.18157, -0.00735345, 2.39492, 0.124943, 2.55475, -0.242025, 2.06766, 0.10247, 1.9094, -0.216543, 2.57569, 0.141382, 2.38966, -0.240688, 1.89357, 0.10817, 2.10089, -0.203931, 0.9
2.30132,-0.069463, 2.23647, -0.0665867, 2.57652, 0.112246, 2.57135, -0.247847, 2.07465, 0.0922044, 2.09811, -0.229695, 2.57718, 0.103634, 2.55475, -0.242025, 2.06766, 0.10247, 2.10035, -0.236221, 0.7
2.41027,-0.0820925, 2.38932, -0.127763, 2.58716, 0.113099, 2.74585, -0.251835, 2.25861, 0.089721, 2.10687, -0.228778, 2.57652, 0.112246, 2.77981, -0.280426, 2.2949, 0.0596252, 2.09811, -0.229695, 0.9
2.44638,-0.0837735, 2.37146, -0.0872785, 2.68506, 0.0975616, 2.74902, -0.252746, 2.26039, 0.0865088, 2.20583, -0.243644, 2.68456, 0.0891022, 2.74585, -0.251835, 2.25861, 0.089721, 2.20967, -0.24961, 0.3
2.53518,-0.0889145, 2.47636, -0.0587853, 2.67813, 0.0840528, 2.87647, -0.250518, 2.38744, 0.0856618, 2.21417, -0.244271, 2.86734, 0.109901, 2.74902, -0.252746, 2.26039, 0.0865088, 2.38626, -0.231828, 0.8
2.60616,-0.082473, 2.54182, -0.0847133, 2.87187, 0.0911095, 2.87039, -0.254582, 2.39239, 0.0857599, 2.40473, -0.251215, 2.86411, 0.0856988, 2.87647, -0.250518, 2.38744, 0.0856618, 2.39986, -0.255879, 0.7
2.7198,-0.104381, 2.69389, -0.110212, 2.87998, 0.0901464, 3.03083, -0.26318, 2.54996, 0.0758537, 2.41138, -0.251833, 2.87187, 0.0911095, 3.05731, -0.277206, 2.57585, 0.063136, 2.40473, -0.251215, 0.8
2.79127,-0.0877403, 2.73316, -0.0892018, 3.06168, 0.0883948, 3.03594, -0.262422, 2.55542, 0.0762033, 2.58807, -0.255471, 3.05785, 0.084763, 3.03083, -0.26318, 2.54996, 0.0758537, 2.58751, -0.257494, 0.7
2.86364,-0.105124, 2.83708, -0.118192, 3.06785, 0.0872183, 3.142, -0.270032, 2.66368, 0.0694492, 2.59452, -0.255764, 3.06168, 0.0883948, 3.1601, -0.275423, 2.68144, 0.0632023, 2.58807, -0.255471, 0.5
2.95472,-0.0770978, 2.89777, -0.0726261, 3.25602, 0.0930849, 3.14987, -0.268979, 2.67098, 0.0671865, 2.7794, -0.250173, 3.25094, 0.0972542, 3.142, -0.270032, 2.66368, 0.0694492, 2.7752, -0.243438, 0.8
2.98912,-0.082145, 2.95952, -0.0990572, 3.25868, 0.0927782, 3.23532, -0.261509, 2.75686, 0.0773147, 2.78106, -0.248937, 3.25602, 0.0930849, 3.24778, -0.267437, 2.77334, 0.0687279, 2.7794, -0.250173, 0.3
3.09453,-0.0653157, 3.07998, -0.121085, 3.42986, 0.102242, 3.24061, -0.262033, 2.76567, 0.077546, 2.95176, -0.239149, 3.25868, 0.0927782, 3.44991, -0.28424, 2.97397, 0.0545837, 2.78106, -0.248937, 0.9
3.19464,-0.0815271, 3.15219, -0.0775969, 3.43593, 0.100687, 3.48664, -0.244128, 3.00061, 0.0831657, 2.95794, -0.240227, 3.42986, 0.102242, 3.48909, -0.252052, 3.01283, 0.0875274, 2.95176, -0.239149, 0.9
3.25887,-0.0684102, 3.19764, -0.0590787, 3.52749, 0.102468, 3.49118, -0.243484, 3.00435, 0.0832911, 3.04866, -0.238498, 3.52441, 0.101299, 3.48664, -0.244128, 3.00061, 0.0831657, 3.04455, -0.23497, 0.4
3.27632,-0.0742196, 3.24974, -0.0946177, 3.52191, 0.107142, 3.51654, -0.244072, 3.03432, 0.0904466, 3.04669, -0.231485, 3.52749, 0.102468, 3.53032, -0.247423, 3.04916, 0.0793519, 3.04866, -0.238498, 0.1
3.33911,-0.0487471, 3.31379, -0.10957, 3.62472, 0.118984, 3.5183, -0.243998, 3.03496, 0.0886455, 3.14239, -0.225426, 3.52191, 0.107142, 3.64089, -0.258963, 3.16184, 0.0755556, 3.04669, -0.231485, 0.5
3.37304,-0.0612206, 3.34758, -0.0759225, 3.62571, 0.12336, 3.62086, -0.241248, 3.14253, 0.0986135, 3.1453, -0.225693, 3.62472, 0.118984, 3.63905, -0.238518, 3.15877, 0.094125, 3.14239, -0.225426, 0.4
3.48958,-0.0227383, 3.47611, -0.100455, 3.80937, 0.140784, 3.61707, -0.23693, 3.15022, 0.100463, 3.32634, -0.208963, 3.62571, 0.12336, 3.83712, -0.260707, 3.35465, 0.079155, 3.1453, -0.225693, 0.9
3.52811,-0.0193591, 3.54276, -0.0287147, 3.76174, 0.138036, 3.79543, -0.203072, 3.31862, 0.12776, 3.33068, -0.175343, 3.80937, 0.140784, 3.82691, -0.214173, 3.35563, 0.12322, 3.32634, -0.208963, 0.7
3.64628,-0.0346839, 3.64247, 0.0315793, 3.96395, 0.120284, 3.8635, -0.13908, 3.33172, 0.127523, 3.49355, -0.197745, 3.96296, 0.183133, 3.79543, -0.203072, 3.31862, 0.12776, 3.50727, -0.152186, 0.9
3.7276,-0.0386914, 3.71782, 0.00252834, 3.93367, 0.0579094, 4.03187, -0.178235, 3.52982, 0.129356, 3.49732, -0.194876, 3.96395, 0.120284, 4.01474, -0.120079, 3.50609, 0.146524, 3.49355, -0.197745, 0.8
3.77583,-0.0513666, 3.79721, -0.0576949, 4.02667, 0.0908916, 4.01986, -0.173532, 3.53205, 0.128569, 3.56665, -0.212495, 4.02279, 0.076533, 4.03187, -0.178235, 3.52982, 0.129356, 3.56778, -0.228042, 0.4
3.78722,-0.0386026, 3.7889, -0.00648446, 4.02586, 0.0917222, 4.02631, -0.191009, 3.54363, 0.133109, 3.56751, -0.21144, 4.02667, 0.0908916, 4.00452, -0.160567, 3.52404, 0.141533, 3.56665, -0.212495, 0.1
3.79604,-0.0450222, 3.79235, -0.0044019, 4.03725, 0.111188, 4.02487, -0.184103, 3.54466, 0.132606, 3.56731, -0.213992, 4.02586, 0.0917222, 4.00571, -0.178058, 3.53057, 0.14606, 3.56751, -0.21144, 0.1
3.86182,-0.057681, 3.86861, -0.0225132, 4.03802, 0.108989, 4.12696, -0.213364, 3.6631, 0.122063, 3.56714, -0.215411, 4.03725, 0.111188, 4.12008, -0.17822, 3.64306, 0.138489, 3.56731, -0.213992, 0.6
3.91379,-0.049942, 4.04604, -0.00962521, 4.2051, 0.117097, 4.12812, -0.212876, 3.66542, 0.12244, 3.72997, -0.217839, 4.31769, 0.154004, 4.12768, -0.213021, 3.66471, 0.122241, 3.84494, -0.185076, 0.9
4.00428,-0.0841986, 4.02335, -0.0453004, 4.21845, 0.110057, 4.24252, -0.236252, 3.77177, 0.101218, 3.72697, -0.21681, 4.21633, 0.111731, 4.22981, -0.211283, 3.76548, 0.130028, 3.72585, -0.215222, 0.4
4.04934,-0.0645907, 4.10074, -0.0638092, 4.31739, 0.110998, 4.24498, -0.235633, 3.7745, 0.073737, 3.8365, -0.228403, 4.31573, 0.122004, 4.24252, -0.236252, 3.77177, 0.101218, 3.83517, -0.213518, 0.5
4.13562,-0.0974121, 4.15487, -0.058388, 4.30676, 0.110766, 4.42059, -0.261301, 3.94773, 0.0682224, 3.8401, -0.23009, 4.31739, 0.110998, 4.40179, -0.208135, 3.93117, 0.101235, 3.8365, -0.228403, 0.8
4.18294,-0.0751922, 4.22095, -0.0861957, 4.41793, 0.100323, 4.42242, -0.259946, 3.94797, 0.0755691, 3.93462, -0.2363, 4.40684, 0.0968697, 4.42059, -0.261301, 3.94773, 0.0682224, 3.94266, -0.245165, 0.4
4.27874,-0.114308, 4.33452, -0.029267, 4.42342, 0.0979948, 4.60067, -0.280737, 4.12292, 0.0597907, 3.93794, -0.238129, 4.59788, 0.127061, 4.42242, -0.259946, 3.94797, 0.0755691, 4.12024, -0.214988, 0.9
4.31664,-0.132442, 4.38593, -0.105614, 4.58709, 0.0618, 4.59829, -0.284306, 4.14049, 0.0707188, 4.10117, -0.273843, 4.59998, 0.0735486, 4.60067, -0.280737, 4.12292, 0.0597907, 4.12493, -0.268766, 0.7
4.37257,-0.130375, 4.40767, -0.121277, 4.58499, 0.0596844, 4.62732, -0.29288, 4.15726, 0.0535976, 4.10283, -0.273616, 4.61664, 0.0548218, 4.59829, -0.284306, 4.14049, 0.0707188, 4.14044, -0.285437, 0.2
4.37682,-0.121707, 4.4182, -0.13, 4.60695, 0.0529533, 4.62614, -0.293852, 4.15377, 0.0425085, 4.12743, -0.285436, 4.60572, 0.0505663, 4.62732, -0.29288, 4.15726, 0.0535976, 4.13102, -0.288551, 0.1
4.46938,-0.133424, 4.51834, -0.0864224, 4.60963, 0.050469, 4.78232, -0.300579, 4.31036, 0.0370905, 4.12776, -0.28649, 4.79011, 0.0832003, 4.62614, -0.293852, 4.15377, 0.0425085, 4.31625, -0.259865, 0.9
4.53448,-0.123293, 4.5808, -0.126802, 4.81162, 0.0510473, 4.78382, -0.300056, 4.31217, 0.0379533, 4.33268, -0.291904, 4.80536, 0.0533074, 4.78232, -0.300579, 4.31036, 0.0370905, 4.33261, -0.29002, 0.8
4.57428,-0.13224, 4.59726, -0.11253, 4.79714, 0.0554661, 4.82063, -0.30089, 4.34376, 0.037254, 4.32724, -0.291784, 4.81162, 0.0510473, 4.80259, -0.291682, 4.32924, 0.0463271, 4.33268, -0.291904, 0.2
4.66642,-0.10745, 4.71978, -0.0926919, 4.98131, 0.0621818, 4.82451, -0.299399, 4.34568, 0.0359147, 4.50516, -0.28281, 4.98283, 0.0790346, 4.82063, -0.30089, 4.34376, 0.037254, 4.51231, -0.268248, 0.9
4.75706,-0.122758, 4.76228, -0.0908939, 4.97811, 0.0626374, 5.01732, -0.298703, 4.52938, 0.0364988, 4.50424, -0.276293, 4.98131, 0.0621818, 4.99984, -0.272673, 4.52494, 0.0626405, 4.50516, -0.28281, 0.8
4.8223,-0.0900771, 4.86301, -0.0998184, 5.08415, 0.0806614, 5.01975, -0.295071, 4.52773, 0.0384996, 4.61253, -0.266494, 5.08486, 0.0691678, 5.01732, -0.298703, 4.52938, 0.0364988, 4.60954, -0.269927, 0.5
4.8519,-0.102121, 4.88299, -0.095338, 5.08084, 0.0817609, 5.10053, -0.287772, 4.62321, 0.0535928, 4.61387, -0.266167, 5.08415, 0.0806614, 5.09478, -0.280915, 4.61242, 0.052656, 4.61253, -0.266494, 0.4
4.91164,-0.0811054, 4.96612, -0.0760869, 5.18205, 0.0865742, 5.09171, -0.283132, 4.62555, 0.054555, 4.71001, -0.258299, 5.18357, 0.0894317, 5.10053, -0.287772, 4.62321, 0.0535928, 4.71749, -0.256331, 0.5
4.94365,-0.0979511, 4.9781, -0.0658281, 5.18441, 0.0857997, 5.19128, -0.273428, 4.68843, 0.0640176, 4.69818, -0.26779, 5.18205, 0.0865742, 5.1722, -0.264703, 4.70597, 0.0729839, 4.71001, -0.258299, 0.4
5.00023,-0.0755954, 5.05958, -0.0784365, 5.27942, 0.0910752, 5.19323, -0.272516, 4.68921, 0.0648503, 4.79639, -0.255029, 5.28208, 0.0916735, 5.19128, -0.273428, 4.68843, 0.0640176, 4.80076, -0.254456, 0.5
5.04846,-0.0950919, 5.06713, -0.0810643, 5.27314, 0.100383, 5.29168, -0.275248, 4.8198, 0.0695935, 4.79722, -0.253244, 5.27942, 0.0910752, 5.28162, -0.260722, 4.79241, 0.0766443, 4.79639, -0.255029, 0.5
5.10289,-0.0716184, 5.15752, -0.0667149, 5.37473, 0.100472, 5.29282, -0.274077, 4.821, 0.0707475, 4.89868, -0.247172, 5.37464, 0.104504, 5.29168, -0.275248, 4.8198, 0.0695935, 4.90457, -0.243417, 0.5
5.13821,-0.0871426, 5.17139, -0.0625987, 5.37629, 0.100114, 5.38871, -0.262844, 4.89366, 0.0713182, 4.89468, -0.248041, 5.37473, 0.100472, 5.36929, -0.261646, 4.90017, 0.0831782, 4.89868, -0.247172, 0.4
5.19668,-0.0648766, 5.26018, -0.0649704, 5.47446, 0.110202, 5.3918, -0.261484, 4.89448, 0.0724792, 4.99399, -0.237139, 5.47564, 0.107584, 5.38871, -0.262844, 4.89366, 0.0713182, 4.99696, -0.236592, 0.5
5.29548,-0.0987062, 5.31262, -0.0751084, 5.4731, 0.112125, 5.59135, -0.271734, 5.10467, 0.069311, 4.99712, -0.238247, 5.47446, 0.110202, 5.56733, -0.248202, 5.08242, 0.0857614, 4.99399, -0.237139, 0.9
5.32053,-0.0435085, 5.37442, -0.091968, 5.57532, 0.106861, 5.5827, -0.269227, 5.09777, 0.0735592, 5.07641, -0.206005, 5.55188, 0.0883404, 5.59135, -0.271734, 5.10467, 0.069311, 5.08286, -0.257131, 0.3
5.26933,0.116373, 5.42752, -0.0301509, 5.56982, 0.117037, 5.58864, -0.160035, 5.13558, 0.209695, 5.06141, -0.184268, 5.68279, 0.11173, 5.5827, -0.269227, 5.09777, 0.0735592, 5.18409, -0.193451, 0.5
5.37209,0.222163, 5.42032, 0.0875076, 5.64286, 0.272992, 5.61551, -0.128088, 5.15357, 0.219925, 5.14751, -0.0464409, 5.69085, 0.191932, 5.58864, -0.160035, 5.13558, 0.209695, 5.18186, -0.101875, 0.6
5.37956,0.255996, 5.44204, 0.16145, 5.64292, 0.275736, 5.71138, 0.00198685, 5.24804, 0.341163, 5.14883, -0.0439341, 5.64286, 0.272992, 5.72995, -0.0904226, 5.27505, 0.257591, 5.14751, -0.0464409, 0.8
5.50545,0.280647, 5.53142, 0.244302, 5.77579, 0.379667, 5.69475, 0.0237924, 5.25753, 0.339591, 5.29923, 0.043243, 5.76609, 0.373286, 5.71138, 0.00198685, 5.24804, 0.341163, 5.29139, 0.0362298, 0.6
5.52501,0.278442, 5.529, 0.286584, 5.77842, 0.378955, 5.76846, 0.0709179, 5.30645, 0.402086, 5.29963, 0.049396, 5.77579, 0.379667, 5.73763, 0.0823583, 5.28533, 0.398157, 5.29923, 0.043243, 0.3
5.55357,0.24555, 5.53846, 0.29029, 5.80806, 0.399849, 5.76748, 0.0697109, 5.306, 0.399955, 5.32825, 0.0636323, 5.77842, 0.378955, 5.75794, 0.0994212, 5.29383, 0.430589, 5.29963, 0.049396, 0.2
5.55932,0.236469, 5.57227, 0.264322, 5.80742, 0.39911, 5.78784, 0.0672552, 5.3172, 0.405153, 5.32612, 0.0655986, 5.80806, 0.399849, 5.76722, 0.0881427, 5.30044, 0.418386, 5.32825, 0.0636323, 0.1
5.65253,0.236384, 5.67657, 0.239491, 5.96316, 0.404306, 5.79095, 0.0678011, 5.32106, 0.404993, 5.48371, 0.0658805, 5.80742, 0.39911, 5.95387, 0.0685927, 5.48282, 0.406491, 5.32612, 0.0655986, 0.9
5.70963,0.227496, 5.72765, 0.268242, 5.95948, 0.401017, 5.96977, 0.0575013, 5.48982, 0.398066, 5.48025, 0.0699296, 5.96316, 0.404306, 5.94749, 0.0932397, 5.47672, 0.430432, 5.48371, 0.0658805, 0.7
5.82083,0.259972, 5.86534, 0.266228, 6.14155, 0.422413, 5.97588, 0.05708, 5.49206, 0.399415, 5.66201, 0.0841744, 6.14036, 0.429756, 5.96977, 0.0575013, 5.48982, 0.398066, 5.66212, 0.0937543, 0.9
5.89067,0.267843, 5.9222, 0.271231, 6.13845, 0.426887, 6.18393, 0.0776672, 5.70175, 0.42272, 5.66191, 0.0794433, 6.14155, 0.422413, 6.17249, 0.0818793, 5.69518, 0.424215, 5.66201, 0.0841744, 0.9
5.96215,0.263787, 6.00872, 0.277111, 6.22211, 0.430533, 6.18629, 0.0771233, 5.70182, 0.422686, 5.74281, 0.0876701, 6.22396, 0.441155, 6.18393, 0.0776672, 5.70175, 0.42272, 5.7489, 0.0976786, 0.4
6.05692,0.230153, 6.08219, 0.256392, 6.22699, 0.428989, 6.36972, 0.0659512, 5.88865, 0.409966, 5.74651, 0.0862001, 6.22211, 0.430533, 6.35793, 0.0746318, 5.87905, 0.420195, 5.74281, 0.0876701, 0.9
6.14444,0.24452, 6.17687, 0.246463, 6.42448, 0.420536, 6.37572, 0.0656887, 5.89577, 0.409306, 5.93257, 0.0804349, 6.41623, 0.425906, 6.36972, 0.0659512, 5.88865, 0.409966, 5.94191, 0.0823989, 0.8
6.25342,0.21197, 6.27738, 0.237673, 6.43183, 0.418638, 6.56784, 0.0502277, 6.08927, 0.391056, 5.92415, 0.0773234, 6.42448, 0.420536, 6.55791, 0.0570758, 6.07598, 0.400693, 5.93257, 0.0804349, 0.9
6.38311,0.232671, 6.36622, 0.236662, 6.65381, 0.40703, 6.57559, 0.0508466, 6.15946, 0.36847, 6.13428, 0.0799702, 6.63615, 0.411547, 6.56784, 0.0502277, 6.08927, 0.391056, 6.14745, 0.0680488, 0.9
6.48184,0.188284, 6.51135, 0.225621, 6.6596, 0.405208, 6.78463, 0.0273871, 6.33134, 0.360825, 6.1384, 0.0780242, 6.65381, 0.40703, 6.79635, 0.0695109, 6.34791, 0.387134, 6.13428, 0.0799702, 0.9
6.55569,0.187031, 6.56731, 0.227041, 6.86016, 0.37899, 6.78935, 0.025847, 6.33483, 0.358707, 6.36425, 0.0424841, 6.86082, 0.404486, 6.78463, 0.0273871, 6.33134, 0.360825, 6.36491, 0.0674313, 0.9
