0.292562,-0.0715065, 0.288994, -0.0705263, 0.53697, 0.0590604, 0.526597, -0.204176, 0.028553, 0.0537587, 0.0401616, -0.201928, 0.547209, 0.0452587, 0.519191, -0.215517, 0.0353794, 0.0688732, 0.03425, -0.185416, 0.1,0.0291792, 0.0205656
0.303401,-0.0705047, 0.314325, -0.0727333, 0.521785, 0.0593831, 0.561813, -0.199073, 0.062645, 0.0510707, 0.0253599, -0.198615, 0.543282, 0.0436827, 0.572663, -0.218257, 0.0896122, 0.0667132, 0.0296953, -0.183272, 0.5,0.183993, 0.208043
0.395393,-0.0770711, 0.387457, -0.0751899, 0.695054, 0.0481531, 0.55673, -0.205353, 0.0559062, 0.0520727, 0.195741, -0.206626, 0.723911, 0.0364391, 0.556594, -0.216167, 0.0720309, 0.0692906, 0.213223, -0.191683, 0.5,0.424049, 0.485778
0.540214,-0.0887754, 0.533664, -0.0849713, 0.6754, 0.0449819, 0.858614, -0.231284, 0.364912, 0.0361766, 0.175876, -0.217821, 0.705468, 0.0338229, 0.859756, -0.230188, 0.374577, 0.0552767, 0.190988, -0.193389, 0.5,0.619181, 0.550335
0.705603,-0.0985775, 0.701943, -0.0979127, 1.04841, 0.0351826, 0.855691, -0.233954, 0.359338, 0.0274697, 0.556306, -0.22324, 1.09814, 0.0169419, 0.861028, -0.235838, 0.376707, 0.0471346, 0.585316, -0.217688, 0.5,0.561056, 0.575894
0.834835,-0.0939595, 0.864921, -0.107121, 1.03426, 0.0424157, 1.14995, -0.219308, 0.641296, 0.0380775, 0.548281, -0.227269, 1.09814, 0.0169419, 1.16378, -0.252942, 0.679456, 0.0300301, 0.585316, -0.217688, 0.5,0.385119, 0.511687
0.963082,-0.101154, 1.00618, -0.115101, 1.27957, 0.0268182, 1.15484, -0.231181, 0.64318, 0.028745, 0.781422, -0.235974, 1.38054, 0.000987151, 1.16378, -0.252942, 0.679456, 0.0300301, 0.867713, -0.233643, 0.5,0.448206, 0.494864
1.11315,-0.112574, 1.09622, -0.111238, 1.2874, 0.0188673, 1.43399, -0.244825, 0.937808, 0.0104827, 0.793341, -0.251852, 1.31392, 0.00187895, 1.43163, -0.26572, 0.941432, 0.0327063, 0.794396, -0.222052, 0.4,0.499281, 0.482983
1.23008,-0.125844, 1.23463, -0.121722, 1.53069, 0.00442037, 1.41868, -0.258253, 0.921485, 0.00363223, 1.03564, -0.264029, 1.55641, -0.016488, 1.43163, -0.26572, 0.941432, 0.0327063, 1.03688, -0.240418, 0.4,0.361664, 0.427892
1.33455,-0.127153, 1.31961, -0.132734, 1.52477, 0.00142106, 1.63956, -0.253534, 1.14043, 0.00226825, 1.03108, -0.264756, 1.56232, -0.0209944, 1.61222, -0.283711, 1.13732, 0.0167639, 1.04709, -0.241, 0.1,0.464441, 0.274429
1.46934,-0.123011, 1.38619, -0.137859, 1.82397, 0.0221998, 1.59793, -0.257772, 1.09792, 0.00138351, 1.333, -0.238527, 1.66085, -0.0285782, 1.61222, -0.283711, 1.13732, 0.0167639, 1.14563, -0.248584, 0.1,0.708314, 0.105557
1.65913,-0.121057, 1.40833, -0.139562, 1.86629, 0.0219068, 1.95699, -0.247789, 1.4547, 0.0122866, 1.38261, -0.248229, 1.66085, -0.0285782, 1.64336, -0.286108, 1.16847, 0.0143667, 1.14563, -0.248584, 0.1,0.239119, 0.0550354
1.71611,-0.143391, 1.68303, -0.123061, 1.97113, -0.025976, 1.96919, -0.266281, 1.46841, -0.00739403, 1.47271, -0.281749, 1.96857, -0.0130635, 1.95033, -0.276821, 1.46945, 0.0208637, 1.46545, -0.242934, 0.2,-0.00158287, 0.0391203
1.726,-0.151959, 1.73826, -0.145247, 1.96475, -0.0252716, 1.98241, -0.282334, 1.48598, -0.0319257, 1.46624, -0.282416, 1.98349, -0.0396059, 1.95714, -0.280566, 1.48006, 0.0191513, 1.46238, -0.253333, 0.6,0.169007, 0.223724
1.81007,-0.157182, 1.84864, -0.154495, 2.12843, -0.0326691, 1.95544, -0.283288, 1.46135, -0.0270843, 1.63039, -0.28706, 2.1805, -0.0561125, 1.95714, -0.280566, 1.48006, 0.0191513, 1.65939, -0.26984, 0.5,0.585777, 0.564613
2.0385,-0.1835, 2.02488, -0.169262, 2.15617, -0.0532573, 2.41983, -0.31671, 1.92002, -0.0644466, 1.66112, -0.313557, 2.1805, -0.0561125, 2.3133, -0.310408, 1.83622, -0.0106902, 1.65939, -0.26984, 0.5,0.939525, 0.600136
2.24958,-0.197623, 2.28014, -0.20492, 2.62998, -0.0622592, 2.35855, -0.33636, 1.86008, -0.0751115, 2.13671, -0.326095, 2.70519, -0.106037, 2.40645, -0.344752, 1.93111, -0.049114, 2.18933, -0.321607, 0.5,0.858306, 0.679027
2.48597,-0.202512, 2.44697, -0.219708, 2.66602, -0.0642183, 2.82991, -0.331084, 2.32193, -0.0687319, 2.17711, -0.33217, 2.70519, -0.106037, 2.73652, -0.374012, 2.26119, -0.0783734, 2.18933, -0.321607, 0.5,0.509406, 0.476012
2.62276,-0.218862, 2.60398, -0.213714, 2.93367, -0.0878106, 2.81879, -0.348191, 2.31344, -0.0859242, 2.43365, -0.352397, 2.9409, -0.112097, 2.82637, -0.364028, 2.34617, -0.0651391, 2.42929, -0.334022, 0.5,0.434993, 0.427348
2.72444,-0.228711, 2.74735, -0.23064, 2.90627, -0.0976389, 3.04356, -0.361357, 2.53878, -0.105348, 2.4084, -0.361661, 2.95205, -0.119879, 3.07387, -0.390656, 2.59512, -0.0819416, 2.43022, -0.33206, 0.5,0.492113, 0.478252
2.88181,-0.244252, 2.86261, -0.24115, 3.20542, -0.114641, 3.05717, -0.376767, 2.55213, -0.119025, 2.70259, -0.378952, 3.25397, -0.142538, 3.0422, -0.387887, 2.56593, -0.0833897, 2.73402, -0.36094, 0.5,0.483541, 0.519831
3.0343,-0.252607, 3.01455, -0.256441, 3.21678, -0.12262, 3.35174, -0.381642, 2.85206, -0.126472, 2.71721, -0.385796, 3.22793, -0.146098, 3.34283, -0.416691, 2.86392, -0.112745, 2.70191, -0.357011, 0.4,0.478854, 0.472641
