0.00886441,0.0244757, 0.0746302, -0.030374, 0.203152, 0.170247, 0.352316, -0.156874, -0.125708, 0.187306, -0.27203, -0.173471, 0.201021, 0.168602, 0.396918, -0.196809, -0.0828184, 0.150543, -0.274993, -0.175025, 0.9
0.120063,0.0189052, 0.134158, 0.0253019, 0.439137, 0.189601, 0.355871, -0.154789, -0.119791, 0.188027, -0.0380406, -0.15572, 0.443132, 0.185497, 0.352316, -0.156874, -0.125708, 0.187306, -0.0317136, -0.157492, 0.9
0.22292,0.0042494, 0.216382, 0.0153872, 0.437601, 0.184495, 0.534337, -0.165314, 0.0586605, 0.179435, -0.0344057, -0.156734, 0.439137, 0.189601, 0.534801, -0.158752, 0.0618684, 0.184065, -0.0380406, -0.15572, 0.6
0.269882,0.0056023, 0.274003, 0.00812716, 0.555896, 0.176529, 0.536478, -0.165133, 0.0609919, 0.179496, 0.0799612, -0.166025, 0.539357, 0.179096, 0.534337, -0.165314, 0.0586605, 0.179435, 0.069302, -0.163106, 0.3
0.401063,-0.0238288, 0.397136, -0.0102553, 0.552996, 0.16723, 0.746124, -0.186959, 0.267837, 0.157348, 0.0867025, -0.168021, 0.555896, 0.176529, 0.73498, -0.192206, 0.257212, 0.152423, 0.0799612, -0.166025, 0.9
0.497684,-0.00929465, 0.510921, -0.00295585, 0.834716, 0.153566, 0.750551, -0.185977, 0.27206, 0.157956, 0.361008, -0.188978, 0.814171, 0.1664, 0.746124, -0.186959, 0.267837, 0.157348, 0.348952, -0.169872, 0.9
0.574404,0.0238608, 0.618645, -0.0122338, 0.837156, 0.155323, 0.914516, -0.152821, 0.434217, 0.188308, 0.364456, -0.187285, 0.834716, 0.153566, 0.943045, -0.200382, 0.467209, 0.143551, 0.361008, -0.188978, 0.7
0.651269,0.000963128, 0.664143, 0.0127989, 0.948467, 0.176599, 0.918457, -0.149525, 0.441055, 0.191347, 0.472434, -0.16723, 0.946645, 0.165008, 0.914516, -0.152821, 0.434217, 0.188308, 0.475921, -0.176916, 0.4
0.687927,0.011971, 0.681361, 0.0156482, 0.942063, 0.170571, 0.953805, -0.160264, 0.475356, 0.180672, 0.474187, -0.167198, 0.948467, 0.176599, 0.945098, -0.16301, 0.469237, 0.177862, 0.472434, -0.16723, 0.1
0.714374,0.00747381, 0.713512, 0.011796, 0.970744, 0.176578, 0.951743, -0.157697, 0.476879, 0.181847, 0.496372, -0.163567, 0.958339, 0.17365, 0.953805, -0.160264, 0.475356, 0.180672, 0.490199, -0.164738, 0.1
0.730141,0.00809493, 0.7287, 0.00605738, 0.971301, 0.176645, 0.977515, -0.160935, 0.500467, 0.180066, 0.497434, -0.163642, 0.970744, 0.176578, 0.971424, -0.162294, 0.496235, 0.177249, 0.496372, -0.163567, 0.1
0.74627,0.00918746, 0.747168, 0.0104235, 0.993341, 0.178496, 0.978161, -0.160826, 0.501313, 0.180057, 0.516509, -0.162581, 0.9906, 0.177979, 0.977515, -0.160935, 0.500467, 0.180066, 0.516476, -0.163179, 0.1
0.756727,0.00640192, 0.758573, 0.00543662, 0.994424, 0.178754, 1.00181, -0.162601, 0.523714, 0.178979, 0.517437, -0.162639, 0.993341, 0.178496, 0.999611, -0.162938, 0.522439, 0.177946, 0.516509, -0.162581, 0.1
0.852446,0.0288081, 0.867305, 0.0360016, 1.18025, 0.190629, 1.00769, -0.161646, 0.528879, 0.179919, 0.701788, -0.152141, 1.18783, 0.196131, 1.00181, -0.162601, 0.523714, 0.178979, 0.707378, -0.145097, 0.9
0.89673,0.0281576, 0.918434, 0.00739313, 1.18482, 0.194318, 1.19087, -0.136963, 0.712808, 0.205703, 0.703212, -0.147134, 1.18025, 0.190629, 1.19502, -0.135971, 0.719768, 0.205594, 0.701788, -0.152141, 0.5
0.998327,0.0402488, 1.0018, 0.0424795, 1.31894, 0.210358, 1.19673, -0.13612, 0.718296, 0.206543, 0.839518, -0.132386, 1.33257, 0.201514, 1.19087, -0.136963, 0.712808, 0.205703, 0.85185, -0.139894, 0.6
1.04878,0.0396453, 1.05345, 0.0286355, 1.32113, 0.210223, 1.34046, -0.127819, 0.861633, 0.215421, 0.834559, -0.127125, 1.31894, 0.210358, 1.32952, -0.126582, 0.853055, 0.216081, 0.839518, -0.132386, 0.4
1.08636,0.0405558, 1.08413, 0.0406757, 1.35453, 0.212872, 1.33164, -0.121266, 0.862145, 0.215645, 0.872622, -0.126792, 1.35901, 0.205931, 1.34046, -0.127819, 0.861633, 0.215421, 0.874678, -0.132223, 0.1
1.14288,0.0578273, 1.11709, 0.0395122, 1.35176, 0.213046, 1.4036, -0.0957531, 0.90547, 0.210246, 0.876506, -0.127657, 1.35453, 0.212872, 1.36945, -0.132228, 0.899138, 0.204684, 0.872622, -0.126792, 0.2
1.15942,0.0757137, 1.16406, 0.0561857, 1.39482, 0.257089, 1.40834, -0.0918167, 0.906654, 0.210188, 0.942933, -0.115503, 1.37557, 0.21565, 1.4036, -0.0957531, 0.90547, 0.210246, 0.90113, -0.125954, 0.1
1.20786,0.0557592, 1.21818, 0.0673347, 1.40057, 0.255421, 1.49559, -0.0947301, 0.999867, 0.220233, 0.9381, -0.108785, 1.39482, 0.257089, 1.49153, -0.102533, 0.98866, 0.199472, 0.942933, -0.115503, 0.4
1.3152,0.0913883, 1.31903, 0.0902983, 1.63818, 0.257714, 1.5066, -0.0986276, 1.00703, 0.217286, 1.16699, -0.0976795, 1.62339, 0.262276, 1.49559, -0.0947301, 0.999867, 0.220233, 1.15941, -0.102331, 0.9
1.36242,0.0818436, 1.37836, 0.0731087, 1.64079, 0.258019, 1.66142, -0.0778288, 1.17384, 0.254418, 1.16775, -0.0975848, 1.63818, 0.257714, 1.66267, -0.0768852, 1.16735, 0.239028, 1.16699, -0.0976795, 0.4
1.49341,0.098561, 1.48962, 0.105997, 1.82313, 0.269187, 1.6666, -0.076305, 1.17935, 0.255303, 1.34641, -0.0800673, 1.828, 0.268817, 1.66142, -0.0778288, 1.17384, 0.254418, 1.35441, -0.0864621, 0.8
1.54306,0.0956063, 1.56002, 0.0822167, 1.82577, 0.268999, 1.85212, -0.0683622, 1.36985, 0.27062, 1.34588, -0.0776787, 1.82313, 0.269187, 1.8424, -0.0584925, 1.35802, 0.273115, 1.34641, -0.0800673, 0.5
1.69059,0.112644, 1.68493, 0.121661, 2.03284, 0.28293, 1.85777, -0.0650537, 1.37688, 0.272116, 1.55073, -0.0603209, 2.04158, 0.280117, 1.85212, -0.0683622, 1.36985, 0.27062, 1.56141, -0.0661659, 0.9
1.77328,0.102813, 1.79305, 0.0879495, 2.03626, 0.282108, 2.11734, -0.0602884, 1.63764, 0.282128, 1.55442, -0.0607341, 2.03284, 0.28293, 2.10952, -0.0488122, 1.6308, 0.288358, 1.55073, -0.0603209, 0.8
1.8296,0.0955943, 1.8379, 0.104051, 2.12014, 0.268964, 2.11922, -0.0615454, 1.63979, 0.281594, 1.63911, -0.0725767, 2.12551, 0.27095, 2.11734, -0.0602884, 1.63764, 0.282128, 1.64816, -0.0727746, 0.2
1.87606,0.0989205, 1.87287, 0.10393, 2.11449, 0.264154, 2.1418, -0.0701752, 1.66282, 0.272135, 1.64109, -0.0726145, 2.14595, 0.264663, 2.11922, -0.0615454, 1.63979, 0.281594, 1.66636, -0.0775742, 0.1
1.89425,0.0951636, 1.89728, 0.10105, 2.1485, 0.265136, 2.143, -0.0702973, 1.66469, 0.272272, 1.67182, -0.0746407, 2.13507, 0.264641, 2.1418, -0.0701752, 1.66282, 0.272135, 1.66148, -0.0729624, 0.1
1.91429,0.0941302, 1.91114, 0.0961093, 2.14854, 0.264453, 2.16427, -0.0750419, 1.68555, 0.267269, 1.67288, -0.0749341, 2.1485, 0.265136, 2.15842, -0.0785159, 1.67983, 0.264054, 1.67182, -0.0746407, 0.1
1.92667,0.0948962, 1.92902, 0.0969236, 2.17334, 0.264793, 2.16495, -0.0749758, 1.68621, 0.267295, 1.69575, -0.0762659, 2.16949, 0.265, 2.16427, -0.0750419, 1.68555, 0.267269, 1.69356, -0.0753664, 0.1
2.01561,0.0729853, 2.0245, 0.0725725, 2.17906, 0.263653, 2.33619, -0.0904849, 1.85688, 0.253034, 1.70068, -0.0773692, 2.17334, 0.264793, 2.34003, -0.0918196, 1.85794, 0.250451, 1.69575, -0.0762659, 0.8
2.07466,0.0818705, 2.08374, 0.0840285, 2.37191, 0.248418, 2.33848, -0.0901326, 1.84996, 0.24646, 1.89345, -0.0952654, 2.3655, 0.260227, 2.33619, -0.0904849, 1.85688, 0.253034, 1.88894, -0.0821711, 0.6
2.15538,0.115141, 2.20998, 0.069066, 2.37499, 0.250827, 2.52137, -0.0583302, 2.03711, 0.281515, 1.89802, -0.0932993, 2.37097, 0.248886, 2.55521, -0.112659, 2.06673, 0.224299, 1.89333, -0.0952997, 0.9
2.27092,0.101873, 2.29543, 0.115493, 2.61094, 0.275771, 2.51396, -0.0482996, 2.04215, 0.281007, 2.13306, -0.070069, 2.61056, 0.267635, 2.52137, -0.0583302, 2.03711, 0.281515, 2.13441, -0.0753381, 0.9
2.32052,0.115771, 2.32158, 0.116915, 2.60436, 0.268044, 2.60094, -0.0565756, 2.12524, 0.28023, 2.13468, -0.069932, 2.61094, 0.275771, 2.60092, -0.0505768, 2.13333, 0.27873, 2.13306, -0.070069, 0.2
2.36481,0.109033, 2.35435, 0.12032, 2.63207, 0.278511, 2.60169, -0.0544175, 2.12711, 0.28255, 2.15664, -0.0616363, 2.60436, 0.268044, 2.61202, -0.0724866, 2.13681, 0.264319, 2.13468, -0.069932, 0.1
2.39467,0.107843, 2.39245, 0.10519, 2.63332, 0.278343, 2.6546, -0.0604132, 2.17935, 0.279835, 2.1577, -0.0615972, 2.63207, 0.278511, 2.64393, -0.0613533, 2.16865, 0.275614, 2.15664, -0.0616363, 0.2
2.41234,0.107262, 2.41388, 0.109323, 2.6643, 0.277731, 2.6555, -0.0604067, 2.18028, 0.279781, 2.18671, -0.0635809, 2.6604, 0.277448, 2.6546, -0.0604132, 2.17935, 0.279835, 2.18519, -0.0634005, 0.1
2.51658,0.0798858, 2.52474, 0.0838749, 2.67064, 0.276442, 2.85695, -0.0799382, 2.3791, 0.26246, 2.19248, -0.0648506, 2.6643, 0.277731, 2.85047, -0.0816462, 2.37143, 0.258541, 2.18671, -0.0635809, 0.9
2.57412,0.0792199, 2.58885, 0.0922828, 2.87651, 0.247448, 2.86093, -0.0838155, 2.37506, 0.252732, 2.39815, -0.0964674, 2.86846, 0.268067, 2.85695, -0.0799382, 2.3791, 0.26246, 2.39272, -0.0745459, 0.6
2.65695,0.125308, 2.71521, 0.0738201, 2.87796, 0.250243, 3.02592, -0.0530322, 2.54248, 0.285224, 2.40191, -0.0941972, 2.87651, 0.247448, 3.06881, -0.115092, 2.58254, 0.221456, 2.39815, -0.0964674, 0.9
2.77078,0.103769, 2.79907, 0.121001, 3.10901, 0.278813, 3.02496, -0.0476385, 2.54918, 0.286578, 2.63166, -0.0670987, 3.10998, 0.270313, 3.02592, -0.0530322, 2.54248, 0.285224, 2.63449, -0.0726602, 0.9
2.82696,0.117918, 2.82275, 0.120816, 3.10725, 0.276368, 3.10881, -0.0565044, 2.63133, 0.283047, 2.63425, -0.0662755, 3.10901, 0.278813, 3.10893, -0.0525542, 2.63746, 0.281662, 2.63166, -0.0670987, 0.2
2.86849,0.113076, 2.85967, 0.121844, 3.13675, 0.28384, 3.10034, -0.0497635, 2.63382, 0.282724, 2.66068, -0.0584324, 3.10725, 0.276368, 3.1205, -0.0715157, 2.64344, 0.268036, 2.63425, -0.0662755, 0.1
2.88597,0.115491, 2.88436, 0.111358, 3.13753, 0.283933, 3.13421, -0.0529855, 2.66044, 0.285148, 2.66168, -0.0582855, 3.13675, 0.28384, 3.12106, -0.0542392, 2.65411, 0.278248, 2.66068, -0.0584324, 0.1
2.90668,0.117175, 2.90312, 0.114639, 3.15845, 0.287265, 3.13369, -0.0518467, 2.66156, 0.285243, 2.68075, -0.0548494, 3.13753, 0.283933, 3.15023, -0.0600213, 2.67602, 0.278112, 2.66168, -0.0582855, 0.1
2.91738,0.115105, 2.91882, 0.112706, 3.15923, 0.287304, 3.1607, -0.0533213, 2.68479, 0.286657, 2.68142, -0.0548305, 3.15845, 0.287265, 3.15652, -0.0529882, 2.684, 0.284102, 2.68075, -0.0548494, 0.1
3.02286,0.143863, 3.02928, 0.144756, 3.34913, 0.304251, 3.16708, -0.0522184, 2.69023, 0.287736, 2.87027, -0.0393002, 3.35204, 0.304821, 3.1607, -0.0533213, 2.68479, 0.286657, 2.87082, -0.0370517, 0.9
3.06077,0.140342, 3.08739, 0.119206, 3.35159, 0.306143, 3.35699, -0.0236511, 2.87903, 0.318744, 2.86432, -0.0326841, 3.34913, 0.304251, 3.3574, -0.0232494, 2.8841, 0.316705, 2.87027, -0.0393002, 0.5
3.20472,0.151872, 3.20252, 0.165277, 3.54358, 0.322058, 3.36322, -0.0213774, 2.88571, 0.319805, 3.05928, -0.0185459, 3.56452, 0.31915, 3.35699, -0.0236511, 2.87903, 0.318744, 3.07709, -0.0192134, 0.9
3.28576,0.144686, 3.30413, 0.128374, 3.54706, 0.321611, 3.6216, -0.017399, 3.14559, 0.32459, 3.06326, -0.0190467, 3.54358, 0.322058, 3.61671, -0.00422069, 3.14121, 0.336962, 3.05928, -0.0185459, 0.8
3.34104,0.143355, 3.34365, 0.144198, 3.63071, 0.31891, 3.6178, -0.0112573, 3.14752, 0.324699, 3.14993, -0.0223917, 3.63507, 0.312256, 3.6216, -0.017399, 3.14559, 0.32459, 3.15563, -0.0292325, 0.2
3.38406,0.147608, 3.37225, 0.15518, 3.62536, 0.311721, 3.64391, -0.0190184, 3.17016, 0.319541, 3.15348, -0.0242744, 3.63071, 0.31891, 3.62804, -0.0308489, 3.15803, 0.305108, 3.14993, -0.0223917, 0.1
3.40336,0.14479, 3.4046, 0.149401, 3.65684, 0.314402, 3.64485, -0.01916, 3.1713, 0.319349, 3.18087, -0.025164, 3.64494, 0.312875, 3.64391, -0.0190184, 3.17016, 0.319541, 3.17286, -0.0238807, 0.1
3.42021,0.144354, 3.41903, 0.144719, 3.65695, 0.314245, 3.66849, -0.0238138, 3.19169, 0.316517, 3.18179, -0.0252862, 3.65684, 0.314402, 3.66218, -0.0257248, 3.18825, 0.312784, 3.18087, -0.025164, 0.1
3.43371,0.145419, 3.43584, 0.147115, 3.68083, 0.31532, 3.66933, -0.0238952, 3.19264, 0.316651, 3.20346, -0.0257884, 3.67738, 0.314973, 3.66849, -0.0238138, 3.19169, 0.316517, 3.20197, -0.0254725, 0.1
3.44623,0.142173, 3.4469, 0.142466, 3.68161, 0.315109, 3.69171, -0.0265824, 3.21362, 0.314829, 3.20409, -0.0259822, 3.68083, 0.31532, 3.68943, -0.0271882, 3.2124, 0.313358, 3.20346, -0.0257884, 0.1
3.5498,0.164721, 3.55609, 0.17192, 3.86757, 0.328609, 3.69851, -0.0247251, 3.22015, 0.316197, 3.38902, -0.0144519, 3.87553, 0.332237, 3.69171, -0.0265824, 3.21362, 0.314829, 3.39454, -0.00870826, 0.9
3.55662,0.124055, 3.61309, 0.142897, 3.86514, 0.327565, 3.88467, -0.00127796, 3.38226, 0.30632, 3.38544, -0.0174262, 3.86757, 0.328609, 3.88681, 0.00212939, 3.41191, 0.343052, 3.38902, -0.0144519, 0.5
3.59928,0.0123607, 3.69306, 0.143536, 3.96492, 0.257139, 3.88618, -0.00426039, 3.38387, 0.296643, 3.51774, -0.124193, 3.86514, 0.327565, 4.08055, -0.0414675, 3.5774, 0.26613, 3.38544, -0.0174262, 0.9
3.71005,-0.00243994, 3.72112, 0.0734215, 3.97423, 0.251337, 4.03615, -0.145668, 3.54477, 0.174603, 3.52297, -0.125715, 3.96492, 0.257139, 4.1119, -0.0502011, 3.60954, 0.250702, 3.51774, -0.124193, 0.9
3.81139,0.0636656, 3.76465, 0.0222847, 4.11306, 0.245482, 4.04057, -0.140645, 3.55163, 0.178738, 3.64448, -0.111959, 4.10595, 0.228592, 4.03615, -0.145668, 3.54477, 0.174603, 3.6596, -0.150906, 0.3
3.84573,0.0759662, 3.8601, 0.040038, 4.11748, 0.248981, 4.13407, -0.0877997, 3.65145, 0.245011, 3.64965, -0.105454, 4.11306, 0.245482, 4.12778, -0.13351, 3.64025, 0.185874, 3.64448, -0.111959, 0.3
3.88603,0.0738056, 3.88245, 0.0767285, 4.14592, 0.253326, 4.13119, -0.0859434, 3.65286, 0.244818, 3.67163, -0.0943342, 4.14718, 0.247211, 4.13407, -0.0877997, 3.65145, 0.245011, 3.68066, -0.107821, 0.1
3.90623,0.0751151, 3.90168, 0.0744465, 4.14565, 0.252867, 4.15823, -0.0911914, 3.6796, 0.246106, 3.67199, -0.0942011, 4.14592, 0.253326, 4.14889, -0.0928489, 3.67025, 0.237912, 3.67163, -0.0943342, 0.1
3.92335,0.0788666, 3.92274, 0.0798719, 4.17139, 0.25188, 4.15922, -0.0909349, 3.68051, 0.246335, 3.69466, -0.0924322, 4.16758, 0.252059, 4.15823, -0.0911914, 3.6796, 0.246106, 3.69373, -0.0959287, 0.1
3.93619,0.0748859, 3.93663, 0.0752353, 4.17217, 0.251636, 4.18241, -0.0931082, 3.70349, 0.246774, 3.69528, -0.092623, 4.17139, 0.25188, 4.17978, -0.0937545, 3.70079, 0.243515, 3.69466, -0.0924322, 0.1
3.94887,0.0790088, 3.95039, 0.0793335, 4.19491, 0.250352, 4.18335, -0.0930565, 3.70424, 0.246942, 3.71675, -0.0926889, 4.1941, 0.251107, 4.18241, -0.0931082, 3.70349, 0.246774, 3.71699, -0.0941436, 0.1
4.05341,0.0514239, 4.05813, 0.0521733, 4.20136, 0.248731, 4.37837, -0.109279, 3.89872, 0.233426, 3.72237, -0.0941259, 4.19491, 0.250352, 4.38216, -0.11013, 3.89929, 0.229868, 3.71675, -0.0926889, 0.9
4.09349,0.0573708, 4.11028, 0.0591328, 4.38445, 0.226573, 4.38098, -0.109037, 3.89771, 0.231579, 3.90572, -0.117029, 4.37541, 0.240163, 4.37837, -0.109279, 3.89872, 0.233426, 3.89919, -0.104215, 0.5
4.22989,0.0376687, 4.22908, 0.0490037, 4.39035, 0.224989, 4.57709, -0.126532, 4.09609, 0.216595, 3.91142, -0.118395, 4.38445, 0.226573, 4.58446, -0.139468, 4.10007, 0.201148, 3.90572, -0.117029, 0.9
4.33074,0.0513416, 4.33755, 0.0542587, 4.66786, 0.216953, 4.58052, -0.126215, 4.09446, 0.212423, 4.18908, -0.128399, 4.64789, 0.227517, 4.57709, -0.126532, 4.09609, 0.216595, 4.16996, -0.116562, 0.9
4.37152,0.053999, 4.37265, 0.0613702, 4.65699, 0.22022, 4.64232, -0.116692, 4.16191, 0.223807, 4.19002, -0.128024, 4.66786, 0.216953, 4.64524, -0.12352, 4.16444, 0.215119, 4.18908, -0.128399, 0.1
4.42563,0.0593349, 4.41255, 0.0532804, 4.70485, 0.22902, 4.63671, -0.115608, 4.16479, 0.22391, 4.23045, -0.11544, 4.65699, 0.22022, 4.67396, -0.133141, 4.19313, 0.207358, 4.19002, -0.128024, 0.2
4.4358,0.0623193, 4.43953, 0.0523935, 4.70568, 0.229668, 4.68141, -0.108461, 4.20563, 0.232079, 4.23031, -0.114386, 4.70485, 0.22902, 4.67207, -0.110736, 4.20066, 0.228782, 4.23045, -0.11544, 0.1
4.54668,0.0871129, 4.55223, 0.0384708, 4.89257, 0.254803, 4.68663, -0.103669, 4.21225, 0.235237, 4.41394, -0.0890965, 4.70568, 0.229668, 4.8761, -0.130793, 4.39664, 0.209747, 4.23031, -0.114386, 0.9
4.58635,0.0970122, 4.61114, 0.0617052, 4.89425, 0.254734, 4.87601, -0.0689345, 4.39915, 0.272378, 4.40309, -0.0804358, 4.89257, 0.254803, 4.88021, -0.0731017, 4.4095, 0.265804, 4.41394, -0.0890965, 0.5
4.71458,0.0988735, 4.72571, 0.0898979, 5.07049, 0.27191, 4.88184, -0.0659436, 4.4057, 0.274841, 4.58627, -0.068416, 4.89425, 0.254734, 5.07765, -0.101879, 4.59954, 0.239433, 4.40309, -0.0804358, 0.9
4.81448,0.0958166, 4.83061, 0.0784304, 5.07155, 0.271917, 5.16428, -0.067891, 4.68664, 0.276631, 4.58838, -0.0666807, 5.07049, 0.27191, 5.15255, -0.0572463, 4.67806, 0.283539, 4.58627, -0.068416, 0.9
4.97769,0.119366, 4.95909, 0.116152, 5.31436, 0.28749, 5.15703, -0.0609147, 4.69431, 0.277974, 4.83013, -0.0510048, 5.31778, 0.275811, 5.16428, -0.067891, 4.68664, 0.276631, 4.8367, -0.0627568, 0.9
5.08693,0.104344, 5.07363, 0.100797, 5.31985, 0.286327, 5.38645, -0.0628075, 4.92395, 0.283311, 4.83536, -0.0519328, 5.31436, 0.28749, 5.37899, -0.0488923, 4.9186, 0.289996, 4.83013, -0.0510048, 0.7
