0.0128611,0.0261105, 0.0750246, -0.0303572, 0.203776, 0.170565, 0.353609, -0.156561, -0.124445, 0.188367, -0.271384, -0.173574, 0.201439, 0.168807, 0.397324, -0.196957, -0.0824058, 0.150765, -0.274605, -0.175234, 0.9
0.120437,0.0189181, 0.135644, 0.0261046, 0.439509, 0.189711, 0.35627, -0.154837, -0.119407, 0.188142, -0.0376723, -0.155797, 0.443367, 0.186498, 0.353609, -0.156561, -0.124445, 0.188367, -0.0315455, -0.156894, 0.9
0.216365,0.004258, 0.215334, 0.0147475, 0.438286, 0.184461, 0.535084, -0.165537, 0.0594708, 0.179286, -0.0340134, -0.15682, 0.439509, 0.189711, 0.536141, -0.157668, 0.0631854, 0.185311, -0.0376723, -0.155797, 0.6
0.267274,0.00519406, 0.268793, 0.0082944, 0.555761, 0.175955, 0.537105, -0.1654, 0.0618139, 0.179299, 0.0797176, -0.166615, 0.540085, 0.17889, 0.535084, -0.165537, 0.0594708, 0.179286, 0.0697631, -0.163342, 0.3
0.402575,-0.0246664, 0.395295, -0.00998206, 0.552257, 0.166733, 0.746746, -0.187324, 0.269257, 0.157621, 0.0858767, -0.168444, 0.555761, 0.175955, 0.734863, -0.193367, 0.257274, 0.151332, 0.0797176, -0.166615, 0.9
0.495216,-0.0110925, 0.513191, -0.00406025, 0.829831, 0.150804, 0.751008, -0.186656, 0.27245, 0.156994, 0.356386, -0.189901, 0.813251, 0.166027, 0.746746, -0.187324, 0.269257, 0.157621, 0.347949, -0.170156, 0.9
0.57328,0.0212108, 0.616473, -0.0137082, 0.837124, 0.154535, 0.918203, -0.152043, 0.437875, 0.189603, 0.36464, -0.187863, 0.829831, 0.150804, 0.943062, -0.201513, 0.467165, 0.142137, 0.356386, -0.189901, 0.7
0.652826,-0.000480896, 0.663014, 0.0101919, 0.948556, 0.175718, 0.918864, -0.15039, 0.441373, 0.190374, 0.472604, -0.168039, 0.946669, 0.164185, 0.918203, -0.152043, 0.437875, 0.189603, 0.476163, -0.177538, 0.4
0.688606,0.0112097, 0.682632, 0.0142269, 0.941961, 0.169762, 0.954418, -0.160699, 0.475869, 0.180575, 0.474443, -0.167949, 0.948556, 0.175718, 0.945555, -0.163782, 0.469611, 0.176982, 0.472604, -0.168039, 0.1
0.715032,0.00647141, 0.714441, 0.0110794, 0.970544, 0.175642, 0.952321, -0.158705, 0.477376, 0.180807, 0.496769, -0.164685, 0.958373, 0.172735, 0.954418, -0.160699, 0.475869, 0.180575, 0.49059, -0.165619, 0.1
0.731089,0.00698288, 0.72937, 0.00505943, 0.971397, 0.175655, 0.977925, -0.161985, 0.500838, 0.178983, 0.497692, -0.164625, 0.970544, 0.175642, 0.971955, -0.163325, 0.496688, 0.176188, 0.496769, -0.164685, 0.1
0.746322,0.00813363, 0.747792, 0.00930513, 0.993843, 0.177898, 0.97865, -0.16185, 0.501745, 0.179017, 0.517066, -0.163538, 0.990757, 0.176988, 0.977925, -0.161985, 0.500838, 0.178983, 0.516787, -0.164173, 0.1
0.756676,0.00538379, 0.758812, 0.00445836, 0.994551, 0.177707, 1.00216, -0.163668, 0.52396, 0.17791, 0.517638, -0.163659, 0.993843, 0.177898, 0.999935, -0.164118, 0.522712, 0.176749, 0.517066, -0.163538, 0.1
0.855359,0.0305411, 0.867388, 0.0349997, 1.17641, 0.188277, 1.00779, -0.162807, 0.528996, 0.178732, 0.698101, -0.153958, 1.18797, 0.195057, 1.00216, -0.163668, 0.52396, 0.17791, 0.707594, -0.146142, 0.9
0.896659,0.0312665, 0.921685, 0.00814611, 1.18721, 0.194776, 1.19096, -0.134024, 0.712264, 0.209059, 0.7032, -0.144318, 1.17641, 0.188277, 1.19564, -0.136503, 0.720457, 0.205036, 0.698101, -0.153958, 0.5
0.964731,-0.000367039, 1.00579, 0.0462255, 1.29899, 0.179951, 1.19263, -0.135469, 0.715027, 0.208538, 0.816703, -0.159822, 1.33454, 0.201621, 1.19096, -0.134024, 0.712264, 0.209059, 0.851589, -0.137399, 0.6
1.03625,0.0181522, 1.03802, 0.00651978, 1.29724, 0.177366, 1.33738, -0.149755, 0.859086, 0.194592, 0.820231, -0.15933, 1.29899, 0.179951, 1.3329, -0.14682, 0.856393, 0.197188, 0.816703, -0.159822, 0.5
1.07115,0.00975562, 1.07299, 0.0124186, 1.33922, 0.183134, 1.32915, -0.141804, 0.860176, 0.194992, 0.861184, -0.156604, 1.33837, 0.17533, 1.33738, -0.149755, 0.859086, 0.194592, 0.863841, -0.162082, 0.1
1.09863,0.0156045, 1.0914, 0.0168575, 1.33591, 0.180094, 1.35272, -0.151247, 0.877637, 0.188602, 0.8625, -0.157134, 1.33922, 0.183134, 1.34, -0.155937, 0.8705, 0.180859, 0.861184, -0.156604, 0.1
1.11385,0.0133931, 1.11546, 0.0168631, 1.36261, 0.182929, 1.35272, -0.151082, 0.877074, 0.188396, 0.886018, -0.156885, 1.3552, 0.181889, 1.35272, -0.151247, 0.877637, 0.188602, 0.881517, -0.156162, 0.1
1.12773,0.0125917, 1.12785, 0.0126241, 1.36323, 0.182956, 1.37462, -0.155593, 0.897021, 0.185368, 0.886971, -0.15717, 1.36261, 0.182929, 1.3712, -0.156356, 0.895163, 0.183122, 0.886018, -0.156885, 0.1
1.14048,0.0138502, 1.1423, 0.0153175, 1.38575, 0.183658, 1.37529, -0.155507, 0.897645, 0.1854, 0.907928, -0.157555, 1.38374, 0.183752, 1.37462, -0.155593, 0.897021, 0.185368, 0.907221, -0.157307, 0.1
1.16727,0.0205516, 1.20765, -0.000612583, 1.38712, 0.184166, 1.46105, -0.151511, 0.982269, 0.190407, 0.909453, -0.157169, 1.38614, 0.183759, 1.49022, -0.170429, 1.00988, 0.176989, 0.908256, -0.15754, 0.5
1.29057,0.0393515, 1.28614, 0.038867, 1.60652, 0.203309, 1.46427, -0.147422, 0.989051, 0.191876, 1.12851, -0.139789, 1.60521, 0.198693, 1.46105, -0.151511, 0.982269, 0.190407, 1.12626, -0.142292, 0.9
1.33894,0.0261143, 1.34843, 0.025926, 1.60975, 0.202488, 1.62756, -0.138632, 1.15164, 0.203623, 1.12008, -0.13184, 1.60652, 0.203309, 1.62041, -0.127263, 1.149, 0.212035, 1.12851, -0.139789, 0.4
1.37708,0.0302776, 1.37461, 0.0302619, 1.6503, 0.202409, 1.62964, -0.138298, 1.15331, 0.203706, 1.16686, -0.136551, 1.65056, 0.195614, 1.62756, -0.138632, 1.15164, 0.203623, 1.16333, -0.139741, 0.1
1.40399,0.0298196, 1.39748, 0.0311652, 1.64943, 0.202198, 1.65775, -0.139577, 1.18014, 0.2025, 1.16834, -0.136549, 1.6503, 0.202409, 1.64427, -0.147876, 1.16782, 0.194128, 1.16686, -0.136551, 0.1
1.50194,0.0567436, 1.50681, 0.057259, 1.82606, 0.220059, 1.66407, -0.138163, 1.18552, 0.203887, 1.34589, -0.122116, 1.82191, 0.216393, 1.65775, -0.139577, 1.18014, 0.2025, 1.33795, -0.122286, 0.8
1.54541,0.0538208, 1.56876, 0.0338439, 1.82827, 0.220118, 1.84069, -0.111363, 1.36217, 0.23174, 1.34561, -0.120308, 1.82606, 0.220059, 1.84256, -0.115823, 1.36701, 0.226227, 1.34589, -0.122116, 0.5
1.62627,0.00708223, 1.68858, 0.0789581, 1.99687, 0.192759, 1.84358, -0.113997, 1.36646, 0.230153, 1.51515, -0.148354, 2.04196, 0.232526, 1.84069, -0.111363, 1.36217, 0.23174, 1.55906, -0.107454, 0.9
1.73778,0.0290052, 1.75243, 0.0113598, 1.99195, 0.186712, 2.07891, -0.143689, 1.60094, 0.201093, 1.51973, -0.147813, 1.99687, 0.192759, 2.09384, -0.129461, 1.61792, 0.21469, 1.51515, -0.148354, 0.9
1.80616,0.0211739, 1.80872, 0.022064, 2.10069, 0.192286, 2.07773, -0.138721, 1.60555, 0.202595, 1.62529, -0.147591, 2.10212, 0.183968, 2.07891, -0.143689, 1.60094, 0.201093, 1.6339, -0.1512, 0.3
1.85855,0.0214847, 1.84925, 0.0293567, 2.09336, 0.185012, 2.13359, -0.14789, 1.6573, 0.193728, 1.62786, -0.147463, 2.10069, 0.192286, 2.11915, -0.155808, 1.64758, 0.185508, 1.62529, -0.147591, 0.2
1.87932,0.0167306, 1.88092, 0.0217757, 2.13449, 0.185489, 2.13106, -0.147583, 1.65874, 0.193637, 1.66127, -0.15248, 2.12034, 0.184412, 2.13359, -0.14789, 1.6573, 0.193728, 1.65516, -0.149027, 0.1
1.90183,0.0153656, 1.89798, 0.0187802, 2.13354, 0.184362, 2.15311, -0.153784, 1.67688, 0.187884, 1.66233, -0.15301, 2.13449, 0.185489, 2.14465, -0.157586, 1.67199, 0.183635, 1.66127, -0.15248, 0.1
1.91575,0.0152655, 1.91683, 0.0179687, 2.16102, 0.184618, 2.15381, -0.153801, 1.67767, 0.187842, 1.68529, -0.15552, 2.15467, 0.184867, 2.15311, -0.153784, 1.67688, 0.187884, 1.68313, -0.153499, 0.1
1.9294,0.0118071, 1.92959, 0.0130757, 2.16189, 0.184481, 2.1755, -0.157158, 1.69763, 0.184717, 1.68613, -0.155728, 2.16102, 0.184618, 2.17269, -0.158146, 1.69622, 0.183497, 1.68529, -0.15552, 0.1
2.02189,0.0371665, 2.02702, 0.0382315, 2.33332, 0.197996, 2.18105, -0.156011, 1.70236, 0.185841, 1.85536, -0.144506, 2.33451, 0.199393, 2.1755, -0.157158, 1.69763, 0.184717, 1.85566, -0.140844, 0.8
2.06413,0.0295624, 2.08582, 0.0138921, 2.33519, 0.199577, 2.35982, -0.135945, 1.8811, 0.207183, 1.85716, -0.143091, 2.33332, 0.197996, 2.36048, -0.132265, 1.88464, 0.209587, 1.85536, -0.144506, 0.5
2.19349,0.048589, 2.20029, 0.0542183, 2.53921, 0.2163, 2.36572, -0.134847, 1.8868, 0.208382, 2.06132, -0.128177, 2.55049, 0.211957, 2.35982, -0.135945, 1.8811, 0.207183, 2.07196, -0.130398, 0.9
2.28581,0.0372166, 2.29935, 0.0243346, 2.5428, 0.215668, 2.62431, -0.124947, 2.14547, 0.219675, 2.05781, -0.122709, 2.53921, 0.2163, 2.61476, -0.120783, 2.13811, 0.222445, 2.06132, -0.128177, 0.8
2.32649,0.0272562, 2.33586, 0.0353786, 2.60184, 0.200479, 2.62542, -0.126545, 2.14689, 0.218713, 2.1215, -0.138349, 2.61095, 0.20234, 2.62431, -0.124947, 2.14547, 0.219675, 2.13088, -0.137156, 0.1
2.37411,0.029824, 2.36685, 0.037293, 2.60112, 0.198177, 2.64047, -0.139122, 2.15966, 0.203354, 2.12415, -0.138062, 2.62457, 0.195961, 2.62542, -0.126545, 2.14689, 0.218713, 2.145, -0.143532, 0.1
2.39769,0.0299035, 2.40251, 0.0357094, 2.65747, 0.198985, 2.64159, -0.139062, 2.16106, 0.203336, 2.18055, -0.140977, 2.64561, 0.199829, 2.64047, -0.139122, 2.15966, 0.203354, 2.16801, -0.137248, 0.2
2.41617,0.0287628, 2.41615, 0.0304202, 2.65813, 0.198885, 2.66781, -0.140816, 2.18812, 0.201165, 2.18149, -0.141026, 2.65747, 0.198985, 2.66497, -0.14396, 2.18488, 0.198438, 2.18055, -0.140977, 0.1
2.52968,0.0595843, 2.52988, 0.0581294, 2.85476, 0.219918, 2.67488, -0.13849, 2.19502, 0.20312, 2.37319, -0.120951, 2.85105, 0.216343, 2.66781, -0.140816, 2.18812, 0.201165, 2.371, -0.12337, 0.9
2.56731,0.0546644, 2.59399, 0.0339634, 2.85698, 0.219452, 2.8633, -0.11023, 2.38382, 0.233475, 2.36881, -0.118099, 2.85476, 0.219918, 2.86547, -0.108854, 2.38925, 0.232756, 2.37319, -0.120951, 0.5
2.71814,0.065338, 2.70809, 0.0793718, 3.04914, 0.235314, 2.87004, -0.107978, 2.39114, 0.234181, 2.5648, -0.105234, 3.06998, 0.232606, 2.8633, -0.11023, 2.38382, 0.233475, 2.58165, -0.104518, 0.9
2.78942,0.0585428, 2.8163, 0.0417016, 3.0527, 0.234729, 3.13028, -0.104918, 2.6513, 0.239489, 2.5689, -0.105405, 3.04914, 0.235314, 3.12387, -0.0903989, 2.64698, 0.25176, 2.5648, -0.105234, 0.8
2.83418,0.0484299, 2.84165, 0.0557113, 3.1122, 0.222154, 3.13185, -0.10633, 2.65326, 0.238907, 2.63164, -0.117819, 3.11943, 0.222266, 3.13028, -0.104918, 2.6513, 0.239489, 2.64052, -0.118871, 0.1
2.88289,0.050651, 2.87413, 0.0583985, 3.11027, 0.219178, 3.14775, -0.118384, 2.66877, 0.224864, 2.63414, -0.117484, 3.13469, 0.217801, 3.13185, -0.10633, 2.65326, 0.238907, 2.65487, -0.122867, 0.1
2.90596,0.0509285, 2.91167, 0.0565438, 3.167, 0.21964, 3.14948, -0.118523, 2.66882, 0.224183, 2.68927, -0.1199, 3.15455, 0.220898, 3.14775, -0.118384, 2.66877, 0.224864, 2.67777, -0.116597, 0.2
3.02228,0.0184991, 3.02092, 0.028768, 3.17294, 0.218695, 3.36035, -0.138815, 2.8803, 0.204999, 2.6959, -0.121455, 3.167, 0.21964, 3.35087, -0.138209, 2.86718, 0.204497, 2.68927, -0.1199, 0.9
3.07651,0.0232848, 3.09295, 0.0319822, 3.38, 0.191267, 3.36276, -0.141154, 2.8742, 0.196204, 2.90217, -0.151193, 3.37105, 0.21002, 3.36035, -0.138815, 2.8803, 0.204999, 2.89655, -0.131716, 0.6
3.15808,0.0701415, 3.21802, 0.0173923, 3.38337, 0.195016, 3.52921, -0.106492, 3.04462, 0.23306, 2.90893, -0.149887, 3.38, 0.191267, 3.57119, -0.172089, 3.08235, 0.165269, 2.90217, -0.151193, 0.9
3.27173,0.0492249, 3.30103, 0.065363, 3.61089, 0.2235, 3.52437, -0.101496, 3.05042, 0.231938, 3.13516, -0.121784, 3.61435, 0.215735, 3.52921, -0.106492, 3.04462, 0.23306, 3.14047, -0.127676, 0.9
3.32721,0.061907, 3.32284, 0.0662671, 3.61072, 0.222562, 3.61061, -0.110861, 3.13357, 0.227891, 3.13761, -0.120878, 3.61089, 0.2235, 3.60917, -0.105857, 3.13948, 0.227577, 3.13516, -0.121784, 0.2
3.37128,0.0595968, 3.36067, 0.0660536, 3.63937, 0.230631, 3.60019, -0.102654, 3.13544, 0.228434, 3.16144, -0.111607, 3.61072, 0.222562, 3.62181, -0.126407, 3.14524, 0.212345, 3.13761, -0.120878, 0.1
3.40049,0.0580354, 3.39867, 0.054788, 3.64086, 0.23052, 3.65833, -0.108685, 3.18521, 0.228821, 3.16302, -0.111665, 3.63937, 0.230631, 3.6438, -0.108432, 3.17813, 0.222656, 3.16144, -0.111607, 0.2
3.41804,0.0586765, 3.41901, 0.0597497, 3.67082, 0.229417, 3.65671, -0.108823, 3.18621, 0.228833, 3.19245, -0.11249, 3.66798, 0.229533, 3.65833, -0.108685, 3.18521, 0.228821, 3.19053, -0.113428, 0.1
3.43485,0.0557438, 3.4335, 0.0570642, 3.67169, 0.229529, 3.68151, -0.112698, 3.20599, 0.227525, 3.19338, -0.112689, 3.67082, 0.229417, 3.67496, -0.114163, 3.20402, 0.223493, 3.19245, -0.11249, 0.1
3.4482,0.058282, 3.44947, 0.0594147, 3.69487, 0.228886, 3.68237, -0.112528, 3.20677, 0.227649, 3.21616, -0.113367, 3.69313, 0.229467, 3.68151, -0.112698, 3.20599, 0.227525, 3.21459, -0.113636, 0.1
3.54838,0.0309018, 3.5579, 0.0321975, 3.70137, 0.226552, 3.88006, -0.131015, 3.40116, 0.211272, 3.22212, -0.114986, 3.69487, 0.228886, 3.88057, -0.130334, 3.40114, 0.209844, 3.21616, -0.113367, 0.9
3.59361,0.0332418, 3.60633, 0.0389132, 3.88372, 0.202934, 3.88247, -0.130745, 3.39897, 0.208682, 3.40474, -0.14056, 3.87579, 0.217571, 3.88006, -0.131015, 3.40116, 0.211272, 3.39936, -0.12548, 0.5
3.73037,0.0165802, 3.72898, 0.0255171, 3.88976, 0.200887, 4.0748, -0.14798, 3.59402, 0.194302, 3.41094, -0.141666, 3.88372, 0.202934, 4.08565, -0.16153, 3.601, 0.177897, 3.40474, -0.14056, 0.9
3.82568,0.0286982, 3.84188, 0.0326201, 4.16579, 0.195102, 4.07948, -0.147253, 3.59482, 0.191961, 3.68688, -0.150179, 4.14636, 0.203795, 4.0748, -0.14798, 3.59402, 0.194302, 3.66857, -0.139309, 0.9
3.87916,0.0312823, 3.88261, 0.0377979, 4.15906, 0.199196, 4.16065, -0.140409, 3.67955, 0.200603, 3.68896, -0.150029, 4.16579, 0.195102, 4.16413, -0.149116, 3.68429, 0.190099, 3.68688, -0.150179, 0.2
3.92371,0.0306849, 3.91037, 0.0366386, 4.19007, 0.202637, 4.15524, -0.136552, 3.68114, 0.201454, 3.71473, -0.142457, 4.15906, 0.199196, 4.17307, -0.155621, 3.69241, 0.185391, 3.68896, -0.150029, 0.1
3.93862,0.0326048, 3.93903, 0.0279515, 4.19085, 0.202702, 4.18779, -0.13693, 3.71091, 0.20313, 3.71573, -0.142338, 4.19007, 0.202637, 4.17676, -0.140087, 3.70241, 0.197918, 3.71473, -0.142457, 0.1
4.05779,0.0643839, 4.05285, 0.00940688, 4.38518, 0.223904, 4.1938, -0.134555, 3.71718, 0.205153, 3.90741, -0.121133, 4.19085, 0.202702, 4.38123, -0.159405, 3.90051, 0.180655, 3.71573, -0.142338, 0.9
4.09076,0.0603435, 4.12061, 0.0373786, 4.38624, 0.225236, 4.38548, -0.102827, 3.90805, 0.239272, 3.8974, -0.113852, 4.38518, 0.223904, 4.38709, -0.102717, 3.91402, 0.236991, 3.90741, -0.121133, 0.5
4.22633,0.068216, 4.22932, 0.0545676, 4.57483, 0.239814, 4.3935, -0.101132, 3.91629, 0.239871, 4.09095, -0.101852, 4.38624, 0.225236, 4.58516, -0.137002, 4.10638, 0.205098, 3.8974, -0.113852, 0.9
4.31427,0.0646127, 4.32836, 0.0473822, 4.57817, 0.239553, 4.65254, -0.100233, 4.17439, 0.243995, 4.09459, -0.102025, 4.57483, 0.239814, 4.64445, -0.0871162, 4.16926, 0.253886, 4.09095, -0.101852, 0.8
4.37147,0.0616853, 4.37266, 0.0630938, 4.66139, 0.238209, 4.64722, -0.0921342, 4.17663, 0.244115, 4.18086, -0.10359, 4.66505, 0.231082, 4.65254, -0.100233, 4.17439, 0.243995, 4.18578, -0.111237, 0.2
4.41329,0.0668311, 4.40229, 0.0734247, 4.65469, 0.230714, 4.67333, -0.09983, 4.19964, 0.238709, 4.18391, -0.105316, 4.66139, 0.238209, 4.65788, -0.111404, 4.18756, 0.224846, 4.18086, -0.10359, 0.1
4.43276,0.0639427, 4.43376, 0.0685237, 4.68544, 0.233408, 4.67432, -0.0999995, 4.20086, 0.238518, 4.21077, -0.106208, 4.67417, 0.231966, 4.67333, -0.09983, 4.19964, 0.238709, 4.20317, -0.104832, 0.1
4.53869,0.0381553, 4.54492, 0.0413772, 4.69237, 0.231091, 4.87696, -0.123488, 4.39966, 0.218226, 4.21718, -0.10778, 4.68544, 0.233408, 4.8695, -0.121483, 4.39218, 0.217034, 4.21077, -0.106208, 0.9
4.58563,0.0363387, 4.59963, 0.0460426, 4.8771, 0.206208, 4.8792, -0.123374, 4.39804, 0.215648, 4.39981, -0.136073, 4.8669, 0.221883, 4.87696, -0.123488, 4.39966, 0.218226, 4.39453, -0.118438, 0.5
4.72588,0.0271958, 4.72694, 0.0627811, 4.88371, 0.203986, 5.06789, -0.139051, 4.58664, 0.202043, 4.40702, -0.137078, 5.09008, 0.218929, 4.8792, -0.123374, 4.39804, 0.215648, 4.61264, -0.123081, 0.9
4.82064,0.0356732, 4.83564, 0.0401301, 5.15745, 0.202271, 5.072, -0.138539, 4.59068, 0.202501, 4.67948, -0.14227, 5.1381, 0.20925, 5.06789, -0.139051, 4.58664, 0.202043, 4.6622, -0.132215, 0.9
4.97366,0.00899392, 4.9602, 0.0255096, 5.15299, 0.195933, 5.3129, -0.155675, 4.82675, 0.181864, 4.68684, -0.143992, 5.15745, 0.202271, 5.31283, -0.152849, 4.8332, 0.188191, 4.67948, -0.14227, 0.9
5.06548,0.0247918, 5.07769, 0.0245036, 5.40864, 0.189973, 5.31739, -0.154542, 4.83071, 0.182426, 4.93509, -0.154242, 5.38639, 0.19621, 5.3129, -0.155675, 4.82675, 0.181864, 4.92188, -0.144737, 0.8
