-0.017588,0.00352097, 0.0812993, -0.0284309, 0.20918, 0.171051, 0.238593, -0.168996, -0.238093, 0.173542, -0.266292, -0.172345, 0.208714, 0.170668, 0.391689, -0.194984, -0.0875255, 0.149608, -0.266974, -0.172711, 0.9
0.00769504,0.00271284, 0.099066, 0.00864239, 0.25174, 0.173029, 0.239824, -0.168915, -0.236628, 0.173489, -0.225599, -0.169954, 0.382703, 0.204468, 0.238593, -0.168996, -0.238093, 0.173542, -0.0937985, -0.140148, 0.9
0.0300617,-0.00573467, 0.120788, 9.64398e-05, 0.252889, 0.172359, 0.278986, -0.174423, -0.199534, 0.167573, -0.224465, -0.170447, 0.25174, 0.173029, 0.407991, -0.145623, -0.0679027, 0.19678, -0.225599, -0.169954, 0.9
0.0497747,0.00107899, 0.141804, 0.00219359, 0.295839, 0.17323, 0.280031, -0.173798, -0.198455, 0.167987, -0.183106, -0.168966, 0.425356, 0.196311, 0.278986, -0.174423, -0.199534, 0.167573, -0.0525579, -0.147826, 0.9
0.0726523,-0.00858203, 0.162253, -0.0027418, 0.297266, 0.172692, 0.320202, -0.177389, -0.158638, 0.164338, -0.182062, -0.169422, 0.295839, 0.17323, 0.451319, -0.146712, -0.0263237, 0.195073, -0.183106, -0.168966, 0.9
0.0926334,0.000359818, 0.184488, 6.79465e-05, 0.339785, 0.173213, 0.32201, -0.177455, -0.158325, 0.163488, -0.140542, -0.167918, 0.46922, 0.192573, 0.320202, -0.177389, -0.158638, 0.164338, -0.0104807, -0.150815, 0.9
0.114663,-0.0102951, 0.205422, -0.00443645, 0.341143, 0.17261, 0.362576, -0.180163, -0.117007, 0.161185, -0.139636, -0.168476, 0.339785, 0.173213, 0.495893, -0.145365, 0.0166549, 0.195578, -0.140542, -0.167918, 0.9
0.136429,8.63696e-05, 0.227293, -0.00167896, 0.38142, 0.170809, 0.364314, -0.180795, -0.117271, 0.159746, -0.098206, -0.1702, 0.513019, 0.189284, 0.362576, -0.180163, -0.117007, 0.161185, 0.032003, -0.153021, 0.9
0.158288,-0.0124167, 0.247933, -0.00572544, 0.3849, 0.172441, 0.40518, -0.182132, -0.0748871, 0.158849, -0.0971967, -0.16773, 0.38142, 0.170809, 0.539388, -0.147418, 0.0590577, 0.193123, -0.098206, -0.1702, 0.9
0.179614,-0.000675796, 0.269366, -0.00269975, 0.427189, 0.17287, 0.407511, -0.182694, -0.0748014, 0.157454, -0.054004, -0.167998, 0.5571, 0.18669, 0.40518, -0.182132, -0.0748871, 0.158849, 0.0748752, -0.154664, 0.9
0.201951,-0.0141475, 0.290579, -0.00706591, 0.428659, 0.171758, 0.449279, -0.185716, -0.031662, 0.155589, -0.0545367, -0.167623, 0.427189, 0.17287, 0.583273, -0.146957, 0.102326, 0.193191, -0.054004, -0.167998, 0.9
0.224453,-0.000638399, 0.312806, -0.00408258, 0.470817, 0.172445, 0.450818, -0.184649, -0.0322102, 0.155316, -0.0112435, -0.167953, 0.601215, 0.184235, 0.449279, -0.185716, -0.031662, 0.155589, 0.117966, -0.156296, 0.9
0.245333,-0.0155613, 0.334611, -0.00760895, 0.472279, 0.171609, 0.492406, -0.186728, 0.0116718, 0.154389, -0.0122497, -0.167173, 0.470817, 0.172445, 0.62703, -0.146572, 0.14545, 0.193393, -0.0112435, -0.167953, 0.9
0.266188,-0.00220216, 0.355101, -0.00521263, 0.514134, 0.171643, 0.494164, -0.186593, 0.0101285, 0.153248, 0.0328513, -0.169068, 0.645011, 0.182469, 0.492406, -0.186728, 0.0116718, 0.154389, 0.160489, -0.157436, 0.9
0.288874,-0.0169485, 0.377986, -0.00846245, 0.515563, 0.171275, 0.534803, -0.186875, 0.053774, 0.153766, 0.0304577, -0.167327, 0.514134, 0.171643, 0.670657, -0.147833, 0.188134, 0.192008, 0.0328513, -0.169068, 0.9
0.310265,-0.00236065, 0.399022, -0.00628573, 0.557283, 0.170503, 0.537464, -0.188088, 0.052792, 0.151507, 0.0758363, -0.169968, 0.688847, 0.181356, 0.534803, -0.186875, 0.053774, 0.153766, 0.203797, -0.158362, 0.9
0.33284,-0.0184533, 0.421013, -0.00974146, 0.559065, 0.17044, 0.578889, -0.189257, 0.0975453, 0.151544, 0.0732504, -0.167818, 0.557283, 0.170503, 0.714816, -0.149449, 0.231769, 0.190146, 0.0758363, -0.169968, 0.9
0.352617,-0.00397766, 0.442314, -0.00767863, 0.600809, 0.170522, 0.580861, -0.189302, 0.0955681, 0.150007, 0.118928, -0.169944, 0.732282, 0.179465, 0.578889, -0.189257, 0.0975453, 0.151544, 0.246565, -0.159892, 0.9
0.375417,-0.0194512, 0.462873, -0.011573, 0.602474, 0.169575, 0.622479, -0.191558, 0.140834, 0.149474, 0.116317, -0.168769, 0.600809, 0.170522, 0.758055, -0.149303, 0.274386, 0.190006, 0.118928, -0.169944, 0.9
0.396806,-0.00410888, 0.4853, -0.00849508, 0.64406, 0.169529, 0.624089, -0.190705, 0.138517, 0.148658, 0.162152, -0.170983, 0.776191, 0.178396, 0.622479, -0.191558, 0.140834, 0.149474, 0.290139, -0.161031, 0.9
0.418181,-0.0203145, 0.506886, -0.0118138, 0.645552, 0.16837, 0.665801, -0.192872, 0.181561, 0.147165, 0.159164, -0.169349, 0.64406, 0.169529, 0.801236, -0.150175, 0.317299, 0.189188, 0.162152, -0.170983, 0.9
0.43999,-0.0049771, 0.527349, -0.0093765, 0.687233, 0.168528, 0.667327, -0.191924, 0.181337, 0.147202, 0.205127, -0.17179, 0.819017, 0.176374, 0.665801, -0.192872, 0.181561, 0.147165, 0.33277, -0.162421, 0.9
0.461031,-0.0211576, 0.550266, -0.0128112, 0.688745, 0.168045, 0.707812, -0.191917, 0.225978, 0.148417, 0.202003, -0.170007, 0.687233, 0.168528, 0.844923, -0.151377, 0.36063, 0.18775, 0.205127, -0.17179, 0.9
0.482773,-0.00626317, 0.571024, -0.00995144, 0.730242, 0.167117, 0.710485, -0.193119, 0.224286, 0.146005, 0.248111, -0.173121, 0.863198, 0.176289, 0.707812, -0.191917, 0.225978, 0.148417, 0.376552, -0.16278, 0.9
0.503921,-0.0219547, 0.593167, -0.0141084, 0.73204, 0.166742, 0.752038, -0.195055, 0.269781, 0.145801, 0.245293, -0.171255, 0.730242, 0.167117, 0.88838, -0.152706, 0.403903, 0.186419, 0.248111, -0.173121, 0.9
0.525453,-0.00770734, 0.613981, -0.0107346, 0.773161, 0.165705, 0.753531, -0.194206, 0.267322, 0.144892, 0.291034, -0.174443, 0.906549, 0.17493, 0.752038, -0.195055, 0.269781, 0.145801, 0.41989, -0.164067, 0.9
0.546522,-0.0223128, 0.623921, -0.0127814, 0.775341, 0.166032, 0.795135, -0.196044, 0.313137, 0.144839, 0.288349, -0.172187, 0.773161, 0.165705, 0.910483, -0.152262, 0.426478, 0.186836, 0.291034, -0.174443, 0.8
0.571121,-0.0074321, 0.631781, -0.0149544, 0.816922, 0.166112, 0.796576, -0.194764, 0.310607, 0.143643, 0.33241, -0.173199, 0.910885, 0.168228, 0.795135, -0.196044, 0.313137, 0.144839, 0.424453, -0.170891, 0.7
0.590848,-0.0246655, 0.642894, -0.013117, 0.818316, 0.165207, 0.837296, -0.195234, 0.355409, 0.144901, 0.331326, -0.172966, 0.816922, 0.166112, 0.916423, -0.156971, 0.432416, 0.181436, 0.33241, -0.173199, 0.6
0.612837,-0.00887543, 0.650352, -0.0179827, 0.859849, 0.164353, 0.839869, -0.196299, 0.353624, 0.142182, 0.377605, -0.175977, 0.91876, 0.160772, 0.837296, -0.195234, 0.355409, 0.144901, 0.432454, -0.178116, 0.5
0.634113,-0.0258865, 0.648565, -0.0118088, 0.861458, 0.164222, 0.880051, -0.19597, 0.398167, 0.143992, 0.374073, -0.173548, 0.859849, 0.164353, 0.90212, -0.164979, 0.418195, 0.173502, 0.377605, -0.175977, 0.3
0.656968,-0.00944074, 0.654915, -0.0203366, 0.903199, 0.164098, 0.88305, -0.197201, 0.396387, 0.140682, 0.420536, -0.176157, 0.909146, 0.149806, 0.880051, -0.19597, 0.398167, 0.143992, 0.422643, -0.188413, 0.2
0.676648,-0.0265916, 0.761901, -0.0377948, 0.904721, 0.16318, 0.924056, -0.198114, 0.441928, 0.141889, 0.417135, -0.174621, 0.903199, 0.164098, 1.07977, -0.188554, 0.590974, 0.149329, 0.420536, -0.176157, 0.9
0.69843,-0.0113902, 0.786442, -0.015188, 0.944084, 0.16012, 0.92594, -0.198789, 0.439203, 0.139144, 0.46165, -0.179469, 1.07952, 0.170381, 0.924056, -0.198114, 0.441928, 0.141889, 0.592031, -0.168334, 0.9
0.719375,-0.0272906, 0.808853, -0.0194866, 0.947969, 0.162077, 0.967706, -0.200409, 0.48544, 0.139877, 0.460264, -0.175778, 0.944084, 0.16012, 1.10436, -0.15771, 0.619393, 0.180224, 0.46165, -0.179469, 0.9
0.739553,-0.0150491, 0.829451, -0.0158473, 0.98499, 0.15826, 0.969184, -0.199863, 0.482368, 0.138098, 0.505775, -0.180103, 1.12312, 0.169387, 0.967706, -0.200409, 0.48544, 0.139877, 0.635484, -0.169349, 0.9
0.75593,-0.0305103, 0.850514, -0.0221326, 0.956455, 0.155791, 1.00526, -0.198585, 0.525752, 0.13889, 0.506492, -0.180552, 0.98499, 0.15826, 1.14499, -0.161604, 0.660142, 0.176357, 0.505775, -0.180103, 0.9
0.771096,-0.0206675, 0.862115, -0.0267388, 1.00689, 0.150439, 1.00725, -0.198192, 0.524266, 0.139435, 0.544158, -0.188583, 1.13356, 0.180012, 1.00526, -0.198585, 0.525752, 0.13889, 0.684519, -0.160427, 0.9
0.797044,-0.0337942, 0.876359, -0.0168745, 1.01014, 0.149611, 1.05011, -0.203717, 0.569037, 0.136968, 0.546223, -0.190897, 1.15069, 0.169046, 1.00725, -0.198192, 0.524266, 0.139435, 0.688418, -0.173028, 0.9
0.817221,-0.0248329, 0.876577, -0.0303937, 1.06021, 0.150241, 1.05188, -0.202948, 0.570024, 0.137519, 0.589433, -0.192092, 1.16064, 0.164025, 1.05011, -0.203717, 0.569037, 0.136968, 0.697704, -0.17978, 0.8
0.842145,-0.0363221, 0.874552, -0.0274638, 1.06211, 0.149591, 1.09459, -0.206658, 0.614214, 0.134759, 0.590501, -0.192714, 1.06021, 0.150241, 1.16635, -0.14973, 0.687083, 0.190737, 0.589433, -0.192092, 0.6
0.864803,-0.0252105, 0.878385, -0.0375393, 1.10857, 0.14714, 1.09538, -0.207273, 0.611554, 0.132539, 0.632815, -0.194519, 1.15566, 0.1556, 1.09459, -0.206658, 0.614214, 0.134759, 0.684502, -0.189001, 0.5
0.887741,-0.0389069, 0.881066, -0.0308877, 1.10853, 0.150687, 1.13822, -0.20983, 0.65723, 0.131207, 0.633841, -0.192504, 1.10857, 0.14714, 1.15939, -0.154774, 0.678107, 0.185039, 0.632815, -0.194519, 0.3
0.908985,-0.0263929, 0.883649, -0.0412007, 1.15587, 0.148221, 1.13938, -0.210969, 0.655986, 0.130492, 0.678772, -0.194122, 1.14867, 0.143755, 1.13822, -0.20983, 0.65723, 0.131207, 0.674612, -0.201288, 0.2
0.932773,-0.0403498, 0.995399, -0.0582104, 1.15769, 0.149176, 1.18221, -0.211924, 0.701481, 0.129619, 0.677271, -0.193053, 1.15587, 0.148221, 1.34136, -0.181417, 0.856054, 0.160044, 0.678772, -0.194122, 0.9
0.954613,-0.0276721, 1.01723, -0.036788, 1.2034, 0.148845, 1.18417, -0.213277, 0.700521, 0.128497, 0.724549, -0.19412, 1.32402, 0.162721, 1.18221, -0.211924, 0.701481, 0.129619, 0.843233, -0.181364, 0.9
0.977778,-0.0414096, 1.04522, -0.0398033, 1.20479, 0.148151, 1.2256, -0.212907, 0.745799, 0.128197, 0.722698, -0.195184, 1.2034, 0.148845, 1.36863, -0.148713, 0.886894, 0.193061, 0.724549, -0.19412, 0.9
0.998646,-0.0304326, 1.06316, -0.038987, 1.24255, 0.143428, 1.22523, -0.214842, 0.746093, 0.12653, 0.767653, -0.197311, 1.36854, 0.161197, 1.2256, -0.212907, 0.745799, 0.128197, 0.885726, -0.183464, 0.9
1.01732,-0.0405516, 1.07756, -0.0391478, 1.24468, 0.142937, 1.26416, -0.210667, 0.786098, 0.128023, 0.767094, -0.196102, 1.24255, 0.143428, 1.38868, -0.151314, 0.911725, 0.190058, 0.767653, -0.197311, 0.8
1.0408,-0.0297758, 1.09046, -0.0453987, 1.29325, 0.143177, 1.26761, -0.210306, 0.789873, 0.12796, 0.815601, -0.198722, 1.38828, 0.165961, 1.26416, -0.210667, 0.786098, 0.128023, 0.909, -0.173707, 0.8
1.06451,-0.0404176, 1.07235, -0.0391668, 1.29492, 0.145118, 1.31455, -0.214629, 0.839143, 0.126882, 0.81622, -0.196614, 1.29325, 0.143177, 1.38148, -0.128468, 0.906787, 0.209798, 0.815601, -0.198722, 0.5
1.09083,-0.0289849, 1.07995, -0.0467312, 1.33703, 0.142267, 1.31576, -0.214385, 0.83948, 0.126859, 0.858218, -0.198888, 1.38001, 0.152459, 1.31455, -0.214629, 0.839143, 0.126882, 0.900113, -0.190346, 0.5
1.11399,-0.0423189, 1.089, -0.0409063, 1.34165, 0.147277, 1.36466, -0.217079, 0.88781, 0.125739, 0.861012, -0.193593, 1.33703, 0.142267, 1.39335, -0.135724, 0.919525, 0.205521, 0.858218, -0.198888, 0.3
1.13795,-0.0296672, 1.09952, -0.0475741, 1.38713, 0.144233, 1.36392, -0.21865, 0.883804, 0.121521, 0.907348, -0.196498, 1.39468, 0.142539, 1.36466, -0.217079, 0.88781, 0.125739, 0.913281, -0.199448, 0.3
1.16287,-0.0456932, 1.20425, -0.0650032, 1.39132, 0.147412, 1.41373, -0.223655, 0.934561, 0.120359, 0.907644, -0.194972, 1.38713, 0.144233, 1.57564, -0.154715, 1.09439, 0.185455, 0.907348, -0.196498, 0.9
1.18742,-0.0309881, 1.13739, -0.0727283, 1.4384, 0.144441, 1.41532, -0.222821, 0.932532, 0.119521, 0.957309, -0.19751, 1.39905, 0.138342, 1.41373, -0.223655, 0.934561, 0.120359, 0.917517, -0.205932, 0.2
1.21193,-0.0475268, 1.25216, -0.0693038, 1.44001, 0.146834, 1.45905, -0.220536, 0.977624, 0.120871, 0.958257, -0.197491, 1.4384, 0.144441, 1.62838, -0.161794, 1.14412, 0.180549, 0.957309, -0.19751, 0.9
1.23587,-0.0311773, 1.26924, -0.0500986, 1.47825, 0.14199, 1.4668, -0.226459, 0.957898, 0.105696, 0.996889, -0.200158, 1.59838, 0.157219, 1.45905, -0.220536, 0.977624, 0.120871, 1.11607, -0.189409, 0.9
1.25121,-0.0497236, 1.2948, -0.0547553, 1.46786, 0.150861, 1.49996, -0.222443, 1.00794, 0.111525, 0.998408, -0.201183, 1.47825, 0.14199, 1.65495, -0.120629, 1.15048, 0.211526, 0.996889, -0.200158, 0.8
1.26998,-0.0371041, 1.3137, -0.0475849, 1.51063, 0.139706, 1.50216, -0.222067, 1.01011, 0.112101, 1.03657, -0.205056, 1.63232, 0.159751, 1.49996, -0.222443, 1.00794, 0.111525, 1.16292, -0.195768, 0.9
1.29272,-0.0525718, 1.32311, -0.0421242, 1.51378, 0.139103, 1.5468, -0.223707, 1.06225, 0.11498, 1.04242, -0.204344, 1.51063, 0.139706, 1.64106, -0.145859, 1.15244, 0.188308, 1.03657, -0.205056, 0.7
1.3158,-0.0399584, 1.32026, -0.0542221, 1.5604, 0.134489, 1.54905, -0.226604, 1.05715, 0.108181, 1.0847, -0.207202, 1.62044, 0.138606, 1.5468, -0.223707, 1.06225, 0.11498, 1.14975, -0.207527, 0.6
1.34052,-0.0546102, 1.32686, -0.0513234, 1.56584, 0.139998, 1.59714, -0.230913, 1.11166, 0.109943, 1.09079, -0.205911, 1.5604, 0.134489, 1.64269, -0.144063, 1.15414, 0.190723, 1.0847, -0.207202, 0.4
1.36609,-0.0403729, 1.33741, -0.0590768, 1.61326, 0.135215, 1.59769, -0.231702, 1.10246, 0.102761, 1.13594, -0.207937, 1.63784, 0.135023, 1.59714, -0.230913, 1.11166, 0.109943, 1.16267, -0.212961, 0.4
1.38966,-0.0594051, 1.34975, -0.0558177, 1.61751, 0.138917, 1.64516, -0.236281, 1.15789, 0.10398, 1.13061, -0.207582, 1.61326, 0.135215, 1.66155, -0.145979, 1.16986, 0.188484, 1.13594, -0.207937, 0.2
1.41442,-0.042016, 1.35913, -0.0645055, 1.66433, 0.13428, 1.64665, -0.235327, 1.15082, 0.103425, 1.18186, -0.209441, 1.65609, 0.125415, 1.64516, -0.236281, 1.15789, 0.10398, 1.16871, -0.222022, 0.2
1.43745,-0.0628493, 1.47932, -0.0819775, 1.6656, 0.13718, 1.69022, -0.235976, 1.2042, 0.104376, 1.17078, -0.207338, 1.66433, 0.13428, 1.86131, -0.171353, 1.36451, 0.167398, 1.18186, -0.209441, 0.9
1.4604,-0.0456792, 1.49343, -0.0640789, 1.71053, 0.130895, 1.69434, -0.239759, 1.20489, 0.105169, 1.22486, -0.211732, 1.8297, 0.143179, 1.69022, -0.235976, 1.2042, 0.104376, 1.33399, -0.202595, 0.9
1.48341,-0.0615404, 1.53009, -0.0636439, 1.71241, 0.133634, 1.73154, -0.235949, 1.24578, 0.106135, 1.22161, -0.210359, 1.71053, 0.130895, 1.88404, -0.143838, 1.3969, 0.20109, 1.22486, -0.211732, 0.9
1.50297,-0.0486764, 1.54342, -0.0619197, 1.74959, 0.126066, 1.71736, -0.24579, 1.24793, 0.106832, 1.26474, -0.21321, 1.87632, 0.143297, 1.73154, -0.235949, 1.24578, 0.106135, 1.38439, -0.201712, 0.9
1.52182,-0.063205, 1.55082, -0.0631024, 1.75183, 0.125652, 1.76086, -0.237408, 1.28705, 0.108073, 1.26698, -0.214031, 1.74959, 0.126066, 1.8743, -0.146411, 1.40747, 0.206211, 1.26474, -0.21321, 0.7
1.54579,-0.0479432, 1.58025, -0.0685545, 1.79782, 0.124304, 1.76411, -0.236964, 1.29435, 0.108753, 1.3162, -0.216573, 1.89187, 0.145677, 1.76086, -0.237408, 1.28705, 0.108073, 1.40455, -0.194312, 0.8
1.56809,-0.0614603, 1.57247, -0.0600095, 1.8002, 0.12707, 1.81448, -0.2389, 1.34252, 0.106418, 1.31718, -0.214513, 1.79782, 0.124304, 1.88249, -0.144002, 1.41576, 0.201715, 1.3162, -0.216573, 0.5
1.59418,-0.0480831, 1.58107, -0.0673513, 1.84671, 0.128334, 1.81632, -0.238121, 1.34313, 0.106574, 1.36722, -0.215434, 1.88488, 0.130553, 1.81448, -0.2389, 1.34252, 0.106418, 1.4006, -0.211859, 0.5
1.61773,-0.0630196, 1.58005, -0.0578797, 1.84824, 0.127754, 1.86092, -0.235353, 1.38447, 0.106645, 1.36505, -0.21512, 1.84671, 0.128334, 1.87506, -0.155509, 1.40476, 0.189187, 1.36722, -0.215434, 0.2
1.64269,-0.0505651, 1.60087, -0.0654378, 1.89563, 0.125543, 1.87003, -0.240612, 1.38659, 0.0998142, 1.41473, -0.216742, 1.90422, 0.121587, 1.86092, -0.235353, 1.38447, 0.106645, 1.41983, -0.222186, 0.3
1.66797,-0.0668004, 1.70759, -0.0861832, 1.89683, 0.127567, 1.91824, -0.240546, 1.43742, 0.100527, 1.41427, -0.217229, 1.89563, 0.125543, 2.08212, -0.174847, 1.59769, 0.16558, 1.41473, -0.216742, 0.9
1.69349,-0.0516963, 1.63039, -0.0974006, 1.94355, 0.1237, 1.9205, -0.244334, 1.43823, 0.098984, 1.46304, -0.219214, 1.88179, 0.115395, 1.91824, -0.240546, 1.43742, 0.100527, 1.40189, -0.231451, 0.1
1.7182,-0.0694806, 1.75742, -0.0930267, 1.94553, 0.126421, 1.96399, -0.241538, 1.4805, 0.099776, 1.46332, -0.218828, 1.94355, 0.1237, 2.13662, -0.187681, 1.65232, 0.155637, 1.46304, -0.219214, 0.9
1.73779,-0.0522877, 1.77406, -0.0726132, 1.98188, 0.122587, 1.97009, -0.246021, 1.44799, 0.0863347, 1.50088, -0.219819, 2.10055, 0.136391, 1.96399, -0.241538, 1.4805, 0.099776, 1.61775, -0.211104, 0.9
1.74961,-0.0660602, 1.79485, -0.0778737, 1.98277, 0.121829, 2.00086, -0.239051, 1.50215, 0.0939019, 1.50233, -0.220989, 1.98188, 0.122587, 2.16504, -0.137804, 1.6481, 0.194552, 1.50088, -0.219819, 0.8
1.76622,-0.0580004, 1.81675, -0.0677146, 2.00338, 0.112141, 2.00359, -0.238818, 1.50473, 0.0945469, 1.54163, -0.225961, 2.13556, 0.138229, 2.00086, -0.239051, 1.50215, 0.0939019, 1.65426, -0.206871, 0.9
1.78955,-0.0726253, 1.81734, -0.0693266, 2.00583, 0.11105, 2.0431, -0.246056, 1.55837, 0.093931, 1.54502, -0.22461, 2.00338, 0.112141, 2.15163, -0.15356, 1.65735, 0.179805, 1.54163, -0.225961, 0.7
1.81291,-0.0612798, 1.82746, -0.0767332, 2.05842, 0.111312, 2.04488, -0.245468, 1.55877, 0.0939221, 1.58709, -0.227802, 2.12804, 0.122712, 2.0431, -0.246056, 1.55837, 0.093931, 1.6677, -0.216852, 0.7
1.83787,-0.0754645, 1.82442, -0.0705641, 2.05899, 0.114638, 2.08483, -0.244925, 1.60283, 0.0950185, 1.58748, -0.225155, 2.05842, 0.111312, 2.13596, -0.158571, 1.65381, 0.180819, 1.58709, -0.227802, 0.4
1.86188,-0.0616023, 1.8353, -0.0812207, 2.10859, 0.115955, 2.09159, -0.248404, 1.60975, 0.0928999, 1.63438, -0.226559, 2.12963, 0.114783, 2.08483, -0.244925, 1.60283, 0.0950185, 1.65798, -0.227405, 0.4
1.88653,-0.0769346, 1.83513, -0.0714768, 2.10979, 0.11547, 2.13564, -0.248094, 1.65527, 0.0927788, 1.63049, -0.223578, 2.10859, 0.115955, 2.12785, -0.168174, 1.64942, 0.173131, 1.63438, -0.226559, 0.1
1.9101,-0.0614009, 1.845, -0.082336, 2.15933, 0.11308, 2.13993, -0.251583, 1.65392, 0.0898649, 1.68009, -0.227378, 2.13047, 0.102319, 2.13564, -0.248094, 1.65527, 0.0927788, 1.65103, -0.238288, 0.1
1.93485,-0.0787596, 1.97528, -0.102298, 2.15927, 0.116392, 2.18267, -0.250236, 1.70077, 0.0906484, 1.67962, -0.226713, 2.15933, 0.11308, 2.35394, -0.197234, 1.86616, 0.144213, 1.68009, -0.227378, 0.9
1.95932,-0.0633439, 1.89751, -0.109061, 2.20786, 0.112017, 2.19008, -0.255713, 1.70438, 0.0877856, 1.72569, -0.229778, 2.14746, 0.104279, 2.18267, -0.250236, 1.70077, 0.0906484, 1.67084, -0.241422, 0.1
1.98411,-0.0816146, 2.02326, -0.104374, 2.21031, 0.11468, 2.22823, -0.253081, 1.74528, 0.0882356, 1.7237, -0.227343, 2.20786, 0.112017, 2.40255, -0.198401, 1.91481, 0.145098, 1.72569, -0.229778, 0.9
2.00308,-0.0669245, 2.03911, -0.0842932, 2.24789, 0.108077, 2.22303, -0.263591, 1.74734, 0.088931, 1.76517, -0.230989, 2.36644, 0.121957, 2.22823, -0.253081, 1.74528, 0.0882356, 1.8786, -0.221355, 0.9
2.02222,-0.0813308, 2.05176, -0.0820462, 2.25021, 0.107414, 2.26375, -0.255107, 1.79062, 0.0895101, 1.76746, -0.23208, 2.24789, 0.108077, 2.37906, -0.163556, 1.90642, 0.188966, 1.76517, -0.230989, 0.7
2.04437,-0.0665846, 2.08143, -0.0867056, 2.29724, 0.110028, 2.26676, -0.25437, 1.78886, 0.0875024, 1.81844, -0.233203, 2.3928, 0.128672, 2.26375, -0.255107, 1.79062, 0.0895101, 1.90765, -0.211321, 0.8
2.06824,-0.0809034, 2.07287, -0.0791811, 2.29946, 0.109348, 2.31626, -0.254304, 1.83765, 0.0871255, 1.81599, -0.23293, 2.29724, 0.110028, 2.38771, -0.16037, 1.9133, 0.181502, 1.81844, -0.233203, 0.5
2.09278,-0.0680015, 2.07972, -0.0880099, 2.33997, 0.104869, 2.31792, -0.25918, 1.83833, 0.0839521, 1.85905, -0.236322, 2.3835, 0.111879, 2.31626, -0.254304, 1.83765, 0.0871255, 1.89899, -0.231519, 0.5
2.11673,-0.0828802, 2.0777, -0.0792153, 2.34767, 0.109409, 2.36844, -0.259434, 1.88914, 0.083433, 1.86411, -0.234786, 2.33997, 0.104869, 2.37839, -0.172348, 1.90211, 0.170784, 1.85905, -0.236322, 0.2
2.14361,-0.0690777, 2.09989, -0.0854785, 2.39499, 0.106462, 2.36973, -0.26213, 1.88782, 0.0812377, 1.914, -0.236358, 2.40394, 0.102115, 2.36844, -0.259434, 1.88914, 0.083433, 1.91928, -0.243082, 0.3
2.16765,-0.0864988, 2.20824, -0.105126, 2.39605, 0.108619, 2.41478, -0.259699, 1.9347, 0.0821046, 1.91402, -0.236888, 2.39499, 0.106462, 2.58127, -0.194492, 2.09831, 0.148876, 1.914, -0.236358, 0.9
2.19257,-0.072469, 2.12997, -0.117084, 2.43968, 0.102709, 2.42025, -0.265487, 1.93793, 0.078853, 1.95944, -0.240037, 2.38161, 0.0960622, 2.41478, -0.259699, 1.9347, 0.0821046, 1.9023, -0.251602, 0.1
2.21849,-0.0899127, 2.25647, -0.113818, 2.4456, 0.106887, 2.46782, -0.26372, 1.98085, 0.079501, 1.96353, -0.23896, 2.44383, 0.107844, 2.63642, -0.208159, 2.15228, 0.136398, 1.96303, -0.238977, 0.9
2.23952,-0.0715707, 2.27511, -0.0924973, 2.48152, 0.101492, 2.47001, -0.266764, 1.9549, 0.0668767, 2.00093, -0.240419, 2.60266, 0.116794, 2.46782, -0.26372, 1.98085, 0.079501, 2.11989, -0.231151, 0.9
2.25121,-0.0869709, 2.29825, -0.0961826, 2.48248, 0.100688, 2.50198, -0.259663, 2.00612, 0.073396, 2.00237, -0.241583, 2.48152, 0.101492, 2.66157, -0.160556, 2.1513, 0.173085, 2.00093, -0.240419, 0.8
2.26705,-0.0803034, 2.31936, -0.0882082, 2.50388, 0.0890491, 2.50454, -0.259545, 2.00851, 0.073885, 2.03867, -0.24799, 2.63697, 0.11722, 2.50198, -0.259663, 2.00612, 0.073396, 2.15582, -0.227006, 0.9
2.29035,-0.0941536, 2.31858, -0.0905361, 2.50633, 0.0880349, 2.54245, -0.262366, 2.05589, 0.0750439, 2.04424, -0.24552, 2.50388, 0.0890491, 2.64996, -0.176422, 2.15826, 0.157008, 2.03867, -0.24799, 0.7
2.31261,-0.0839247, 2.32892, -0.098743, 2.55905, 0.088595, 2.54611, -0.266711, 2.05967, 0.0715262, 2.08728, -0.249581, 2.62912, 0.0999999, 2.54245, -0.262366, 2.05589, 0.0750439, 2.16746, -0.237375, 0.7
2.3382,-0.09733, 2.32457, -0.0928546, 2.55965, 0.0911931, 2.59095, -0.270873, 2.11032, 0.0708225, 2.08904, -0.248197, 2.55905, 0.088595, 2.63677, -0.181322, 2.15426, 0.156915, 2.08728, -0.249581, 0.4
2.36227,-0.0842479, 2.33555, -0.103351, 2.60882, 0.0888895, 2.59249, -0.270247, 2.1097, 0.0700584, 2.13328, -0.251473, 2.62963, 0.0920357, 2.59095, -0.270873, 2.11032, 0.0708225, 2.15888, -0.249786, 0.4
2.38678,-0.0990244, 2.33537, -0.0941293, 2.61051, 0.0926406, 2.63645, -0.270457, 2.15598, 0.0703495, 2.13111, -0.245633, 2.60882, 0.0888895, 2.62888, -0.190193, 2.14949, 0.150112, 2.13328, -0.251473, 0.1
2.4114,-0.0832377, 2.34696, -0.10533, 2.66145, 0.0957713, 2.64063, -0.273755, 2.15492, 0.0678481, 2.18231, -0.247512, 2.63144, 0.0796691, 2.63645, -0.270457, 2.15598, 0.0703495, 2.15189, -0.260133, 0.1
2.43607,-0.100136, 2.47451, -0.124599, 2.66301, 0.0949411, 2.68679, -0.273164, 2.20482, 0.0684446, 2.1804, -0.247548, 2.66145, 0.0957713, 2.85561, -0.216497, 2.36791, 0.125106, 2.18231, -0.247512, 0.9
2.45933,-0.0851328, 2.4936, -0.102601, 2.71019, 0.0912157, 2.68832, -0.275508, 2.20595, 0.0678348, 2.22566, -0.249559, 2.82105, 0.105007, 2.68679, -0.273164, 2.20482, 0.0684446, 2.33771, -0.239445, 0.9
2.48501,-0.102339, 2.52863, -0.10268, 2.71261, 0.0940761, 2.72746, -0.273034, 2.24625, 0.0686011, 2.22034, -0.243047, 2.71019, 0.0912157, 2.87957, -0.180719, 2.39934, 0.162624, 2.22566, -0.249559, 0.9
2.50391,-0.0853539, 2.54026, -0.103368, 2.74914, 0.0887124, 2.72501, -0.281327, 2.24806, 0.0692373, 2.26403, -0.247774, 2.87133, 0.0991014, 2.72746, -0.273034, 2.24625, 0.0686011, 2.37779, -0.238862, 0.9
2.52326,-0.100083, 2.55251, -0.100228, 2.75172, 0.0881583, 2.76504, -0.274438, 2.29224, 0.0702882, 2.26666, -0.248709, 2.74914, 0.0887124, 2.88005, -0.181521, 2.4061, 0.169043, 2.26403, -0.247774, 0.7
2.54507,-0.0858788, 2.58198, -0.105633, 2.79486, 0.085898, 2.76799, -0.273989, 2.29116, 0.0685694, 2.31325, -0.253407, 2.8953, 0.108406, 2.76504, -0.274438, 2.29224, 0.0702882, 2.40784, -0.228851, 0.8
2.56873,-0.0993411, 2.57282, -0.098942, 2.80074, 0.0901715, 2.81964, -0.278079, 2.34225, 0.0666951, 2.31815, -0.251511, 2.79486, 0.085898, 2.88799, -0.180609, 2.41465, 0.161949, 2.31325, -0.253407, 0.5
2.59478,-0.0864077, 2.58085, -0.106073, 2.84598, 0.0874209, 2.81969, -0.278309, 2.33884, 0.0640384, 2.36529, -0.253943, 2.88595, 0.0930929, 2.81964, -0.278079, 2.34225, 0.0666951, 2.40233, -0.24977, 0.5
2.6194,-0.103262, 2.57939, -0.0980699, 2.849, 0.0907682, 2.86306, -0.275321, 2.38344, 0.0658391, 2.36548, -0.253774, 2.84598, 0.0874209, 2.88104, -0.190385, 2.40359, 0.151963, 2.36529, -0.253943, 0.2
2.64528,-0.0879982, 2.59022, -0.109288, 2.89674, 0.0878946, 2.8711, -0.281379, 2.38897, 0.0618894, 2.41576, -0.255316, 2.8833, 0.0801045, 2.86306, -0.275321, 2.38344, 0.0658391, 2.39914, -0.265456, 0.2
2.66912,-0.10573, 2.70933, -0.127036, 2.89761, 0.0897507, 2.91655, -0.279051, 2.43637, 0.0627536, 2.41515, -0.255971, 2.89674, 0.0878946, 3.08563, -0.218374, 2.60191, 0.124894, 2.41576, -0.255316, 0.9
2.69435,-0.0910538, 2.6306, -0.13638, 2.94155, 0.0838658, 2.92174, -0.284683, 2.43915, 0.0595338, 2.46112, -0.259008, 2.88245, 0.0765235, 2.91655, -0.279051, 2.43637, 0.0627536, 2.40275, -0.271381, 0.1
2.71976,-0.108838, 2.75831, -0.132385, 2.94709, 0.0879349, 2.9696, -0.283077, 2.48124, 0.0599048, 2.46538, -0.258262, 2.94155, 0.0838658, 3.13773, -0.227403, 2.65322, 0.116814, 2.46112, -0.259008, 0.9
2.74137,-0.0893694, 2.77633, -0.111531, 2.98449, 0.0835731, 2.97164, -0.286229, 2.45213, 0.0462057, 2.50257, -0.259506, 3.10362, 0.0976339, 2.9696, -0.283077, 2.48124, 0.0599048, 2.62129, -0.250759, 0.9
2.75242,-0.105356, 2.79861, -0.115192, 2.98564, 0.083272, 2.99958, -0.279324, 2.49983, 0.0539497, 2.50409, -0.260139, 2.98475, 0.0840793, 3.16688, -0.176856, 2.65251, 0.155721, 2.50306, -0.25913, 0.8
2.76912,-0.097735, 2.81935, -0.107451, 3.00235, 0.0741393, 3.00607, -0.278974, 2.50851, 0.0543963, 2.5368, -0.26573, 3.13835, 0.0992923, 2.99958, -0.279324, 2.49983, 0.0539497, 2.65567, -0.245963, 0.9
2.79234,-0.111369, 2.82009, -0.109744, 3.00874, 0.0739968, 3.0408, -0.279809, 2.55354, 0.0572356, 2.54716, -0.262332, 3.00235, 0.0741393, 3.15542, -0.191446, 2.66254, 0.141925, 2.5368, -0.26573, 0.7
2.81615,-0.100091, 2.81807, -0.118582, 3.05886, 0.0719678, 3.04874, -0.285108, 2.5619, 0.053604, 2.58734, -0.267002, 3.11091, 0.0816319, 3.0408, -0.279809, 2.55354, 0.0572356, 2.65023, -0.258548, 0.6
2.84099,-0.114283, 2.82715, -0.112439, 3.06243, 0.0762578, 3.09406, -0.288842, 2.61331, 0.0528009, 2.59161, -0.26442, 3.05886, 0.0719678, 3.1427, -0.202283, 2.65936, 0.136428, 2.58734, -0.267002, 0.4
2.86499,-0.101221, 2.83858, -0.11979, 3.11242, 0.073321, 3.09568, -0.288177, 2.61322, 0.0528611, 2.63678, -0.267659, 3.13379, 0.0757496, 3.09406, -0.288842, 2.61331, 0.0528009, 2.66285, -0.267333, 0.4
2.89103,-0.116888, 2.83956, -0.110427, 3.11351, 0.077126, 3.14028, -0.287876, 2.65975, 0.0529747, 2.63273, -0.261868, 3.11242, 0.073321, 3.13226, -0.207347, 2.65329, 0.133691, 2.63678, -0.267659, 0.1
2.91339,-0.100204, 2.8494, -0.121874, 3.16073, 0.0738529, 3.14395, -0.291403, 2.65633, 0.0502393, 2.68111, -0.266277, 3.1356, 0.0629839, 3.14028, -0.287876, 2.65975, 0.0529747, 2.65464, -0.277418, 0.1
2.93785,-0.116018, 2.97709, -0.141594, 3.16584, 0.0792095, 3.18266, -0.287689, 2.69995, 0.0530251, 2.68347, -0.264426, 3.16073, 0.0738529, 3.35957, -0.234455, 2.87017, 0.107187, 2.68111, -0.266277, 0.9
2.96351,-0.0989872, 2.99641, -0.118357, 3.2135, 0.0758989, 3.19149, -0.292518, 2.70045, 0.0468307, 2.72622, -0.267369, 3.32462, 0.0888785, 3.18266, -0.287689, 2.69995, 0.0530251, 2.84149, -0.256595, 0.9
2.98437,-0.117434, 3.03182, -0.118365, 3.21622, 0.0787761, 3.23085, -0.29047, 2.74445, 0.0495726, 2.72137, -0.264225, 3.2135, 0.0758989, 3.38634, -0.193851, 2.89753, 0.145498, 2.72622, -0.267369, 0.9
3.00366,-0.102578, 3.04293, -0.116611, 3.2508, 0.0716605, 3.21642, -0.301577, 2.74629, 0.0503579, 2.76468, -0.267325, 3.37876, 0.085025, 3.23085, -0.29047, 2.74445, 0.0495726, 2.88272, -0.258586, 0.9
3.02129,-0.117982, 3.05081, -0.116409, 3.25317, 0.071055, 3.26037, -0.292812, 2.79028, 0.0524395, 2.76698, -0.268322, 3.2508, 0.0716605, 3.37351, -0.202202, 2.90592, 0.149733, 2.76468, -0.267325, 0.7
3.04481,-0.102172, 3.07976, -0.12278, 3.29075, 0.0677065, 3.26311, -0.292399, 2.78727, 0.0498815, 2.80873, -0.27241, 3.39346, 0.0899962, 3.26037, -0.292812, 2.79028, 0.0524395, 2.90474, -0.24952, 0.8
3.06779,-0.117329, 3.07143, -0.115487, 3.30071, 0.0739785, 3.31485, -0.291478, 2.83719, 0.0502124, 2.81504, -0.269687, 3.29075, 0.0677065, 3.38554, -0.197677, 2.91311, 0.144603, 2.80873, -0.27241, 0.5
3.09269,-0.103368, 3.09055, -0.120737, 3.34502, 0.0708905, 3.31513, -0.29619, 2.83705, 0.0471605, 2.86309, -0.271368, 3.40488, 0.0779163, 3.31485, -0.291478, 2.83719, 0.0502124, 2.91756, -0.266497, 0.6
3.11595,-0.119299, 3.07761, -0.111892, 3.34774, 0.0743245, 3.36724, -0.29862, 2.8883, 0.046485, 2.86395, -0.271893, 3.34502, 0.0708905, 3.37409, -0.203194, 2.89976, 0.140157, 2.86309, -0.271368, 0.2
3.14199,-0.105971, 3.09934, -0.121626, 3.39484, 0.0723947, 3.3681, -0.298226, 2.88696, 0.0451163, 2.91413, -0.272364, 3.40337, 0.0664443, 3.36724, -0.29862, 2.8883, 0.046485, 2.91841, -0.280613, 0.3
3.16585,-0.121205, 3.20684, -0.141706, 3.3959, 0.0732556, 3.41437, -0.295948, 2.93459, 0.045919, 2.91306, -0.273301, 3.39484, 0.0723947, 3.58006, -0.231262, 3.09793, 0.11208, 2.91413, -0.272364, 0.9
3.19271,-0.10735, 3.1282, -0.15169, 3.43555, 0.0661677, 3.41936, -0.30125, 2.93705, 0.0430045, 2.95498, -0.276773, 3.3814, 0.0604863, 3.41437, -0.295948, 2.93459, 0.045919, 2.9012, -0.288093, 0.1
3.21748,-0.125259, 3.25656, -0.1486, 3.44535, 0.0711044, 3.46765, -0.303383, 2.97923, 0.0432912, 2.96345, -0.27539, 3.43555, 0.0661677, 3.63523, -0.244369, 3.15094, 0.0998855, 2.95498, -0.276773, 0.9
3.23926,-0.107072, 3.27419, -0.127876, 3.48306, 0.0670434, 3.46937, -0.302328, 2.95557, 0.0315916, 3.00114, -0.275636, 3.60211, 0.0811263, 3.46765, -0.303383, 2.97923, 0.0432912, 3.11948, -0.267438, 0.9
3.25164,-0.122377, 3.29677, -0.131574, 3.48401, 0.0663795, 3.50167, -0.295305, 3.00652, 0.0383115, 3.00246, -0.276666, 3.48306, 0.0670434, 3.66163, -0.194996, 3.15253, 0.138924, 3.00114, -0.275636, 0.8
3.26776,-0.114583, 3.3186, -0.123913, 3.50421, 0.0556131, 3.50461, -0.295125, 3.00923, 0.0381503, 3.04371, -0.282101, 3.63771, 0.082225, 3.50167, -0.295305, 3.00652, 0.0383115, 3.15498, -0.262552, 0.9
3.29004,-0.128843, 3.31836, -0.125367, 3.50679, 0.0548176, 3.54684, -0.299736, 3.0604, 0.0381802, 3.04028, -0.277583, 3.50421, 0.0556131, 3.65058, -0.209202, 3.15957, 0.124074, 3.04371, -0.282101, 0.7
3.31245,-0.118141, 3.32817, -0.132948, 3.55643, 0.0537493, 3.54693, -0.302422, 3.0603, 0.0363248, 3.0828, -0.283467, 3.63306, 0.0643645, 3.54684, -0.299736, 3.0604, 0.0381802, 3.16692, -0.271562, 0.7
3.33966,-0.133627, 3.32462, -0.126776, 3.55968, 0.0572202, 3.59149, -0.307964, 3.11099, 0.0346155, 3.08184, -0.277114, 3.55643, 0.0537493, 3.63589, -0.216512, 3.15318, 0.122234, 3.0828, -0.283467, 0.4
3.36062,-0.118265, 3.32367, -0.141297, 3.61201, 0.0605367, 3.59306, -0.307036, 3.10777, 0.0355145, 3.13322, -0.280463, 3.61235, 0.0509057, 3.59149, -0.307964, 3.11099, 0.0346155, 3.13496, -0.285715, 0.3
3.38583,-0.132001, 3.33226, -0.131156, 3.61273, 0.0602596, 3.63734, -0.305966, 3.15558, 0.0357811, 3.13128, -0.279765, 3.61201, 0.0605367, 3.63227, -0.229557, 3.15001, 0.112994, 3.13322, -0.280463, 0.1
3.41145,-0.117414, 3.3443, -0.137456, 3.66293, 0.0597447, 3.64057, -0.309091, 3.15737, 0.0351288, 3.18266, -0.282281, 3.63292, 0.0459748, 3.63734, -0.305966, 3.15558, 0.0357811, 3.15124, -0.295389, 0.1
3.43823,-0.134189, 3.47444, -0.158588, 3.66441, 0.0621036, 3.68498, -0.30641, 3.20418, 0.0358179, 3.18187, -0.281761, 3.66293, 0.0597447, 3.85528, -0.25127, 3.37002, 0.0929501, 3.18266, -0.282281, 0.9
3.46257,-0.116982, 3.49556, -0.13646, 3.71241, 0.0617617, 3.68905, -0.309748, 3.20749, 0.0346037, 3.22464, -0.281313, 3.82218, 0.0716573, 3.68498, -0.30641, 3.20418, 0.0358179, 3.33892, -0.274179, 0.9
3.48615,-0.135751, 3.53115, -0.134843, 3.71386, 0.0609097, 3.72967, -0.306601, 3.24687, 0.0356373, 3.22391, -0.281485, 3.71241, 0.0617617, 3.88035, -0.213616, 3.40069, 0.130735, 3.22464, -0.281313, 0.9
3.5054,-0.11926, 3.54316, -0.137272, 3.75039, 0.0542279, 3.72188, -0.317491, 3.24896, 0.0361741, 3.26617, -0.284488, 3.86979, 0.0673282, 3.72967, -0.306601, 3.24687, 0.0356373, 3.37841, -0.275876, 0.9
3.52342,-0.134591, 3.55477, -0.133932, 3.75296, 0.0536254, 3.76419, -0.309332, 3.29342, 0.0366844, 3.2686, -0.285487, 3.75039, 0.0542279, 3.87812, -0.219043, 3.40808, 0.134622, 3.26617, -0.284488, 0.7
3.54613,-0.119836, 3.58303, -0.139845, 3.80008, 0.0533091, 3.76739, -0.308726, 3.29048, 0.0345016, 3.31862, -0.287506, 3.89511, 0.0745633, 3.76419, -0.309332, 3.29342, 0.0366844, 3.40831, -0.264931, 0.8
3.56925,-0.134194, 3.57343, -0.133063, 3.80145, 0.0557779, 3.81488, -0.307223, 3.33691, 0.0344903, 3.31749, -0.286508, 3.80008, 0.0533091, 3.88859, -0.215163, 3.41516, 0.128064, 3.31862, -0.287506, 0.5
3.59558,-0.119951, 3.5801, -0.14147, 3.84738, 0.0574506, 3.8182, -0.312646, 3.33893, 0.0304033, 3.36786, -0.286828, 3.88422, 0.0579272, 3.81488, -0.307223, 3.33691, 0.0344903, 3.39918, -0.285422, 0.5
3.61785,-0.136535, 3.57966, -0.131768, 3.84907, 0.0565521, 3.86703, -0.311418, 3.38791, 0.0306065, 3.36554, -0.288721, 3.84738, 0.0574506, 3.87992, -0.224039, 3.40389, 0.119011, 3.36786, -0.286828, 0.2
3.64496,-0.122286, 3.58918, -0.142556, 3.89416, 0.0521848, 3.87047, -0.315455, 3.38877, 0.0276519, 3.41325, -0.290734, 3.88331, 0.0462612, 3.86703, -0.311418, 3.38791, 0.0306065, 3.39909, -0.299982, 0.2
3.66895,-0.140005, 3.70927, -0.161063, 3.89755, 0.0554063, 3.92039, -0.316172, 3.44005, 0.0271482, 3.4151, -0.290692, 3.89416, 0.0521848, 4.085, -0.25329, 3.60176, 0.089816, 3.41325, -0.290734, 0.9
3.69564,-0.124292, 3.72608, -0.142863, 3.94566, 0.0516939, 3.92193, -0.318334, 3.43919, 0.0258548, 3.46514, -0.291979, 4.05519, 0.0654075, 3.92039, -0.316172, 3.44005, 0.0271482, 3.57191, -0.28258, 0.9
3.72026,-0.143629, 3.7639, -0.143048, 3.94682, 0.0536061, 3.97024, -0.317435, 3.48191, 0.0263741, 3.46508, -0.292453, 3.94566, 0.0516939, 4.11637, -0.221147, 3.63593, 0.123041, 3.46514, -0.291979, 0.9
3.74191,-0.121057, 3.77655, -0.14636, 3.99221, 0.0557994, 3.97186, -0.319652, 3.44783, 0.0129612, 3.50242, -0.292887, 4.10314, 0.0635986, 3.97024, -0.317435, 3.48191, 0.0263741, 3.62079, -0.284706, 0.9
3.75622,-0.13915, 3.80993, -0.150082, 3.99484, 0.058104, 4.01119, -0.320415, 3.50548, 0.0205064, 3.50381, -0.29408, 3.99221, 0.0557994, 4.18924, -0.20887, 3.66984, 0.123743, 3.50242, -0.292887, 0.9
3.78385,-0.124565, 3.82169, -0.138059, 4.03168, 0.0512812, 4.0145, -0.323221, 3.50805, 0.0213423, 3.54783, -0.294313, 4.14698, 0.0605655, 4.01119, -0.320415, 3.50548, 0.0205064, 3.65613, -0.294091, 0.9
3.80462,-0.142638, 3.84036, -0.135547, 4.03623, 0.054939, 4.05442, -0.32164, 3.56525, 0.0227379, 3.55166, -0.293792, 4.03168, 0.0512812, 4.16599, -0.237289, 3.66385, 0.107274, 3.54783, -0.294313, 0.7
3.83048,-0.123775, 3.84802, -0.142496, 4.07849, 0.0512232, 4.05594, -0.320645, 3.5564, 0.0159847, 3.59724, -0.293447, 4.14066, 0.0504732, 4.05442, -0.32164, 3.56525, 0.0227379, 3.6567, -0.300114, 0.6
3.8483,-0.144792, 3.85612, -0.136049, 4.08122, 0.0534545, 4.09801, -0.321423, 3.60948, 0.0195985, 3.58933, -0.300274, 4.07849, 0.0512232, 4.15471, -0.248729, 3.65878, 0.0879004, 3.59724, -0.293447, 0.4
3.87068,-0.12995, 3.86887, -0.142923, 4.11835, 0.0459593, 4.09928, -0.320668, 3.60527, 0.0170697, 3.63402, -0.300398, 4.15711, 0.0455549, 4.09801, -0.321423, 3.60948, 0.0195985, 3.66463, -0.308373, 0.4
3.8944,-0.147248, 3.87345, -0.13994, 4.12434, 0.0503157, 4.14244, -0.322134, 3.65707, 0.0190267, 3.63562, -0.301191, 4.11835, 0.0459593, 4.15651, -0.261799, 3.66529, 0.075938, 3.63402, -0.300398, 0.2
3.91636,-0.130354, 3.97393, -0.12238, 4.1646, 0.0445824, 4.14387, -0.321315, 3.64953, 0.0133541, 3.68164, -0.300995, 4.31445, 0.055454, 4.14244, -0.322134, 3.65707, 0.0190267, 3.82236, -0.296072, 0.9
3.93651,-0.14796, 4.00554, -0.145773, 4.16857, 0.0482564, 4.18681, -0.321208, 3.70142, 0.01735, 3.67946, -0.303292, 4.1646, 0.0445824, 4.33589, -0.248488, 3.84373, 0.0861809, 3.68164, -0.300995, 0.9
3.95955,-0.133753, 4.0218, -0.143822, 4.20784, 0.0418727, 4.18822, -0.322868, 3.69347, 0.0108292, 3.7248, -0.303612, 4.33348, 0.0570944, 4.18681, -0.321208, 3.70142, 0.01735, 3.84351, -0.295134, 0.9
3.98189,-0.152862, 4.04899, -0.148611, 4.21311, 0.0455184, 4.23163, -0.326724, 3.73924, 0.0161405, 3.71469, -0.298559, 4.20784, 0.0418727, 4.37955, -0.250644, 3.88685, 0.0830531, 3.7248, -0.303612, 0.9
4.00174,-0.135682, 4.06512, -0.146832, 4.24838, 0.0411486, 4.2328, -0.326215, 3.7399, 0.0167102, 3.75863, -0.303241, 4.38146, 0.0502253, 4.23163, -0.326724, 3.73924, 0.0161405, 3.88239, -0.294392, 0.9
4.02332,-0.150503, 4.09666, -0.151791, 4.25332, 0.0464114, 4.26934, -0.323032, 3.78382, 0.0177055, 3.76149, -0.303702, 4.24838, 0.0411486, 4.4218, -0.254353, 3.93108, 0.0885718, 3.75863, -0.303241, 0.9
4.04663,-0.134593, 4.12286, -0.1438, 4.29235, 0.0402771, 4.27306, -0.325575, 3.78705, 0.0159795, 3.80873, -0.30514, 4.42357, 0.0558226, 4.26934, -0.323032, 3.78382, 0.0177055, 3.93108, -0.294821, 0.9
4.06856,-0.153689, 4.15376, -0.144063, 4.29455, 0.0410215, 4.31447, -0.326836, 3.83177, 0.0148546, 3.80297, -0.301018, 4.29235, 0.0402771, 4.45299, -0.274614, 3.96862, 0.0669408, 3.80873, -0.30514, 0.9
4.08814,-0.136607, 4.17484, -0.14248, 4.33581, 0.0393157, 4.31572, -0.325559, 3.83086, 0.0149078, 3.85093, -0.302881, 4.47007, 0.0464496, 4.31447, -0.326836, 3.83177, 0.0148546, 3.97835, -0.296165, 0.9
4.10982,-0.153696, 4.19791, -0.144774, 4.33727, 0.0380978, 4.35762, -0.327325, 3.87591, 0.0142506, 3.84893, -0.30281, 4.33581, 0.0393157, 4.49294, -0.282319, 4.00973, 0.058148, 3.85093, -0.302881, 0.9
4.1307,-0.138897, 4.21891, -0.142198, 4.379, 0.0370781, 4.35923, -0.326329, 3.87298, 0.013291, 3.89605, -0.304724, 4.51292, 0.0448738, 4.35762, -0.327325, 3.87591, 0.0142506, 4.02457, -0.296839, 0.9
4.15338,-0.155403, 4.24094, -0.146903, 4.38053, 0.0361927, 4.4, -0.326526, 3.9181, 0.0141472, 3.89234, -0.303684, 4.379, 0.0370781, 4.53699, -0.284572, 4.05246, 0.055048, 3.89605, -0.304724, 0.9
4.17448,-0.13939, 4.26282, -0.143922, 4.42208, 0.0351398, 4.40234, -0.327249, 3.9155, 0.012257, 3.93931, -0.306067, 4.55566, 0.0432932, 4.4, -0.326526, 3.9181, 0.0141472, 4.06753, -0.297462, 0.9
4.19585,-0.156109, 4.2849, -0.14734, 4.42358, 0.0345492, 4.44261, -0.327034, 3.96049, 0.0134877, 3.93561, -0.304895, 4.42208, 0.0351398, 4.58029, -0.286293, 4.09521, 0.053213, 3.93931, -0.306067, 0.9
4.21735,-0.140655, 4.30572, -0.144727, 4.46518, 0.0340255, 4.44509, -0.327884, 3.95833, 0.0113624, 3.98147, -0.306866, 4.59866, 0.0422252, 4.44261, -0.327034, 3.96049, 0.0134877, 4.11072, -0.298103, 0.9
4.23927,-0.15755, 4.3271, -0.148688, 4.46671, 0.0330621, 4.48627, -0.329054, 4.004, 0.0116907, 3.97875, -0.306161, 4.46518, 0.0340255, 4.62251, -0.28593, 4.1374, 0.053317, 3.98147, -0.306866, 0.9
4.25994,-0.142028, 4.34877, -0.146337, 4.50631, 0.0301169, 4.48795, -0.329318, 3.99995, 0.00869299, 4.02374, -0.310189, 4.64093, 0.0406006, 4.48627, -0.329054, 4.004, 0.0116907, 4.15305, -0.299547, 0.9
4.28096,-0.158057, 4.36987, -0.150308, 4.50961, 0.0318817, 4.52877, -0.329757, 4.04608, 0.0102385, 4.02034, -0.305533, 4.50631, 0.0301169, 4.66639, -0.28738, 4.18015, 0.0506311, 4.02374, -0.310189, 0.9
4.30346,-0.142263, 4.3904, -0.146489, 4.55007, 0.0299813, 4.53086, -0.330418, 4.04344, 0.00814934, 4.06696, -0.309772, 4.68477, 0.0384887, 4.52877, -0.329757, 4.04608, 0.0102385, 4.19559, -0.299771, 0.9
4.32469,-0.159653, 4.41356, -0.150439, 4.55234, 0.0308466, 4.57133, -0.330321, 4.08892, 0.00979708, 4.06403, -0.30684, 4.55007, 0.0299813, 4.70881, -0.288693, 4.22315, 0.049874, 4.06696, -0.309772, 0.9
4.34618,-0.143579, 4.43439, -0.148135, 4.5939, 0.0306972, 4.57374, -0.33093, 4.08677, 0.00714471, 4.10992, -0.309012, 4.72739, 0.0377766, 4.57133, -0.330321, 4.08892, 0.00979708, 4.23917, -0.300801, 0.9
4.36856,-0.161135, 4.45602, -0.151778, 4.59544, 0.0297039, 4.61505, -0.332438, 4.13268, 0.00784638, 4.10746, -0.308112, 4.5939, 0.0306972, 4.75152, -0.2887, 4.26627, 0.0493746, 4.10992, -0.309012, 0.9
4.38884,-0.145111, 4.47759, -0.149872, 4.6353, 0.0270187, 4.61668, -0.332533, 4.12975, 0.00565942, 4.15274, -0.312687, 4.76936, 0.0361185, 4.61505, -0.332438, 4.13268, 0.00784638, 4.28154, -0.302662, 0.9
4.41037,-0.161347, 4.49947, -0.153037, 4.63847, 0.0286521, 4.65787, -0.333038, 4.17562, 0.0070789, 4.15067, -0.309215, 4.6353, 0.0270187, 4.79505, -0.291467, 4.3099, 0.046726, 4.15274, -0.312687, 0.9
4.43182,-0.146381, 4.52025, -0.149865, 4.68004, 0.0284358, 4.66003, -0.333425, 4.17305, 0.00476968, 4.19742, -0.311975, 4.81356, 0.0357514, 4.65787, -0.333038, 4.17562, 0.0070789, 4.32585, -0.303015, 0.9
4.45389,-0.162798, 4.54208, -0.154524, 4.68153, 0.0275936, 4.70066, -0.333676, 4.21846, 0.00630456, 4.19382, -0.310295, 4.68004, 0.0284358, 4.83834, -0.291922, 4.35313, 0.0462727, 4.19742, -0.311975, 0.9
4.47551,-0.146935, 4.56257, -0.151603, 4.72212, 0.0253573, 4.70293, -0.334653, 4.21608, 0.00346301, 4.23965, -0.314518, 4.85531, 0.0340044, 4.70066, -0.333676, 4.21846, 0.00630456, 4.36776, -0.304856, 0.9
4.49694,-0.163829, 4.586, -0.155005, 4.72477, 0.0264171, 4.74443, -0.33586, 4.26217, 0.00438983, 4.23703, -0.311486, 4.72212, 0.0253573, 4.88127, -0.293646, 4.39619, 0.0444695, 4.23965, -0.314518, 0.9
4.51817,-0.148486, 4.60683, -0.152336, 4.76599, 0.0253292, 4.74617, -0.335666, 4.25927, 0.00244179, 4.28348, -0.314819, 4.89984, 0.0335271, 4.74443, -0.33586, 4.26217, 0.00438983, 4.41218, -0.305277, 0.9
4.54062,-0.165307, 4.62813, -0.156673, 4.76791, 0.0250993, 4.78775, -0.337647, 4.30527, 0.00270709, 4.28024, -0.312723, 4.76599, 0.0253292, 4.9242, -0.293614, 4.43903, 0.0444934, 4.28348, -0.314819, 0.9
4.56226,-0.148789, 4.64945, -0.15407, 4.80938, 0.0251212, 4.78937, -0.336689, 4.30243, 0.0014238, 4.32679, -0.315282, 4.94172, 0.0315183, 4.78775, -0.337647, 4.30527, 0.00270709, 4.45421, -0.307275, 0.9
4.58313,-0.165952, 4.67201, -0.157018, 4.81106, 0.0242487, 4.83085, -0.338629, 4.34855, 0.00182145, 4.32331, -0.313701, 4.80938, 0.0251212, 4.96715, -0.294306, 4.48191, 0.0438064, 4.32679, -0.315282, 0.9
4.60507,-0.150097, 4.69326, -0.154647, 4.85162, 0.0221657, 4.8323, -0.337968, 4.34545, 0.000124924, 4.36916, -0.317753, 4.98612, 0.0313603, 4.83085, -0.338629, 4.34855, 0.00182145, 4.49845, -0.30749, 0.9
4.62657,-0.167299, 4.71503, -0.158318, 4.85402, 0.0227302, 4.87405, -0.33988, 4.39045, -0.000123792, 4.36656, -0.314957, 4.85162, 0.0221657, 5.01034, -0.295913, 4.52522, 0.0421798, 4.36916, -0.317753, 0.9
4.64821,-0.151192, 4.73598, -0.155899, 4.89547, 0.0222097, 4.87557, -0.338938, 4.38868, -0.000840951, 4.41295, -0.317984, 5.0285, 0.0294929, 4.87405, -0.33988, 4.39045, -0.000123792, 4.54117, -0.309145, 0.9
4.66931,-0.168072, 4.75776, -0.159428, 4.89715, 0.021704, 4.91713, -0.340923, 4.43446, -0.000676474, 4.40964, -0.316001, 4.89547, 0.0222097, 5.05321, -0.29622, 4.568, 0.0418768, 4.41295, -0.317984, 0.9
4.69274,-0.151714, 4.77819, -0.156866, 4.93879, 0.0218515, 4.91872, -0.339895, 4.43183, -0.00185373, 4.4561, -0.318502, 5.07097, 0.0281284, 4.91713, -0.340923, 4.43446, -0.000676474, 4.58362, -0.310548, 0.9
4.71315,-0.169689, 4.80175, -0.160146, 4.94036, 0.0209989, 4.95966, -0.340539, 4.47747, -0.000504744, 4.45267, -0.316909, 4.93879, 0.0218515, 5.09656, -0.296471, 4.61136, 0.0415697, 4.4561, -0.318502, 0.9
4.73447,-0.153383, 4.82233, -0.158369, 4.98204, 0.0208612, 4.96176, -0.3407, 4.4751, -0.00283396, 4.49692, -0.318199, 5.11445, 0.0275913, 4.95966, -0.340539, 4.47747, -0.000504744, 4.62692, -0.311281, 0.9
4.75535,-0.17003, 4.84423, -0.161598, 4.98403, 0.0193858, 5.00348, -0.343149, 4.52072, -0.00336219, 4.49598, -0.318258, 4.98204, 0.0208612, 5.13955, -0.298315, 4.65458, 0.0395513, 4.49692, -0.318199, 0.9
4.77843,-0.154265, 4.86474, -0.158639, 5.02542, 0.0192025, 5.00508, -0.342211, 4.51976, -0.00436827, 4.54279, -0.321228, 5.15863, 0.0259742, 5.00348, -0.343149, 4.52072, -0.00336219, 4.67063, -0.312465, 0.9
4.8018,-0.17153, 4.87654, -0.159747, 5.02724, 0.0188955, 5.04762, -0.342899, 4.56577, -0.002922, 4.54566, -0.317575, 5.02542, 0.0192025, 5.1626, -0.298557, 4.67972, 0.0392858, 4.54279, -0.321228, 0.8
4.82475,-0.154734, 4.88698, -0.163788, 5.06916, 0.0163663, 5.0493, -0.343036, 4.56784, -0.00636562, 4.58903, -0.322767, 5.1626, 0.0189851, 5.04762, -0.342899, 4.56577, -0.002922, 4.68177, -0.318549, 0.7
4.84694,-0.171983, 4.89788, -0.160515, 5.0725, 0.0180823, 5.09293, -0.343395, 4.6127, -0.00394925, 4.59187, -0.317658, 5.06916, 0.0163663, 5.16997, -0.305535, 4.69063, 0.031135, 4.58903, -0.322767, 0.6
4.87024,-0.155771, 4.89519, -0.16876, 5.11661, 0.0182657, 5.09551, -0.343338, 4.61382, -0.00709957, 4.63684, -0.320893, 5.15146, 0.00883903, 5.09293, -0.343395, 4.6127, -0.00394925, 4.67223, -0.327972, 0.4
4.89256,-0.172736, 4.90577, -0.161778, 5.11822, 0.0173154, 5.13871, -0.344492, 4.65855, -0.00506144, 4.63744, -0.318278, 5.11661, 0.0182657, 5.16105, -0.315998, 4.68122, 0.0202404, 4.63684, -0.320893, 0.3
4.91532,-0.15715, 4.91356, -0.166805, 5.16171, 0.0160424, 5.14072, -0.344808, 4.65886, -0.00901005, 4.68185, -0.322985, 5.1662, 0.00092515, 5.13871, -0.344492, 4.65855, -0.00506144, 4.68653, -0.33535, 0.2
4.93783,-0.173476, 5.02163, -0.185561, 5.16402, 0.0165661, 5.18473, -0.346612, 4.7043, -0.00717211, 4.68257, -0.31912, 5.16171, 0.0160424, 5.33856, -0.336593, 4.85471, -0.000795569, 4.68185, -0.322985, 0.9
4.96171,-0.157212, 5.04765, -0.161638, 5.20694, 0.0147515, 5.1863, -0.345879, 4.70398, -0.0100767, 4.72683, -0.324183, 5.33875, 0.0217717, 5.18473, -0.346612, 4.7043, -0.00717211, 4.85766, -0.315143, 0.9
4.98398,-0.175114, 5.07146, -0.165896, 5.21003, 0.0152544, 5.23032, -0.347769, 4.74992, -0.00906054, 4.72782, -0.320156, 5.20694, 0.0147515, 5.36506, -0.301741, 4.88465, 0.0340608, 4.72683, -0.324183, 0.9
5.00638,-0.158787, 5.09339, -0.163335, 5.25348, 0.016301, 5.23235, -0.346272, 4.74955, -0.0106585, 4.7732, -0.323172, 5.38458, 0.0199272, 5.23032, -0.347769, 4.74992, -0.00906054, 4.90271, -0.316639, 0.9
5.03152,-0.177903, 5.11651, -0.167425, 5.25542, 0.0152424, 5.27594, -0.349661, 4.79666, -0.00862996, 4.77581, -0.319702, 5.25348, 0.016301, 5.41157, -0.302707, 4.93068, 0.0329061, 4.7732, -0.323172, 0.9
5.05679,-0.159397, 5.13007, -0.170792, 5.29897, 0.020385, 5.27858, -0.356674, 4.79993, -0.0210272, 4.82144, -0.312731, 5.41158, 0.0126288, 5.27594, -0.349661, 4.79666, -0.00862996, 4.93304, -0.323611, 0.8
5.07939,-0.181373, 5.14419, -0.166552, 5.29873, 0.0196796, 5.32243, -0.353043, 4.84401, -0.0146202, 4.82214, -0.306382, 5.29897, 0.020385, 5.41393, -0.30725, 4.93859, 0.0283971, 4.82144, -0.312731, 0.7
5.10088,-0.159985, 5.14874, -0.176981, 5.34055, 0.0162067, 5.32256, -0.351579, 4.84369, -0.0269547, 4.86378, -0.318521, 5.40164, 0.0067172, 5.32243, -0.353043, 4.84401, -0.0146202, 4.92735, -0.32106, 0.5
5.12121,-0.179579, 5.16197, -0.167597, 5.34128, 0.0151306, 5.36493, -0.352936, 4.88602, -0.0185388, 4.86292, -0.315095, 5.34055, 0.0162067, 5.40517, -0.323264, 4.92869, 0.00136068, 4.86378, -0.318521, 0.4
5.14373,-0.160827, 5.17471, -0.166153, 5.38418, 0.0108331, 5.36525, -0.353733, 4.88687, -0.0194857, 4.90564, -0.326345, 5.41831, -0.00811017, 5.36493, -0.352936, 4.88602, -0.0185388, 4.94196, -0.338919, 0.3
5.16478,-0.183213, 5.18645, -0.163484, 5.38591, 0.0117968, 5.40816, -0.355771, 4.92885, -0.0173733, 4.90484, -0.32267, 5.38418, 0.0108331, 5.40359, -0.349307, 4.92711, -0.0150593, 4.90564, -0.326345, 0.2
5.18513,-0.164064, 5.29448, -0.140865, 5.42843, 0.0100944, 5.40979, -0.354686, 4.92951, -0.0163949, 4.94865, -0.328838, 5.60135, 0.00788561, 5.40816, -0.355771, 4.92885, -0.0173733, 5.11873, -0.326587, 0.9
5.20668,-0.182793, 5.31471, -0.167596, 5.42991, 0.00980624, 5.45121, -0.355104, 4.97152, -0.0146507, 4.94908, -0.328953, 5.42843, 0.0100944, 5.57887, -0.336, 5.10032, 0.00229192, 4.94865, -0.328838, 0.9
5.2276,-0.166275, 5.34001, -0.163612, 5.47161, 0.00893143, 5.45291, -0.355222, 4.97234, -0.0142421, 4.99185, -0.332032, 5.61408, 0.0119352, 5.45121, -0.355104, 4.97152, -0.0146507, 5.13416, -0.327688, 0.9
5.2489,-0.183153, 5.35689, -0.169457, 5.47325, 0.00774315, 5.49322, -0.356408, 5.01354, -0.0148007, 4.99266, -0.333106, 5.47161, 0.00893143, 5.62224, -0.338422, 5.14329, 0.00255813, 4.99185, -0.332032, 0.9
5.26948,-0.168354, 5.37091, -0.168653, 5.51416, 0.00687259, 5.49413, -0.355711, 5.01291, -0.0172527, 5.03444, -0.334915, 5.63369, 0.00964583, 5.49322, -0.356408, 5.01354, -0.0148007, 5.15425, -0.331998, 0.8
5.29564,-0.191273, 5.38608, -0.171357, 5.51715, 0.00568474, 5.53312, -0.374435, 5.05734, -0.0221261, 5.03261, -0.332793, 5.51416, 0.00687259, 5.64564, -0.342796, 5.16573, -0.00433763, 5.03444, -0.334915, 0.8
5.31563,-0.179198, 5.39179, -0.182721, 5.56266, -0.0173851, 5.53256, -0.380602, 5.0588, -0.0264597, 5.07395, -0.337941, 5.64158, -0.0060809, 5.53312, -0.374435, 5.05734, -0.0221261, 5.15943, -0.345981, 0.6
5.33306,-0.198818, 5.39921, -0.183297, 5.56079, -0.0183609, 5.5695, -0.375723, 5.09516, -0.0268333, 5.07419, -0.338974, 5.56266, -0.0173851, 5.62876, -0.374053, 5.15743, -0.0199103, 5.07395, -0.337941, 0.5
5.35247,-0.182868, 5.40867, -0.185347, 5.59688, -0.0137876, 5.56973, -0.374992, 5.09516, -0.0268142, 5.11448, -0.346206, 5.63244, -0.033976, 5.5695, -0.375723, 5.09516, -0.0268333, 5.14829, -0.354934, 0.3
5.36918,-0.197705, 5.42186, -0.183976, 5.5957, -0.0143863, 5.61166, -0.370882, 5.13491, -0.0260436, 5.11482, -0.346156, 5.59688, -0.0137876, 5.62591, -0.399504, 5.15258, -0.0513259, 5.11448, -0.346206, 0.3
5.3905,-0.182718, 5.42836, -0.182891, 5.63276, -0.0121467, 5.60994, -0.37134, 5.13319, -0.0267867, 5.15258, -0.349033, 5.63493, -0.0338541, 5.61166, -0.370882, 5.13491, -0.0260436, 5.15649, -0.365532, 0.1
5.40822,-0.198377, 5.43839, -0.181949, 5.63365, -0.0130636, 5.65011, -0.369876, 5.17224, -0.0264093, 5.15275, -0.348391, 5.63276, -0.0121467, 5.62624, -0.409474, 5.15024, -0.06492, 5.15258, -0.349033, 0.1
5.42853,-0.182897, 5.56251, -0.149263, 5.67093, -0.0115574, 5.65012, -0.370189, 5.17131, -0.0265013, 5.19005, -0.349366, 5.85448, -0.00985643, 5.65011, -0.369876, 5.17224, -0.0264093, 5.37162, -0.344452, 0.9
5.44624,-0.197978, 5.48166, -0.15884, 5.67235, -0.0122497, 5.6879, -0.370316, 5.20858, -0.0275481, 5.19094, -0.350252, 5.67093, -0.0115574, 5.64389, -0.370648, 5.17005, -0.0269606, 5.19005, -0.349366, 0.1
5.46612,-0.183694, 5.60075, -0.148905, 5.71001, -0.0116484, 5.68942, -0.369443, 5.20929, -0.0268241, 5.22955, -0.35153, 5.89351, -0.00851364, 5.6879, -0.370316, 5.20858, -0.0275481, 5.41007, -0.345698, 0.9
5.48393,-0.197381, 5.6132, -0.181558, 5.71042, -0.0124543, 5.72873, -0.36863, 5.24943, -0.0260406, 5.22891, -0.350861, 5.71001, -0.0116484, 5.85134, -0.383846, 5.37241, -0.041227, 5.22955, -0.35153, 0.9
5.50339,-0.18472, 5.64284, -0.173137, 5.74765, -0.0116371, 5.72691, -0.368661, 5.24763, -0.0266796, 5.26714, -0.351527, 5.89863, -0.00609795, 5.72873, -0.36863, 5.24943, -0.0260406, 5.41808, -0.344497, 0.9
5.52584,-0.197289, 5.65113, -0.182464, 5.74956, -0.0124901, 5.7746, -0.370092, 5.28178, -0.0308394, 5.27922, -0.334055, 5.74765, -0.0116371, 5.89008, -0.384656, 5.41203, -0.0426755, 5.26714, -0.351527, 0.9
5.54928,-0.178067, 5.64118, -0.187024, 5.79439, 0.00837919, 5.77925, -0.367702, 5.27792, -0.0480211, 5.31713, -0.337298, 5.85653, -0.0237826, 5.7746, -0.370092, 5.28178, -0.0308394, 5.3918, -0.349142, 0.5
5.56863,-0.195942, 5.65936, -0.190246, 5.79172, 0.00770852, 5.81499, -0.3659, 5.32628, -0.0351269, 5.31597, -0.338037, 5.79439, 0.00837919, 5.90532, -0.370884, 5.40618, -0.0512026, 5.31713, -0.337298, 0.6
5.59045,-0.175317, 5.66387, -0.185755, 5.83135, -0.00119412, 5.81442, -0.364538, 5.3252, -0.0350645, 5.35439, -0.34484, 5.88433, -0.00450769, 5.81499, -0.3659, 5.32628, -0.0351269, 5.41067, -0.350137, 0.4
5.60804,-0.194662, 5.67554, -0.17987, 5.83018, -0.00121644, 5.84996, -0.366559, 5.36643, -0.0305785, 5.35338, -0.344238, 5.83135, -0.00119412, 5.89336, -0.380613, 5.40583, -0.0511387, 5.35439, -0.34484, 0.4
5.62747,-0.177917, 5.67992, -0.179026, 5.86999, -0.00343214, 5.85145, -0.365509, 5.36698, -0.0296657, 5.3916, -0.345538, 5.88928, -0.0213184, 5.84996, -0.366559, 5.36643, -0.0305785, 5.41496, -0.364187, 0.2
5.64548,-0.193598, 5.67616, -0.175396, 5.87126, -0.00427812, 5.88906, -0.366294, 5.40786, -0.0263333, 5.39138, -0.345482, 5.86999, -0.00343214, 5.86637, -0.395606, 5.38332, -0.0597629, 5.3916, -0.345538, 0.1
5.66509,-0.180216, 5.79935, -0.143757, 5.91159, -0.00692208, 5.88855, -0.365429, 5.40816, -0.0260738, 5.4318, -0.348022, 6.09288, -0.00401789, 5.88906, -0.366294, 5.40786, -0.0263333, 5.611, -0.344227, 0.9
5.68438,-0.193744, 5.71823, -0.156109, 5.90996, -0.0061262, 5.92753, -0.365361, 5.44804, -0.0239901, 5.42936, -0.345883, 5.91159, -0.00692208, 5.88221, -0.364927, 5.40677, -0.0255717, 5.4318, -0.348022, 0.1
5.70428,-0.179591, 5.83872, -0.144251, 5.9475, -0.00631025, 5.92828, -0.365235, 5.44699, -0.0245756, 5.46732, -0.346556, 6.13167, -0.0042052, 5.92753, -0.365361, 5.44804, -0.0239901, 5.64908, -0.343075, 0.9
5.72307,-0.194023, 5.85124, -0.177607, 5.94891, -0.00720958, 5.96525, -0.366132, 5.48549, -0.0240459, 5.46764, -0.346677, 5.9475, -0.00631025, 6.09037, -0.378594, 5.61031, -0.0379351, 5.46732, -0.346556, 0.9
5.7431,-0.17947, 5.88238, -0.170077, 5.98649, -0.00700684, 5.96556, -0.364787, 5.48553, -0.0242067, 5.50592, -0.347599, 6.13727, -0.0023601, 5.96525, -0.366132, 5.48549, -0.0240459, 5.65698, -0.341778, 0.9
5.76188,-0.194882, 5.89001, -0.17762, 5.98716, -0.00809392, 6.0041, -0.365496, 5.52425, -0.0244769, 5.50683, -0.347712, 5.98649, -0.00700684, 6.12834, -0.378793, 5.64947, -0.0382122, 5.50592, -0.347599, 0.9
5.78477,-0.179193, 5.89842, -0.17568, 6.02497, -0.00283228, 6.00552, -0.364457, 5.52955, -0.0383828, 5.54709, -0.348062, 6.13656, -0.00839456, 6.0041, -0.365496, 5.52425, -0.0244769, 5.65783, -0.347581, 0.7
5.80777,-0.199391, 5.90811, -0.173563, 6.02497, 0.00104115, 6.05719, -0.383956, 5.57082, -0.0363984, 5.54693, -0.314415, 6.02497, -0.00283228, 6.12701, -0.382462, 5.65107, -0.0563881, 5.54709, -0.348062, 0.7
5.82842,-0.175153, 5.90022, -0.169461, 6.07052, -0.00344209, 6.05495, -0.382777, 5.56914, -0.0356451, 5.59172, -0.333151, 6.13258, -0.047738, 6.05719, -0.383956, 5.57082, -0.0363984, 5.66087, -0.36585, 0.4
5.84917,-0.197875, 5.93123, -0.173718, 6.06901, -0.00453548, 6.09215, -0.373337, 5.61083, -0.02928, 5.59107, -0.333214, 6.07052, -0.00344209, 6.15436, -0.409961, 5.6697, -0.0628287, 5.59172, -0.333151, 0.6
5.86914,-0.178609, 5.90409, -0.184263, 6.10888, -0.00498957, 6.09184, -0.373437, 5.6103, -0.0298799, 5.63042, -0.341742, 6.10382, -0.0417243, 6.09215, -0.373337, 5.61083, -0.02928, 5.63111, -0.371772, 0.1
5.88834,-0.198634, 5.92868, -0.179113, 6.10968, -0.00637494, 6.13107, -0.372606, 5.65072, -0.0299529, 5.6311, -0.342634, 6.10888, -0.00498957, 6.12413, -0.411396, 5.64341, -0.067839, 5.63042, -0.341742, 0.2
5.90725,-0.182601, 6.04013, -0.149365, 6.14905, -0.00818719, 6.13248, -0.371701, 5.65135, -0.0294836, 5.67036, -0.348349, 6.33132, -0.0113089, 6.13107, -0.372606, 5.65072, -0.0299529, 5.85188, -0.347478, 0.9
5.9285,-0.200589, 5.9613, -0.157631, 6.15025, -0.00896883, 6.17008, -0.372408, 5.69087, -0.0306779, 5.66994, -0.348509, 6.14905, -0.00818719, 6.12275, -0.371506, 5.64683, -0.029288, 5.67036, -0.348349, 0.1
5.94684,-0.184601, 6.08035, -0.149558, 6.18828, -0.010723, 6.17152, -0.371432, 5.69176, -0.029843, 5.70798, -0.351651, 6.37492, -0.00995865, 6.17008, -0.372408, 5.69087, -0.0306779, 5.89282, -0.34878, 0.9
5.96614,-0.200697, 6.09489, -0.181608, 6.18982, -0.0115579, 6.21091, -0.372072, 5.73108, -0.0307364, 5.70869, -0.352371, 6.18828, -0.010723, 6.33113, -0.385631, 5.85256, -0.0440425, 5.70798, -0.351651, 0.9
5.98617,-0.186303, 6.12429, -0.176479, 6.22597, -0.0134895, 6.21042, -0.372129, 5.72976, -0.0319239, 5.74689, -0.354594, 6.38061, -0.00802674, 6.21091, -0.372072, 5.73108, -0.0307364, 5.90052, -0.348815, 0.9
6.00473,-0.202986, 6.13418, -0.183389, 6.22763, -0.0144458, 6.24753, -0.374038, 5.76907, -0.0333581, 5.74753, -0.35564, 6.22597, -0.0134895, 6.37034, -0.386994, 5.89083, -0.0467887, 5.74689, -0.354594, 0.9
6.02691,-0.188668, 6.15078, -0.181067, 6.27019, -0.0151579, 6.24931, -0.373188, 5.77587, -0.0509131, 5.7856, -0.35657, 6.3986, -0.0118383, 6.24753, -0.374038, 5.76907, -0.0333581, 5.91983, -0.352927, 0.8
6.04868,-0.210322, 6.16381, -0.183588, 6.2786, -0.0143132, 6.29083, -0.386198, 5.81497, -0.0486652, 5.77912, -0.343603, 6.27019, -0.0151579, 6.3905, -0.390725, 5.91616, -0.0684507, 5.7856, -0.35657, 0.8
6.06997,-0.190657, 6.15283, -0.185121, 6.31575, -0.0203787, 6.28916, -0.39413, 5.81394, -0.0489229, 5.82796, -0.355674, 6.39831, -0.0491922, 6.29083, -0.386198, 5.81497, -0.0486652, 5.90218, -0.377611, 0.5
6.08858,-0.21323, 6.17482, -0.186952, 6.31482, -0.0211897, 6.33042, -0.38582, 5.85363, -0.04256, 5.82609, -0.355288, 6.31575, -0.0203787, 6.38943, -0.419109, 5.91441, -0.0739018, 5.82796, -0.355674, 0.6
6.10919,-0.194061, 6.15746, -0.197943, 6.35151, -0.0208646, 6.3284, -0.386416, 5.85121, -0.0448252, 5.86874, -0.35926, 6.36934, -0.050427, 6.33042, -0.38582, 5.85363, -0.04256, 5.88398, -0.383964, 0.2
6.12686,-0.212148, 6.18006, -0.195596, 6.35307, -0.0215186, 6.36704, -0.385202, 5.88903, -0.0434798, 5.86972, -0.360341, 6.35151, -0.0208646, 6.38279, -0.419493, 5.90584, -0.0779025, 5.86874, -0.35926, 0.3
6.14728,-0.195196, 6.18593, -0.195027, 6.39063, -0.0218434, 6.3686, -0.384136, 5.88966, -0.0425658, 5.90953, -0.362217, 6.39529, -0.045806, 6.36704, -0.385202, 5.88903, -0.0434798, 5.91432, -0.384032, 0.1
6.16584,-0.211527, 6.1954, -0.194454, 6.3914, -0.0230015, 6.40717, -0.383783, 5.92832, -0.04139, 5.9103, -0.362781, 6.39063, -0.0218434, 6.38472, -0.42134, 5.90645, -0.07977, 5.90953, -0.362217, 0.1
6.18635,-0.195629, 6.31967, -0.16188, 6.42876, -0.0230418, 6.40863, -0.383289, 5.92835, -0.0410651, 5.94779, -0.362961, 6.61284, -0.021568, 6.40717, -0.383783, 5.92832, -0.04139, 6.12974, -0.360454, 0.9
6.20441,-0.21135, 6.3333, -0.193781, 6.43018, -0.0239891, 6.4462, -0.383582, 5.96616, -0.0412971, 5.94868, -0.363783, 6.42876, -0.0230418, 6.57094, -0.396259, 6.09191, -0.0540352, 5.94779, -0.362961, 0.9
6.22426,-0.196671, 6.363, -0.186632, 6.46882, -0.0248954, 6.44766, -0.38282, 5.96686, -0.0406284, 5.98818, -0.365308, 6.61917, -0.019143, 6.4462, -0.383582, 5.96616, -0.0412971, 6.13877, -0.359049, 0.9
6.24281,-0.21155, 6.371, -0.194712, 6.46872, -0.0248788, 6.4835, -0.383043, 6.00528, -0.0408866, 5.98693, -0.364323, 6.46882, -0.0248954, 6.60951, -0.396469, 6.12993, -0.0542772, 5.98818, -0.365308, 0.9
6.26371,-0.195588, 6.37852, -0.194325, 6.50662, -0.0240757, 6.48515, -0.382459, 6.00618, -0.0397763, 6.02428, -0.363853, 6.6142, -0.0248743, 6.4835, -0.383043, 6.00528, -0.0408866, 6.13424, -0.364334, 0.7
6.28507,-0.213944, 6.39923, -0.197218, 6.50871, -0.0253293, 6.5263, -0.390766, 6.04614, -0.0432372, 6.03069, -0.357869, 6.50662, -0.0240757, 6.63466, -0.40631, 6.1566, -0.0636267, 6.02428, -0.363853, 0.8
6.30738,-0.198048, 6.39886, -0.202368, 6.55308, -0.0175217, 6.53461, -0.39378, 6.04091, -0.0708118, 6.07136, -0.357905, 6.62277, -0.0373426, 6.5263, -0.390766, 6.04614, -0.0432372, 6.14894, -0.37211, 0.5
6.32812,-0.21831, 6.41723, -0.211492, 6.55362, -0.01067, 6.57264, -0.390844, 6.08746, -0.0576144, 6.07033, -0.358359, 6.55308, -0.0175217, 6.66036, -0.393312, 6.16821, -0.0703445, 6.07136, -0.357905, 0.6
6.35023,-0.196437, 6.41039, -0.210687, 6.59157, -0.0207857, 6.57294, -0.389508, 6.08707, -0.0571662, 6.11122, -0.365019, 6.62748, -0.0297582, 6.57264, -0.390844, 6.08746, -0.0576144, 6.14642, -0.376637, 0.3
6.36853,-0.217363, 6.42272, -0.201698, 6.59167, -0.0209248, 6.61062, -0.390559, 6.12791, -0.0527631, 6.11132, -0.365356, 6.59157, -0.0207857, 6.63361, -0.405767, 6.14922, -0.0734245, 6.11122, -0.365019, 0.3
6.38869,-0.198963, 6.42742, -0.201567, 6.63092, -0.024094, 6.61222, -0.389403, 6.12845, -0.0517575, 6.15107, -0.366741, 6.63492, -0.0462589, 6.61062, -0.390559, 6.12791, -0.0527631, 6.15702, -0.390185, 0.1
6.40685,-0.216227, 6.44844, -0.202596, 6.63226, -0.024984, 6.65113, -0.388365, 6.17024, -0.0479026, 6.1519, -0.367429, 6.63092, -0.024094, 6.65126, -0.424137, 6.16796, -0.0864915, 6.15107, -0.366741, 0.2
6.42806,-0.200136, 6.56203, -0.170433, 6.66989, -0.0265163, 6.64997, -0.388505, 6.16968, -0.0479643, 6.1896, -0.36744, 6.85018, -0.0253851, 6.65113, -0.388365, 6.17024, -0.0479026, 6.3682, -0.36692, 0.9
6.44615,-0.21655, 6.48077, -0.17666, 6.67118, -0.0276021, 6.68814, -0.388422, 6.20876, -0.0466482, 6.19036, -0.368196, 6.66989, -0.0265163, 6.6443, -0.386111, 6.16901, -0.0455702, 6.1896, -0.36744, 0.1
6.46601,-0.201212, 6.59986, -0.166898, 6.70885, -0.027916, 6.68963, -0.388169, 6.20839, -0.0467293, 6.22806, -0.368154, 6.89295, -0.026317, 6.68814, -0.388422, 6.20876, -0.0466482, 6.41012, -0.365999, 0.9
6.48546,-0.217019, 6.61275, -0.199478, 6.71018, -0.0290187, 6.72523, -0.388047, 6.24603, -0.0469282, 6.22881, -0.369047, 6.70885, -0.027916, 6.85196, -0.400678, 6.37198, -0.0592386, 6.22806, -0.368154, 0.9
6.50457,-0.20151, 6.63178, -0.195734, 6.74894, -0.0300424, 6.72666, -0.387343, 6.24674, -0.0466484, 6.26836, -0.370577, 6.87717, -0.0272857, 6.72523, -0.388047, 6.24603, -0.0469282, 6.39724, -0.367283, 0.8
6.52593,-0.216122, 6.65135, -0.203019, 6.74903, -0.0301001, 6.7725, -0.388655, 6.28373, -0.0485993, 6.27805, -0.349049, 6.74894, -0.0300424, 6.89436, -0.406627, 6.41542, -0.0659325, 6.26836, -0.370577, 0.9
6.54982,-0.194647, 6.63895, -0.204004, 6.79288, -0.0235988, 6.78097, -0.388515, 6.27836, -0.0580507, 6.31634, -0.354996, 6.85587, -0.0438474, 6.7725, -0.388655, 6.28373, -0.0485993, 6.39068, -0.366743, 0.5
6.57076,-0.215816, 6.6478, -0.202824, 6.78914, -0.00988404, 6.81686, -0.384519, 6.32755, -0.0488302, 6.31523, -0.354562, 6.79288, -0.0235988, 6.88196, -0.391433, 6.38256, -0.0609688, 6.31634, -0.354996, 0.5
6.59041,-0.192896, 6.65246, -0.204481, 6.83061, -0.019617, 6.81635, -0.383578, 6.32715, -0.0483774, 6.35452, -0.362852, 6.86653, -0.0256151, 6.81686, -0.384519, 6.32755, -0.0488302, 6.3952, -0.370809, 0.3
6.60907,-0.212367, 6.67545, -0.199168, 6.8302, -0.0188089, 6.85159, -0.384616, 6.36802, -0.0459226, 6.35286, -0.361626, 6.83061, -0.019617, 6.89514, -0.406787, 6.40715, -0.0715862, 6.35452, -0.362852, 0.4
6.6276,-0.196113, 6.68072, -0.196367, 6.87039, -0.0224245, 6.85282, -0.383636, 6.36881, -0.0452388, 6.39201, -0.364804, 6.89049, -0.0386351, 6.85159, -0.384616, 6.36802, -0.0459226, 6.41572, -0.381476, 0.2
6.64782,-0.21383, 6.67845, -0.19256, 6.87042, -0.0226411, 6.89222, -0.384528, 6.41075, -0.0442093, 6.39104, -0.364474, 6.87039, -0.0224245, 6.86524, -0.417562, 6.38266, -0.0791652, 6.39201, -0.364804, 0.1
6.66656,-0.198837, 6.80088, -0.163661, 6.90852, -0.0247849, 6.89183, -0.384551, 6.40996, -0.0447836, 6.42934, -0.367329, 7.09381, -0.0221158, 6.89222, -0.384528, 6.41075, -0.0442093, 6.61253, -0.36316, 0.9
6.68589,-0.214631, 6.72121, -0.17403, 6.91015, -0.0256129, 6.92987, -0.38651, 6.44913, -0.0456536, 6.42955, -0.367699, 6.90852, -0.0247849, 6.88361, -0.386514, 6.40666, -0.0467464, 6.42934, -0.367329, 0.1
6.70559,-0.200917, 6.83908, -0.164775, 6.94609, -0.0277238, 6.93075, -0.385785, 6.45028, -0.0448752, 6.46731, -0.368699, 7.13328, -0.0231134, 6.92987, -0.38651, 6.44913, -0.0456536, 6.65056, -0.364226, 0.9
6.72561,-0.216944, 6.85357, -0.197687, 6.94771, -0.0285639, 6.96772, -0.387472, 6.4872, -0.0473351, 6.46795, -0.369718, 6.94609, -0.0277238, 7.09026, -0.401366, 6.61094, -0.0604564, 6.46731, -0.368699, 0.9
6.7426,-0.203768, 6.8823, -0.191987, 6.9874, -0.0313517, 6.9688, -0.386709, 6.48796, -0.0468721, 6.50843, -0.373339, 7.13794, -0.0229598, 6.96772, -0.387472, 6.4872, -0.0473351, 6.65921, -0.364249, 0.9
6.76411,-0.219663, 6.89109, -0.200184, 6.98511, -0.0310535, 7.00819, -0.388302, 6.52756, -0.0483139, 6.50684, -0.372679, 6.9874, -0.0313517, 7.1282, -0.403802, 6.6485, -0.0639643, 6.50843, -0.373339, 0.9
6.785,-0.201718, 6.89897, -0.200553, 7.02657, -0.0223985, 7.00909, -0.38823, 6.52455, -0.0551995, 6.54578, -0.369477, 7.13476, -0.0308879, 7.00819, -0.388302, 6.52756, -0.0483139, 6.6584, -0.37268, 0.7
6.80398,-0.217973, 6.91945, -0.197858, 7.02837, -0.0222123, 7.05152, -0.391283, 6.56742, -0.0566086, 6.54189, -0.3493, 7.02657, -0.0223985, 7.15231, -0.410023, 6.66778, -0.0769926, 6.54578, -0.369477, 0.8
6.82445,-0.201457, 6.90765, -0.193563, 7.06949, -0.0283789, 7.04851, -0.40446, 6.56572, -0.0592092, 6.58774, -0.363472, 7.14703, -0.0598733, 7.05152, -0.391283, 6.56742, -0.0566086, 6.66524, -0.388083, 0.5
6.84483,-0.221267, 6.91898, -0.19247, 7.0683, -0.0285621, 7.08792, -0.395279, 6.60769, -0.0521618, 6.58658, -0.363164, 7.06949, -0.0283789, 7.1277, -0.427065, 6.64639, -0.0818137, 6.58774, -0.363472, 0.5
6.86496,-0.203486, 6.92529, -0.199014, 7.10766, -0.0285784, 7.08704, -0.396104, 6.60654, -0.0529778, 6.62629, -0.366851, 7.14844, -0.0561057, 7.08792, -0.395279, 6.60769, -0.0521618, 6.66992, -0.391019, 0.3
6.88323,-0.21993, 6.9246, -0.198755, 7.10879, -0.0295442, 7.12748, -0.392414, 6.64805, -0.049858, 6.62695, -0.36749, 7.10766, -0.0285784, 7.11619, -0.423239, 6.63723, -0.0801136, 6.62629, -0.366851, 0.2
6.90404,-0.203833, 7.0363, -0.171656, 7.14672, -0.0301404, 7.12671, -0.393372, 6.64575, -0.0512895, 6.66678, -0.370055, 7.32783, -0.0327906, 7.12748, -0.392414, 6.64805, -0.049858, 6.84473, -0.370114, 0.9
6.92254,-0.219779, 6.95672, -0.180139, 7.14787, -0.0312445, 7.16451, -0.392892, 6.68466, -0.0503568, 6.66769, -0.370833, 7.14672, -0.0301404, 7.12067, -0.390978, 6.64491, -0.0488962, 6.66678, -0.370055, 0.1
6.94207,-0.20545, 7.0762, -0.169824, 7.18774, -0.0326598, 7.16597, -0.392203, 6.68462, -0.0503101, 6.70782, -0.373196, 7.3696, -0.0307224, 7.16451, -0.392892, 6.68466, -0.0503568, 6.88759, -0.369616, 0.9
6.96127,-0.219849, 7.09037, -0.202127, 7.18677, -0.0321601, 7.20206, -0.391892, 6.72276, -0.0504777, 6.70595, -0.371993, 7.18774, -0.0326598, 7.32803, -0.40483, 6.84805, -0.0629375, 6.70782, -0.373196, 0.9
6.98082,-0.205151, 7.1196, -0.195035, 7.22394, -0.0321669, 7.20371, -0.391091, 6.72352, -0.0495354, 6.74311, -0.371862, 7.37535, -0.027867, 7.20206, -0.391892, 6.72276, -0.0504777, 6.89563, -0.367786, 0.9
6.9986,-0.21899, 7.12779, -0.20307, 7.22533, -0.0331118, 7.24126, -0.391726, 6.76147, -0.0494974, 6.744, -0.372601, 7.22394, -0.0321669, 7.36597, -0.40483, 6.88696, -0.063274, 6.74311, -0.371862, 0.9
7.02137,-0.203035, 7.13392, -0.201222, 7.26502, -0.0335929, 7.24268, -0.390895, 6.76231, -0.0487496, 6.78411, -0.373011, 7.3715, -0.0332817, 7.24126, -0.391726, 6.76147, -0.0494974, 6.89208, -0.372883, 0.7
7.0419,-0.219357, 7.15831, -0.204069, 7.28202, -0.0290209, 7.28397, -0.391103, 6.80382, -0.0497686, 6.77718, -0.360197, 7.26502, -0.0335929, 7.3935, -0.416805, 6.91325, -0.0746596, 6.78411, -0.373011, 0.8
7.06504,-0.200699, 7.18236, -0.206466, 7.31332, -0.0258307, 7.27569, -0.398825, 6.80157, -0.0805041, 6.82542, -0.3658, 7.28202, -0.0290209, 7.39643, -0.41811, 6.91582, -0.0767762, 6.77718, -0.360197, 0.8
7.08082,-0.220178, 7.16553, -0.19516, 7.31263, -0.0271364, 7.31839, -0.393421, 6.84124, -0.062766, 6.82293, -0.365813, 7.31332, -0.0258307, 7.3687, -0.39365, 6.8968, -0.0753297, 6.82542, -0.3658, 0.5
7.10314,-0.20069, 7.14387, -0.209192, 7.34801, -0.0270719, 7.3198, -0.392642, 6.84161, -0.0615785, 6.86473, -0.367712, 7.34632, -0.0557967, 7.31839, -0.393421, 6.84124, -0.062766, 6.85913, -0.392504, 0.1
7.1195,-0.219134, 7.17433, -0.20854, 7.34948, -0.0282313, 7.35935, -0.392414, 6.88182, -0.055112, 6.86539, -0.36885, 7.34801, -0.0270719, 7.38491, -0.425405, 6.90631, -0.0943418, 6.86473, -0.367712, 0.3
7.14129,-0.20341, 7.17998, -0.202885, 7.38707, -0.0297377, 7.36095, -0.391465, 6.88254, -0.0542739, 6.90554, -0.370681, 7.38985, -0.0529737, 7.35935, -0.392414, 6.88182, -0.055112, 6.9078, -0.392401, 0.1
7.15903,-0.218283, 7.18953, -0.203563, 7.3874, -0.0299622, 7.40008, -0.391474, 6.92083, -0.0516738, 6.90573, -0.37075, 7.38707, -0.0297377, 7.38001, -0.426987, 6.90214, -0.0897962, 6.90554, -0.370681, 0.1
7.18106,-0.202987, 7.31346, -0.168975, 7.42455, -0.0300381, 7.40179, -0.390626, 6.92139, -0.0517612, 6.94393, -0.371197, 7.60756, -0.0294105, 7.40008, -0.391474, 6.92083, -0.0516738, 7.12372, -0.368958, 0.9
7.19758,-0.217768, 7.23355, -0.180035, 7.4254, -0.0310268, 7.44163, -0.390033, 6.96222, -0.0489683, 6.94368, -0.370756, 7.42455, -0.0300381, 7.39807, -0.387765, 6.92264, -0.0489001, 6.94393, -0.371197, 0.1
7.21917,-0.203701, 7.35224, -0.168538, 7.46266, -0.0307593, 7.44186, -0.390672, 6.96057, -0.0495434, 6.98119, -0.370666, 7.64618, -0.0291469, 7.44163, -0.390033, 6.96222, -0.0489683, 7.16238, -0.367859, 0.9
7.23687,-0.218425, 7.36619, -0.201913, 7.4639, -0.0317595, 7.47966, -0.390638, 6.99987, -0.0485901, 6.98192, -0.371284, 7.46266, -0.0307593, 7.60483, -0.403866, 7.12475, -0.0627372, 6.98119, -0.370666, 0.9
7.25816,-0.20333, 7.38377, -0.19744, 7.50136, -0.0312244, 7.47943, -0.389662, 6.99962, -0.0491371, 7.01961, -0.371522, 7.63037, -0.0297445, 7.47966, -0.390638, 6.99987, -0.0485901, 7.14976, -0.369139, 0.8
7.27974,-0.219682, 7.40541, -0.205205, 7.50335, -0.0320846, 7.51908, -0.392205, 7.04069, -0.0490426, 7.03222, -0.361937, 7.50136, -0.0312244, 7.64877, -0.409008, 7.16998, -0.0684834, 7.01961, -0.371522, 0.9
7.30321,-0.20081, 7.4063, -0.207655, 7.55628, -0.0124339, 7.52971, -0.396182, 7.03111, -0.0735453, 7.06866, -0.359062, 7.63056, -0.0402185, 7.51908, -0.392205, 7.04069, -0.0490426, 7.16409, -0.373244, 0.6
7.32355,-0.221575, 7.41333, -0.212074, 7.55274, -0.0141778, 7.56855, -0.391719, 7.08157, -0.0586491, 7.06744, -0.35949, 7.55628, -0.0124339, 7.6568, -0.389506, 7.16079, -0.0668696, 7.06866, -0.359062, 0.6
7.34334,-0.20148, 7.4192, -0.211269, 7.59029, -0.0252182, 7.56641, -0.390942, 7.07895, -0.059645, 7.10904, -0.368332, 7.64421, -0.0294431, 7.56855, -0.391719, 7.08157, -0.0586491, 7.1606, -0.373735, 0.4
7.36173,-0.215997, 7.42958, -0.204772, 7.58929, -0.0231148, 7.60491, -0.390846, 7.1222, -0.0530355, 7.10776, -0.366273, 7.59029, -0.0252182, 7.64904, -0.403574, 7.16317, -0.0722761, 7.10904, -0.368332, 0.4
7.38415,-0.199745, 7.43437, -0.200642, 7.62794, -0.0257328, 7.60626, -0.390238, 7.12285, -0.0524029, 7.14754, -0.368043, 7.64789, -0.0440514, 7.60491, -0.390846, 7.1222, -0.0530355, 7.16861, -0.386638, 0.2
7.40318,-0.21778, 7.44449, -0.200691, 7.62803, -0.0264906, 7.64425, -0.390225, 7.16353, -0.0493977, 7.14814, -0.36853, 7.62794, -0.0257328, 7.64373, -0.420339, 7.16136, -0.0825041, 7.14754, -0.368043, 0.2
7.42364,-0.200744, 7.55758, -0.171065, 7.6673, -0.0283518, 7.64577, -0.389378, 7.16427, -0.0486528, 7.1875, -0.369908, 7.84552, -0.0262711, 7.64425, -0.390225, 7.16353, -0.0493977, 7.36412, -0.3676, 0.9
7.44162,-0.217245, 7.47645, -0.177225, 7.66679, -0.0287453, 7.68349, -0.389565, 7.20304, -0.04776, 7.18614, -0.368634, 7.6673, -0.0283518, 7.64004, -0.387381, 7.16365, -0.0466561, 7.1875, -0.369908, 0.1
7.46169,-0.201748, 7.59573, -0.167603, 7.70634, -0.030015, 7.68496, -0.388875, 7.2033, -0.0474725, 7.22621, -0.370706, 7.88852, -0.0273194, 7.68349, -0.389565, 7.20304, -0.04776, 7.40594, -0.366419, 0.9
7.48,-0.217095, 7.60875, -0.199675, 7.70536, -0.0296497, 7.72499, -0.387096, 7.24496, -0.0451711, 7.22421, -0.369174, 7.70634, -0.030015, 7.84671, -0.402523, 7.36634, -0.0611201, 7.22621, -0.370706, 0.9
7.50065,-0.201668, 7.6386, -0.192461, 7.74368, -0.029743, 7.72237, -0.387984, 7.24212, -0.0469323, 7.26328, -0.370489, 7.89388, -0.0248761, 7.72499, -0.387096, 7.24496, -0.0451711, 7.41376, -0.36441, 0.9
7.52006,-0.219157, 7.64767, -0.199913, 7.74426, -0.0304501, 7.76125, -0.389508, 7.27911, -0.0493572, 7.28922, -0.354576, 7.74368, -0.029743, 7.88555, -0.40179, 7.40655, -0.0607382, 7.26328, -0.370489, 0.9
7.55218,-0.187375, 7.64561, -0.203513, 7.79063, -0.018777, 7.76316, -0.388019, 7.27412, -0.059084, 7.32359, -0.356405, 7.85958, -0.0421923, 7.76125, -0.389508, 7.27911, -0.0493572, 7.40945, -0.369931, 0.6
7.57269,-0.207246, 7.64624, -0.194596, 7.80672, 0.00127559, 7.81773, -0.381861, 7.32827, -0.0514794, 7.3225, -0.354416, 7.79063, -0.018777, 7.88243, -0.376771, 7.39557, -0.0478363, 7.32359, -0.356405, 0.5
7.59742,-0.186144, 7.65844, -0.189029, 7.84091, -0.0089381, 7.81657, -0.380956, 7.3281, -0.0504641, 7.3611, -0.357041, 7.89829, -0.0229439, 7.81773, -0.381861, 7.32827, -0.0514794, 7.41562, -0.377633, 0.4
7.61371,-0.205615, 7.67746, -0.188003, 7.83982, -0.00875779, 7.85317, -0.37904, 7.37061, -0.0430987, 7.36047, -0.356638, 7.84091, -0.0089381, 7.89757, -0.389834, 7.41056, -0.0593423, 7.3611, -0.357041, 0.4
7.63545,-0.186682, 7.68355, -0.190035, 7.87789, -0.0118332, 7.85451, -0.377919, 7.3713, -0.0420919, 7.39852, -0.355972, 7.89582, -0.0334777, 7.85317, -0.37904, 7.37061, -0.0430987, 7.41882, -0.380816, 0.2
7.65301,-0.205783, 7.69379, -0.187668, 7.87782, -0.0129145, 7.8928, -0.377856, 7.41249, -0.0380099, 7.39791, -0.355202, 7.87789, -0.0118332, 7.89262, -0.405538, 7.41043, -0.0697118, 7.39852, -0.355972, 0.2
7.67384,-0.18734, 7.80647, -0.158474, 7.91506, -0.0143624, 7.89453, -0.376847, 7.41332, -0.0369742, 7.435, -0.354986, 8.0949, -0.0146541, 7.8928, -0.377856, 7.41249, -0.0380099, 7.61351, -0.356163, 0.9
7.69103,-0.204593, 7.72614, -0.164181, 7.91631, -0.0153132, 7.93338, -0.376204, 7.45362, -0.0346937, 7.4357, -0.355202, 7.91506, -0.0143624, 7.88966, -0.373439, 7.41357, -0.0335666, 7.435, -0.354986, 0.1
7.71077,-0.189206, 7.84474, -0.154802, 7.9557, -0.0165852, 7.934, -0.376242, 7.45219, -0.0360616, 7.47557, -0.357327, 8.13776, -0.0150519, 7.93338, -0.376204, 7.45362, -0.0346937, 7.65523, -0.354073, 0.9
7.72926,-0.204254, 7.85736, -0.187724, 7.95533, -0.016681, 7.97135, -0.376707, 7.49132, -0.0348491, 7.47405, -0.356211, 7.9557, -0.0165852, 8.09701, -0.387941, 7.61654, -0.0477608, 7.47557, -0.357327, 0.9
7.74979,-0.188874, 7.88745, -0.179428, 7.99298, -0.0163063, 7.97168, -0.375298, 7.49134, -0.0346313, 7.51257, -0.357128, 8.14366, -0.0127608, 7.97135, -0.376707, 7.49132, -0.0348491, 7.66344, -0.352282, 0.9
7.76905,-0.206717, 7.89666, -0.187248, 7.99366, -0.0174042, 8.0105, -0.376395, 7.52701, -0.0380526, 7.53984, -0.338732, 7.99298, -0.0163063, 8.13519, -0.388493, 7.65614, -0.047826, 7.51257, -0.357128, 0.9
7.80192,-0.175046, 7.89656, -0.188551, 8.0402, -0.00502613, 8.01258, -0.374755, 7.52409, -0.0478978, 7.57403, -0.342106, 8.10875, -0.0322084, 8.0105, -0.376395, 7.52701, -0.0380526, 7.66048, -0.357758, 0.6
7.82207,-0.194087, 7.90939, -0.183674, 8.05669, 0.0144876, 8.06996, -0.36548, 7.57911, -0.0367911, 7.57236, -0.339912, 8.0402, -0.00502613, 8.15213, -0.367918, 7.66523, -0.0410606, 7.57403, -0.342106, 0.6
7.84882,-0.170693, 7.90923, -0.178851, 8.09076, 0.00533453, 8.06386, -0.371926, 7.57751, -0.0386252, 7.61064, -0.341997, 8.14358, -0.0113544, 8.06996, -0.36548, 7.57911, -0.0367911, 7.66131, -0.364944, 0.4
7.86383,-0.193363, 7.9271, -0.174696, 8.09126, 0.00402409, 8.1029, -0.367997, 7.62131, -0.029611, 7.61102, -0.34295, 8.09076, 0.00533453, 8.14635, -0.37904, 7.66155, -0.0457395, 7.61064, -0.341997, 0.4
7.88567,-0.174161, 7.93324, -0.176274, 8.12961, 0.000477657, 8.1042, -0.367197, 7.62211, -0.0288225, 7.64981, -0.343314, 8.14727, -0.0215091, 8.1029, -0.367997, 7.62131, -0.029611, 7.66944, -0.367994, 0.2
7.90355,-0.192898, 7.94397, -0.175251, 8.1295, 0.000404194, 8.14297, -0.365812, 7.66348, -0.0249627, 7.64874, -0.342201, 8.12961, 0.000477657, 8.14273, -0.394058, 7.6617, -0.0556841, 7.64981, -0.343314, 0.2
7.9253,-0.174027, 8.05693, -0.145578, 8.16643, -0.00100936, 8.14478, -0.364958, 7.66427, -0.0237817, 7.68602, -0.341616, 8.34623, -0.00182328, 8.14297, -0.365812, 7.66348, -0.0249627, 7.86396, -0.343593, 0.9
7.94272,-0.192125, 8.0711, -0.173492, 8.16773, -0.0021868, 8.18305, -0.36438, 7.70347, -0.0223074, 7.68672, -0.342455, 8.16643, -0.00100936, 8.30945, -0.373506, 7.83036, -0.0323304, 7.68602, -0.341616, 0.9
7.96284,-0.17514, 8.10078, -0.167024, 8.20514, -0.00239177, 8.18475, -0.363811, 7.7032, -0.0227651, 7.72424, -0.342452, 8.35639, 6.66665e-05, 8.18305, -0.36438, 7.70347, -0.0223074, 7.87657, -0.340285, 0.9
7.98028,-0.191374, 8.10933, -0.173904, 8.20643, -0.00347417, 8.22267, -0.363526, 7.74277, -0.0215323, 7.72499, -0.343202, 8.20514, -0.00239177, 8.34822, -0.375019, 7.86801, -0.0339732, 7.72424, -0.342452, 0.9
8.00156,-0.17567, 8.1386, -0.166494, 8.24491, -0.00392251, 8.22385, -0.363084, 7.74218, -0.0217236, 7.76442, -0.344691, 8.39519, 0.000265353, 8.22267, -0.363526, 7.74277, -0.0215323, 7.91489, -0.339573, 0.9
8.02203,-0.191038, 8.14849, -0.174029, 8.24535, -0.00429133, 8.26234, -0.362069, 7.78202, -0.0217673, 7.77516, -0.333083, 8.24373, -0.00340429, 8.38772, -0.376233, 7.90767, -0.0345783, 7.76615, -0.340667, 0.9
8.04651,-0.168228, 8.15687, -0.173443, 8.28853, 0.00359188, 8.26389, -0.360726, 7.7741, -0.0372994, 7.81248, -0.332024, 8.38532, -0.00850734, 8.26234, -0.362069, 7.78202, -0.0217673, 7.91848, -0.339498, 0.7
8.06212,-0.188295, 8.15355, -0.175713, 8.28961, 0.00222688, 8.30771, -0.360414, 7.82402, -0.0262797, 7.81116, -0.332837, 8.28853, 0.00359188, 8.39045, -0.351352, 7.90364, -0.0279246, 7.81248, -0.332024, 0.6
8.08683,-0.169922, 8.14789, -0.17673, 8.33208, 0.00246176, 8.30882, -0.361129, 7.82208, -0.0277463, 7.85118, -0.334809, 8.37765, -0.0115131, 8.30771, -0.360414, 7.82402, -0.0262797, 7.90142, -0.346958, 0.4
8.10511,-0.188944, 8.15703, -0.176011, 8.33382, 0.00135172, 8.35036, -0.362059, 7.86804, -0.0236247, 7.85153, -0.335742, 8.33208, 0.00246176, 8.39262, -0.361041, 7.9075, -0.0276584, 7.85118, -0.334809, 0.4
8.12915,-0.171483, 8.15544, -0.18021, 8.37392, -0.000777082, 8.35091, -0.362017, 7.86681, -0.0255152, 7.89343, -0.340415, 8.38377, -0.0181732, 8.35036, -0.362059, 7.86804, -0.0236247, 7.90348, -0.355466, 0.2
8.14886,-0.190495, 8.17059, -0.17699, 8.37474, 0.000906107, 8.39145, -0.363264, 7.91089, -0.0232849, 7.89412, -0.339534, 8.37392, -0.000777082, 8.39621, -0.366212, 7.91341, -0.0297101, 7.89343, -0.340415, 0.2
8.16859,-0.175797, 8.27931, -0.150856, 8.41523, -0.000822959, 8.393, -0.362419, 7.91178, -0.0225274, 7.93555, -0.342078, 8.58336, 0.00318987, 8.39145, -0.363264, 7.91089, -0.0232849, 8.10074, -0.337154, 0.9
8.1899,-0.189876, 8.2989, -0.177125, 8.41558, -0.000171482, 8.43471, -0.362059, 7.9547, -0.0210807, 7.93408, -0.337227, 8.41523, -0.000822959, 8.56369, -0.345744, 8.08409, -0.0058524, 7.93555, -0.342078, 0.9
8.21107,-0.175025, 8.32398, -0.171359, 8.45632, -0.000294404, 8.43599, -0.362601, 7.95524, -0.0213652, 7.9762, -0.340481, 8.59778, 0.00364939, 8.43471, -0.362059, 7.9547, -0.0210807, 8.11713, -0.334296, 0.9
8.23298,-0.191018, 8.34025, -0.178022, 8.45686, -0.000731993, 8.47713, -0.361879, 7.99736, -0.0204164, 7.977, -0.341041, 8.45632, -0.000294404, 8.60578, -0.346772, 8.12668, -0.00553663, 7.9762, -0.340481, 0.9
8.25459,-0.174845, 8.36698, -0.173493, 8.49812, -0.00193147, 8.47745, -0.362997, 7.99591, -0.0255165, 8.01869, -0.343324, 8.63772, 0.00477208, 8.47713, -0.361879, 7.99736, -0.0204164, 8.15855, -0.336336, 0.9
8.27665,-0.190219, 8.38412, -0.179113, 8.49965, -0.00208762, 8.52085, -0.362802, 8.04076, -0.0226257, 8.0352, -0.329018, 8.49812, -0.00193147, 8.65144, -0.346707, 8.17181, -0.00922692, 8.01869, -0.343324, 0.9
8.3029,-0.167378, 8.41219, -0.172281, 8.5478, 0.00681926, 8.52222, -0.36223, 8.02412, -0.0408169, 8.0737, -0.328269, 8.6749, -0.00122349, 8.52085, -0.362802, 8.04076, -0.0226257, 8.213, -0.331515, 0.9
8.31877,-0.188441, 8.42735, -0.184351, 8.54922, 0.00568218, 8.56796, -0.364379, 8.08072, -0.0308123, 8.05901, -0.321493, 8.5478, 0.00681926, 8.71748, -0.315865, 8.22284, 0.00554815, 8.0737, -0.328269, 0.9
8.34194,-0.170307, 8.43795, -0.174845, 8.59094, 0.00336797, 8.5699, -0.363663, 8.0796, -0.0309862, 8.10711, -0.331913, 8.72926, 0.00225653, 8.56796, -0.364379, 8.08072, -0.0308123, 8.2399, -0.32563, 0.9
8.36557,-0.190195, 8.45496, -0.18182, 8.59399, 0.00489796, 8.61165, -0.361923, 8.12787, -0.024334, 8.10467, -0.32854, 8.59094, 0.00336797, 8.75296, -0.315329, 8.26513, 0.017347, 8.10711, -0.331913, 0.9
8.38769,-0.169804, 8.47624, -0.17716, 8.63607, 0.00518842, 8.61506, -0.362971, 8.1176, -0.032682, 8.15203, -0.333042, 8.77088, 0.00432496, 8.61165, -0.361923, 8.12787, -0.024334, 8.28211, -0.330024, 0.9
8.4081,-0.191954, 8.49667, -0.181709, 8.63771, 0.00369142, 8.65594, -0.365147, 8.16885, -0.0280297, 8.14259, -0.329823, 8.63607, 0.00518842, 8.79978, -0.311742, 8.30487, 0.0185476, 8.15203, -0.333042, 0.9
8.42952,-0.170891, 8.51591, -0.178763, 8.67731, 0.002074, 8.65752, -0.36408, 8.16151, -0.0311475, 8.19168, -0.336131, 8.81413, 0.00167268, 8.65594, -0.365147, 8.16885, -0.0280297, 8.31942, -0.332402, 0.9
8.44981,-0.192176, 8.53818, -0.181745, 8.6796, 0.00278501, 8.69738, -0.363736, 8.21134, -0.0259155, 8.18472, -0.331903, 8.67731, 0.002074, 8.83936, -0.314175, 8.34562, 0.018758, 8.19168, -0.336131, 0.9
8.47075,-0.173406, 8.55779, -0.179173, 8.72002, 0.00208528, 8.69991, -0.364567, 8.20603, -0.0297227, 8.23438, -0.336865, 8.8562, 0.0022935, 8.69738, -0.363736, 8.21134, -0.0259155, 8.36164, -0.332941, 0.9
8.49093,-0.19092, 8.58039, -0.18328, 8.72174, 0.00126566, 8.74051, -0.365617, 8.25528, -0.0267164, 8.22813, -0.33436, 8.72002, 0.00208528, 8.88093, -0.317945, 8.38928, 0.0168999, 8.23438, -0.336865, 0.9
8.5133,-0.174756, 8.59994, -0.178206, 8.76209, 1.62995e-05, 8.74228, -0.365182, 8.2499, -0.029572, 8.27707, -0.339207, 8.89901, 0.0029686, 8.74051, -0.365617, 8.25528, -0.0267164, 8.40559, -0.333205, 0.9
8.53536,-0.193815, 8.62244, -0.184413, 8.76394, -6.63969e-05, 8.78282, -0.365642, 8.29825, -0.0265376, 8.27158, -0.336253, 8.76209, 1.62995e-05, 8.92206, -0.318267, 8.43173, 0.0173428, 8.27707, -0.339207, 0.9
8.55568,-0.176514, 8.64359, -0.181421, 8.80435, -0.00195907, 8.78481, -0.365892, 8.29358, -0.0296678, 8.31989, -0.341302, 8.93961, 0.00197806, 8.78282, -0.365642, 8.29825, -0.0265376, 8.44752, -0.334928, 0.9
8.57886,-0.195058, 8.66527, -0.185812, 8.80663, -0.00166414, 8.82591, -0.367541, 8.34175, -0.0278886, 8.3152, -0.338356, 8.80435, -0.00195907, 8.96451, -0.320488, 8.4753, 0.0157367, 8.31989, -0.341302, 0.9
8.59975,-0.176482, 8.68677, -0.183046, 8.84672, -0.00384291, 8.82743, -0.366669, 8.3373, -0.0298655, 