-0.00737454,0.0105357, 0.0813097, -0.0284453, 0.209586, 0.171421, 0.273798, -0.16486, -0.20374, 0.177817, -0.265664, -0.172085, 0.208782, 0.170677, 0.391751, -0.195038, -0.0874424, 0.149587, -0.26688, -0.172819, 0.9
0.0404432,0.00772358, 0.114672, 0.0172242, 0.299711, 0.176375, 0.275088, -0.164049, -0.200508, 0.178178, -0.175588, -0.167068, 0.408931, 0.212646, 0.273798, -0.16486, -0.20374, 0.177817, -0.0673757, -0.132214, 0.9
0.0956165,-0.00767768, 0.158858, 0.0040862, 0.301488, 0.175082, 0.360555, -0.174217, -0.11776, 0.168102, -0.17277, -0.168044, 0.299711, 0.176375, 0.45204, -0.144476, -0.0228124, 0.197751, -0.175588, -0.167068, 0.9
0.141016,0.00574743, 0.205454, 0.00380866, 0.395751, 0.176569, 0.363125, -0.173526, -0.120572, 0.165297, -0.0813127, -0.166204, 0.496275, 0.197117, 0.360555, -0.174217, -0.11776, 0.168102, 0.0220719, -0.147945, 0.9
0.185153,-0.0126577, 0.250835, -0.00162558, 0.395593, 0.177839, 0.449712, -0.180263, -0.0312052, 0.160648, -0.0838094, -0.162819, 0.395751, 0.176569, 0.547273, -0.139232, 0.065078, 0.199591, -0.0813127, -0.166204, 0.9
0.231812,0.00668379, 0.294529, 0.00150626, 0.48916, 0.179391, 0.453427, -0.180826, -0.0380988, 0.154515, 0.00998576, -0.16256, 0.591912, 0.18946, 0.449712, -0.180263, -0.0312052, 0.160648, 0.113033, -0.15299, 0.9
0.278886,-0.0181488, 0.341516, -0.00377073, 0.490582, 0.178721, 0.540955, -0.18725, 0.05662, 0.152408, 0.00275375, -0.157909, 0.48916, 0.179391, 0.643492, -0.138734, 0.154077, 0.196607, 0.00998576, -0.16256, 0.9
0.322631,0.00535923, 0.386241, -0.00184339, 0.582552, 0.179329, 0.544166, -0.186374, 0.0579378, 0.152728, 0.0999097, -0.160884, 0.688846, 0.181994, 0.540955, -0.18725, 0.05662, 0.152408, 0.201665, -0.155904, 0.9
0.366891,-0.0169949, 0.432003, -0.00523249, 0.585609, 0.178401, 0.631586, -0.188527, 0.14957, 0.152124, 0.0896362, -0.154126, 0.582552, 0.179329, 0.733156, -0.140867, 0.248803, 0.198236, 0.0999097, -0.160884, 0.9
0.415881,0.00446191, 0.478109, -0.00229029, 0.676377, 0.178749, 0.636315, -0.189981, 0.152029, 0.150357, 0.189567, -0.159263, 0.787396, 0.178088, 0.631586, -0.188527, 0.14957, 0.152124, 0.291919, -0.155046, 0.9
0.464144,-0.0210235, 0.526719, -0.00672306, 0.679644, 0.177076, 0.726697, -0.193875, 0.244942, 0.147746, 0.191949, -0.160568, 0.676377, 0.178749, 0.827465, -0.144571, 0.34529, 0.195766, 0.189567, -0.159263, 0.9
0.512489,0.0032107, 0.573467, -0.00446423, 0.771707, 0.177617, 0.729925, -0.192401, 0.246612, 0.148805, 0.288879, -0.163063, 0.877692, 0.178346, 0.726697, -0.193875, 0.244942, 0.147746, 0.390668, -0.16047, 0.9
0.560593,-0.0227951, 0.610982, -0.00579605, 0.775152, 0.176234, 0.821052, -0.195387, 0.340209, 0.146748, 0.290462, -0.163905, 0.771707, 0.177617, 0.90239, -0.144556, 0.421763, 0.19665, 0.288879, -0.163063, 0.8
0.60509,7.63229e-05, 0.632115, -0.0139605, 0.867337, 0.176303, 0.824359, -0.19417, 0.341547, 0.14732, 0.386026, -0.165433, 0.91036, 0.169282, 0.821052, -0.195387, 0.340209, 0.146748, 0.427321, -0.172226, 0.6
0.652907,-0.0218616, 0.642264, -0.00344341, 0.870738, 0.175096, 0.915992, -0.196339, 0.435387, 0.145831, 0.387448, -0.165973, 0.867337, 0.176303, 0.900095, -0.154063, 0.42068, 0.187427, 0.386026, -0.165433, 0.3
0.701339,-0.000703847, 0.759558, 0.0123795, 0.961452, 0.172422, 0.919058, -0.195616, 0.436626, 0.14597, 0.480812, -0.169109, 1.09012, 0.176198, 0.915992, -0.196339, 0.435387, 0.145831, 0.605199, -0.165585, 0.9
0.74441,-0.0184933, 0.814253, -0.011481, 0.966146, 0.174151, 1.0015, -0.192346, 0.528663, 0.147216, 0.483583, -0.16733, 0.961452, 0.172422, 1.11468, -0.148877, 0.634532, 0.192709, 0.480812, -0.169109, 0.9
0.791337,-0.000586524, 0.857224, -0.00466709, 1.05038, 0.170118, 1.00585, -0.191702, 0.529773, 0.147083, 0.571336, -0.170198, 1.1565, 0.181012, 1.0015, -0.192346, 0.528663, 0.147216, 0.67379, -0.16094, 0.9
0.840237,-0.0243725, 0.871553, -0.00111435, 1.05598, 0.169107, 1.10097, -0.197534, 0.624361, 0.146042, 0.573117, -0.167453, 1.05038, 0.170118, 1.152, -0.15008, 0.678653, 0.188705, 0.571336, -0.170198, 0.7
0.883965,-0.00551044, 0.881179, -0.0174814, 1.14938, 0.169426, 1.10454, -0.196488, 0.62623, 0.147225, 0.668616, -0.170345, 1.168, 0.159292, 1.10097, -0.197534, 0.624361, 0.146042, 0.686674, -0.178951, 0.5
0.934067,-0.0255473, 0.893187, -0.00794699, 1.14833, 0.173379, 1.19852, -0.200205, 0.720615, 0.143662, 0.666119, -0.17145, 1.14938, 0.169426, 1.16254, -0.142571, 0.687612, 0.201141, 0.668616, -0.170345, 0.2
0.978002,-0.00643567, 1.01527, 0.00580157, 1.23522, 0.168191, 1.19972, -0.200447, 0.714707, 0.148276, 0.762519, -0.172068, 1.36665, 0.176801, 1.19852, -0.200205, 0.720615, 0.143662, 0.881725, -0.16879, 0.9
1.01965,-0.0284735, 1.05778, -0.0184832, 1.19677, 0.17143, 1.28347, -0.197091, 0.806484, 0.143844, 0.758594, -0.166329, 1.23522, 0.168191, 1.37808, -0.133962, 0.89646, 0.214762, 0.762519, -0.172068, 0.8
1.05733,-0.00957412, 1.06084, -0.0308331, 1.30421, 0.164039, 1.28717, -0.196229, 0.807541, 0.145074, 0.848529, -0.175358, 1.33481, 0.177751, 1.28347, -0.197091, 0.806484, 0.143844, 0.899633, -0.166065, 0.6
1.10943,-0.0302583, 1.08231, -0.0158344, 1.30885, 0.163272, 1.37494, -0.198844, 0.895427, 0.142496, 0.850005, -0.173925, 1.30421, 0.164039, 1.37663, -0.13804, 0.900859, 0.203263, 0.848529, -0.175358, 0.4
1.15699,-0.0107508, 1.08725, -0.0330999, 1.41198, 0.167258, 1.37945, -0.205574, 0.897021, 0.138621, 0.946041, -0.17471, 1.3652, 0.149893, 1.37494, -0.198844, 0.895427, 0.142496, 0.908584, -0.191136, 0.2
1.20711,-0.0343307, 1.22317, -0.0498119, 1.41227, 0.167595, 1.47298, -0.20977, 0.98662, 0.137572, 0.947056, -0.174838, 1.41198, 0.167258, 1.59949, -0.145602, 1.11688, 0.198593, 0.946041, -0.17471, 0.9
1.24978,-0.0154325, 1.26332, -0.0325875, 1.50606, 0.16259, 1.4731, -0.21164, 0.988971, 0.138218, 1.03238, -0.178499, 1.59228, 0.174625, 1.47298, -0.20977, 0.98662, 0.137572, 1.1277, -0.171777, 0.9
1.29892,-0.035433, 1.28764, -0.0307917, 1.51041, 0.161726, 1.55786, -0.206034, 1.08204, 0.136916, 1.03655, -0.179739, 1.50606, 0.16259, 1.62102, -0.10851, 1.1415, 0.241348, 1.03238, -0.178499, 0.6
1.34529,-0.0129107, 1.33131, -0.0414781, 1.60608, 0.159872, 1.56246, -0.205278, 1.08187, 0.134081, 1.12922, -0.182133, 1.63503, 0.174313, 1.55786, -0.206034, 1.08204, 0.136916, 1.16012, -0.168643, 0.6
1.39215,-0.0348924, 1.32345, -0.0253836, 1.6064, 0.166577, 1.65911, -0.208742, 1.17919, 0.13194, 1.12464, -0.176971, 1.60608, 0.159872, 1.6177, -0.106453, 1.14257, 0.232906, 1.12922, -0.182133, 0.1
1.44179,-0.0121031, 1.44636, -0.01089, 1.70407, 0.170307, 1.66281, -0.214149, 1.17406, 0.132161, 1.22568, -0.17678, 1.82125, 0.171821, 1.65911, -0.208742, 1.17919, 0.13194, 1.33582, -0.172621, 0.9
1.48783,-0.0347385, 1.50859, -0.0354708, 1.70524, 0.169767, 1.74852, -0.20892, 1.26579, 0.133366, 1.22471, -0.178449, 1.70407, 0.170307, 1.87297, -0.107877, 1.3878, 0.238434, 1.22568, -0.17678, 0.9
1.53512,-0.0131754, 1.54799, -0.0340467, 1.7943, 0.160711, 1.75264, -0.208124, 1.26936, 0.134498, 1.31343, -0.181527, 1.88604, 0.174942, 1.74852, -0.20892, 1.26579, 0.133366, 1.40524, -0.175387, 0.9
1.58154,-0.035957, 1.55847, -0.0234397, 1.79936, 0.159876, 1.84799, -0.211554, 1.36809, 0.132321, 1.31799, -0.183004, 1.7943, 0.160711, 1.87647, -0.107117, 1.3976, 0.235505, 1.31343, -0.181527, 0.5
1.63161,-0.0143697, 1.57928, -0.0401803, 1.89688, 0.160489, 1.84596, -0.214022, 1.36382, 0.127339, 1.41657, -0.181921, 1.88415, 0.152955, 1.84799, -0.211554, 1.36809, 0.132321, 1.40266, -0.191183, 0.4
1.67714,-0.0410812, 1.69567, -0.0516605, 1.89986, 0.165124, 1.94306, -0.216595, 1.46269, 0.125636, 1.39862, -0.181504, 1.89688, 0.160489, 2.07321, -0.135269, 1.59129, 0.206092, 1.41657, -0.181921, 0.9
1.72204,-0.0160181, 1.73153, -0.0390766, 1.98351, 0.158547, 1.94686, -0.221041, 1.43852, 0.125537, 1.49615, -0.183926, 2.08346, 0.16552, 1.94306, -0.216595, 1.46269, 0.125636, 1.58102, -0.181341, 0.9
1.76119,-0.0356221, 1.77687, -0.0397113, 1.98585, 0.157477, 2.02728, -0.209883, 1.53457, 0.129271, 1.49909, -0.185232, 1.98351, 0.158547, 2.14698, -0.114295, 1.64333, 0.232283, 1.49615, -0.183926, 0.8
1.81082,-0.0151554, 1.8138, -0.0346872, 2.07268, 0.164608, 2.03227, -0.208888, 1.5395, 0.130662, 1.59874, -0.182548, 2.13997, 0.165578, 2.02728, -0.209883, 1.53457, 0.129271, 1.65288, -0.179015, 0.8
1.85779,-0.0366215, 1.82256, -0.0258084, 2.07701, 0.163538, 2.12554, -0.209638, 1.63989, 0.130298, 1.59747, -0.183795, 2.07268, 0.164608, 2.14134, -0.111443, 1.65361, 0.228107, 1.59874, -0.182548, 0.4
1.90921,-0.0143733, 1.84333, -0.0407727, 2.16905, 0.166783, 2.12604, -0.215838, 1.63832, 0.127088, 1.69516, -0.178285, 2.14446, 0.150938, 2.12554, -0.209638, 1.63989, 0.130298, 1.66529, -0.19803, 0.3
1.95761,-0.0437437, 1.97341, -0.0554322, 2.17231, 0.165331, 2.22115, -0.218238, 1.7317, 0.126605, 1.68123, -0.184717, 2.16905, 0.166783, 2.356, -0.140229, 1.86865, 0.202698, 1.69516, -0.178285, 0.9
1.99735,-0.0152873, 2.01235, -0.0420565, 2.25667, 0.159621, 2.21938, -0.221632, 1.69699, 0.110831, 1.77293, -0.183753, 2.35176, 0.167809, 2.22115, -0.218238, 1.7317, 0.126605, 1.85994, -0.183583, 0.9
2.03495,-0.0395877, 2.0422, -0.0429138, 2.26032, 0.158662, 2.29958, -0.214914, 1.80415, 0.121691, 1.77568, -0.184965, 2.25667, 0.159621, 2.41188, -0.103451, 1.89564, 0.229011, 1.77293, -0.183753, 0.7
2.08766,-0.0156161, 2.07473, -0.0427976, 2.35431, 0.158538, 2.30473, -0.214046, 1.80878, 0.122934, 1.87242, -0.184641, 2.3934, 0.162443, 2.29958, -0.214914, 1.80415, 0.121691, 1.90844, -0.18292, 0.7
2.13245,-0.0415652, 2.07387, -0.0281597, 2.35388, 0.162975, 2.39532, -0.213087, 1.90892, 0.125817, 1.86681, -0.185845, 2.35431, 0.158538, 2.38246, -0.108485, 1.89239, 0.228495, 1.87242, -0.184641, 0.2
2.18476,-0.0169223, 2.1032, -0.0443681, 2.44433, 0.164144, 2.3994, -0.221081, 1.91433, 0.122529, 1.96746, -0.182902, 2.4072, 0.14507, 2.39532, -0.213087, 1.90892, 0.125817, 1.91974, -0.204417, 0.2
2.23087,-0.045281, 2.24875, -0.06108, 2.44739, 0.163054, 2.48828, -0.216663, 2.00593, 0.124662, 1.95961, -0.18827, 2.44433, 0.164144, 2.63155, -0.14871, 2.14615, 0.1949, 1.96746, -0.182902, 0.9
2.27054,-0.0250694, 2.2893, -0.0411484, 2.53433, 0.151418, 2.49122, -0.215366, 2.0091, 0.126113, 2.04979, -0.189894, 2.62964, 0.166994, 2.48828, -0.216663, 2.00593, 0.124662, 2.14109, -0.185452, 0.9
2.32197,-0.0466356, 2.30945, -0.0364453, 2.53942, 0.150652, 2.58518, -0.221982, 2.10823, 0.123808, 2.05422, -0.191313, 2.53433, 0.151418, 2.63323, -0.122958, 2.15461, 0.218521, 2.04979, -0.189894, 0.6
2.36985,-0.0254552, 2.33371, -0.0498381, 2.63613, 0.14922, 2.58516, -0.223479, 2.10917, 0.121662, 2.1537, -0.192071, 2.64349, 0.147008, 2.58518, -0.221982, 2.10823, 0.123808, 2.15801, -0.196057, 0.5
2.41802,-0.0509725, 2.34255, -0.0359376, 2.63025, 0.153091, 2.67925, -0.223049, 2.20149, 0.119797, 2.14781, -0.190854, 2.63613, 0.14922, 2.63433, -0.130533, 2.16286, 0.214608, 2.1537, -0.192071, 0.1
2.46426,-0.0267524, 2.46927, -0.0240326, 2.72441, 0.147948, 2.68619, -0.232059, 2.19282, 0.119666, 2.24055, -0.193952, 2.84641, 0.153079, 2.67925, -0.223049, 2.20149, 0.119797, 2.36067, -0.192021, 0.9
2.5075,-0.0500831, 2.52947, -0.0497971, 2.71582, 0.152121, 2.76981, -0.225663, 2.28482, 0.118265, 2.24314, -0.194184, 2.72441, 0.147948, 2.89314, -0.12538, 2.40444, 0.226345, 2.24055, -0.193952, 0.9
2.55209,-0.0295964, 2.55462, -0.0485742, 2.80463, 0.143822, 2.77339, -0.225054, 2.28839, 0.119257, 2.32818, -0.198909, 2.87577, 0.153399, 2.76981, -0.225663, 2.28482, 0.118265, 2.40466, -0.197172, 0.8
2.60168,-0.0548289, 2.57917, -0.0339093, 2.81179, 0.142751, 2.8635, -0.232193, 2.38755, 0.113283, 2.33353, -0.194393, 2.80463, 0.143822, 2.88589, -0.147642, 2.40506, 0.19667, 2.32818, -0.198909, 0.5
2.64658,-0.0320418, 2.58869, -0.0546696, 2.91012, 0.142868, 2.8672, -0.231311, 2.38051, 0.11501, 2.43109, -0.196729, 2.88316, 0.123695, 2.8635, -0.232193, 2.38755, 0.113283, 2.40653, -0.215748, 0.3
2.69635,-0.0549304, 2.71284, -0.0677032, 2.91212, 0.149154, 2.95971, -0.23368, 2.47457, 0.114766, 2.43392, -0.19536, 2.91012, 0.142868, 3.08855, -0.164582, 2.60197, 0.181739, 2.43109, -0.196729, 0.9
2.74059,-0.0328524, 2.75259, -0.0526684, 2.99985, 0.143487, 2.96029, -0.233959, 2.45976, 0.101317, 2.52091, -0.198374, 3.08658, 0.15042, 2.95971, -0.23368, 2.47457, 0.114766, 2.60869, -0.196964, 0.9
2.78329,-0.0542909, 2.78755, -0.0555786, 3.00389, 0.142768, 3.0463, -0.228863, 2.55905, 0.108514, 2.52414, -0.199231, 2.99985, 0.143487, 3.14332, -0.124508, 2.64786, 0.210768, 2.52091, -0.198374, 0.7
2.83605,-0.0321489, 2.82214, -0.055669, 3.09755, 0.140267, 3.05131, -0.228277, 2.56348, 0.109511, 2.61795, -0.201788, 3.14032, 0.145882, 3.0463, -0.228863, 2.55905, 0.108514, 2.66033, -0.197995, 0.7
2.88068,-0.0564059, 2.82208, -0.0425083, 3.09831, 0.146811, 3.1481, -0.230597, 2.66496, 0.109396, 2.61682, -0.199036, 3.09755, 0.140267, 3.12366, -0.125256, 2.64146, 0.212532, 2.61795, -0.201788, 0.2
2.93054,-0.0321615, 2.83896, -0.0620784, 3.19495, 0.144393, 3.14893, -0.236485, 2.6567, 0.108905, 2.71483, -0.199287, 3.13261, 0.125665, 3.1481, -0.230597, 2.66496, 0.109396, 2.65156, -0.221491, 0.1
2.97646,-0.0548606, 2.99191, -0.0796052, 3.1998, 0.150423, 3.23687, -0.2298, 2.75197, 0.112173, 2.71572, -0.198165, 3.19495, 0.144393, 3.38673, -0.167575, 2.89386, 0.177815, 2.71483, -0.199287, 0.9
3.02351,-0.029791, 3.03656, -0.0523766, 3.28125, 0.141751, 3.2079, -0.2379, 2.75522, 0.113188, 2.79846, -0.199638, 3.37727, 0.154875, 3.23687, -0.2298, 2.75197, 0.112173, 2.89277, -0.195442, 0.9
3.06109,-0.0501802, 3.04426, -0.0450963, 3.28941, 0.14221, 3.30998, -0.226759, 2.84767, 0.118216, 2.80671, -0.199194, 3.28125, 0.141751, 3.35202, -0.123611, 2.90287, 0.227477, 2.79846, -0.199638, 0.5
3.1131,-0.0283769, 3.08396, -0.0568648, 3.38025, 0.143293, 3.31478, -0.225883, 2.8444, 0.112891, 2.89939, -0.198554, 3.38649, 0.149656, 3.30998, -0.226759, 2.84767, 0.118216, 2.90182, -0.191506, 0.5
3.16084,-0.0514129, 3.0891, -0.0454046, 3.38309, 0.149864, 3.41196, -0.231364, 2.94479, 0.110191, 2.9034, -0.1969, 3.38025, 0.143293, 3.38385, -0.128355, 2.9177, 0.210419, 2.89939, -0.198554, 0.1
3.21384,-0.0241513, 3.21613, -0.0284046, 3.47408, 0.146223, 3.4155, -0.230315, 2.94069, 0.109958, 2.99038, -0.197552, 3.58385, 0.154437, 3.41196, -0.231364, 2.94479, 0.110191, 3.09985, -0.192412, 0.9
3.25344,-0.0505423, 3.26776, -0.0477203, 3.47204, 0.153345, 3.50871, -0.225187, 3.03098, 0.114239, 2.99286, -0.197792, 3.47408, 0.146223, 3.61512, -0.116973, 3.14395, 0.2233, 2.99038, -0.197552, 0.8
3.29978,-0.0287874, 3.30082, -0.0463451, 3.55806, 0.145242, 3.51279, -0.224247, 3.03486, 0.115541, 3.08365, -0.198905, 3.62948, 0.152549, 3.50871, -0.225187, 3.03098, 0.114239, 3.15039, -0.200957, 0.8
3.34734,-0.0525172, 3.32562, -0.034631, 3.56292, 0.144312, 3.60552, -0.230935, 3.13392, 0.113427, 3.08799, -0.19989, 3.55806, 0.145242, 3.63221, -0.143149, 3.15801, 0.19664, 3.08365, -0.198905, 0.5
3.39769,-0.0311961, 3.33606, -0.0536661, 3.66055, 0.143463, 3.60944, -0.230148, 3.13524, 0.113797, 3.18293, -0.199062, 3.62796, 0.12739, 3.60552, -0.230935, 3.13392, 0.113427, 3.15415, -0.218625, 0.3
3.44617,-0.0559203, 3.46143, -0.0679664, 3.6637, 0.150606, 3.70995, -0.233197, 3.22814, 0.113945, 3.18024, -0.198356, 3.66153, 0.149503, 3.83397, -0.16064, 3.35924, 0.183356, 3.18563, -0.196762, 0.9
3.49288,-0.0315617, 3.50173, -0.0532182, 3.75046, 0.144232, 3.71261, -0.237243, 3.2094, 0.0967882, 3.27003, -0.199491, 3.84361, 0.15246, 3.70995, -0.233197, 3.22814, 0.113945, 3.35991, -0.198628, 0.9
3.53435,-0.0571433, 3.53648, -0.0561272, 3.75437, 0.143141, 3.79689, -0.231973, 3.30876, 0.105576, 3.27313, -0.200814, 3.75046, 0.144232, 3.89768, -0.120084, 3.39969, 0.213948, 3.27003, -0.199491, 0.7
3.58732,-0.0330469, 3.56979, -0.0584179, 3.85085, 0.141898, 3.80197, -0.231078, 3.31336, 0.106896, 3.37045, -0.201497, 3.8908, 0.144051, 3.79689, -0.231973, 3.30876, 0.105576, 3.4093, -0.201707, 0.7
3.6344,-0.0594686, 3.57269, -0.0439883, 3.84876, 0.146166, 3.89193, -0.236351, 3.41581, 0.103993, 3.37071, -0.201708, 3.85085, 0.141898, 3.87485, -0.125701, 3.39188, 0.212273, 3.37045, -0.201497, 0.2
3.68329,-0.0332633, 3.68924, -0.0366258, 3.94579, 0.142292, 3.89532, -0.235158, 3.41628, 0.106597, 3.46681, -0.201967, 4.0529, 0.147688, 3.89193, -0.236351, 3.41581, 0.103993, 3.5716, -0.201035, 0.9
3.72364,-0.0568411, 3.75168, -0.0570794, 3.94506, 0.146613, 3.99216, -0.235806, 3.50607, 0.107584, 3.44869, -0.202385, 3.94579, 0.142292, 4.10865, -0.129391, 3.63283, 0.212365, 3.46681, -0.201967, 0.9
3.77101,-0.0419597, 3.78136, -0.0532791, 4.03293, 0.137103, 3.99268, -0.242817, 3.50929, 0.108288, 3.54415, -0.206211, 4.13277, 0.150164, 3.99216, -0.235806, 3.50607, 0.107584, 3.6354, -0.199513, 0.9
3.82139,-0.0626129, 3.81139, -0.0567034, 4.03822, 0.146911, 4.08438, -0.238916, 3.60356, 0.106584, 3.54852, -0.207132, 4.03293, 0.137103, 4.13878, -0.139685, 3.65922, 0.21142, 3.54415, -0.206211, 0.6
3.86851,-0.0373774, 3.84416, -0.0632709, 4.12919, 0.139281, 4.08716, -0.242585, 3.58881, 0.102456, 3.64603, -0.207697, 4.15037, 0.138548, 4.08438, -0.238916, 3.60356, 0.106584, 3.66066, -0.216437, 0.5
3.91276,-0.0630169, 3.86764, -0.0512841, 4.13187, 0.143866, 4.17837, -0.240474, 3.69112, 0.102923, 3.64459, -0.209753, 4.12919, 0.139281, 4.16092, -0.163331, 3.66748, 0.18171, 3.64603, -0.207697, 0.2
3.95889,-0.0395033, 3.99071, -0.0337811, 4.22161, 0.137176, 4.17792, -0.242533, 3.68047, 0.103765, 3.73532, -0.210534, 4.34502, 0.143489, 4.17837, -0.240474, 3.69112, 0.102923, 3.85499, -0.210769, 0.9
3.9972,-0.0587235, 4.04705, -0.0598647, 4.22623, 0.142564, 4.26479, -0.240556, 3.77141, 0.104841, 3.71003, -0.198303, 4.22161, 0.137176, 4.38827, -0.161703, 3.8941, 0.184596, 3.73532, -0.210534, 0.9
4.04225,-0.0467424, 4.08551, -0.0465312, 4.31136, 0.143527, 4.27064, -0.246053, 3.7749, 0.106116, 3.80853, -0.206272, 4.42352, 0.132325, 4.26479, -0.240556, 3.77141, 0.104841, 3.90741, -0.20846, 0.9
4.09652,-0.0697227, 4.14242, -0.0602776, 4.3144, 0.142139, 4.35649, -0.243659, 3.87101, 0.102799, 3.81214, -0.207714, 4.31136, 0.143527, 4.47032, -0.171241, 3.97719, 0.180929, 3.80853, -0.206272, 0.9
4.13818,-0.0441501, 4.1948, -0.0560405, 4.40172, 0.134929, 4.35996, -0.244431, 3.87199, 0.101502, 3.91359, -0.2105, 4.51047, 0.139684, 4.35649, -0.243659, 3.87101, 0.102799, 4.0082, -0.210483, 0.9
4.18835,-0.0694273, 4.24603, -0.0580551, 4.40576, 0.135652, 4.45011, -0.244893, 3.96748, 0.099173, 3.91175, -0.207674, 4.40172, 0.134929, 4.55599, -0.189217, 4.07053, 0.156716, 3.91359, -0.2105, 0.9
4.2328,-0.0432039, 4.29317, -0.0534186, 4.49556, 0.133851, 4.45326, -0.243574, 3.9552, 0.0927135, 4.01049, -0.209172, 4.60177, 0.13198, 4.45011, -0.244893, 3.96748, 0.099173, 4.10844, -0.212303, 0.9
4.28075,-0.0706441, 4.3438, -0.056987, 4.49861, 0.133014, 4.5405, -0.241684, 4.05378, 0.0977475, 4.01026, -0.209081, 4.49556, 0.133851, 4.65455, -0.187187, 4.15951, 0.149101, 4.01049, -0.209172, 0.9
4.32701,-0.0448331, 4.38882, -0.0542891, 4.58977, 0.132116, 4.54542, -0.243034, 4.05588, 0.0956489, 4.10629, -0.21014, 4.69255, 0.130017, 4.5405, -0.241684, 4.05378, 0.0977475, 4.20509, -0.213331, 0.9
4.37684,-0.0712672, 4.43638, -0.0588584, 4.59295, 0.130741, 4.63618, -0.24338, 4.15272, 0.0974527, 4.10793, -0.211168, 4.58977, 0.132116, 4.74439, -0.191273, 4.25756, 0.147411, 4.10629, -0.21014, 0.9
4.4242,-0.0451728, 4.48572, -0.0550475, 4.68494, 0.130448, 4.64002, -0.243059, 4.15475, 0.0972788, 4.20218, -0.211348, 4.78689, 0.130007, 4.63618, -0.24338, 4.15272, 0.0974527, 4.30271, -0.21331, 0.9
4.47325,-0.072, 4.53364, -0.0586207, 4.68819, 0.128924, 4.73188, -0.245083, 4.25016, 0.0967704, 4.20433, -0.212854, 4.68494, 0.130448, 4.83798, -0.192745, 4.35523, 0.147592, 4.20218, -0.211348, 0.9
4.52038,-0.0461171, 4.58196, -0.0559921, 4.77897, 0.126384, 4.73499, -0.244015, 4.25141, 0.0971936, 4.29809, -0.215519, 4.88202, 0.129513, 4.73188, -0.245083, 4.25016, 0.0967704, 4.39895, -0.213725, 0.9
4.56612,-0.0713414, 4.62995, -0.0592361, 4.78347, 0.127505, 4.82736, -0.2452, 4.34639, 0.0968346, 4.30045, -0.214295, 4.77897, 0.126384, 4.93252, -0.194739, 4.45136, 0.146469, 4.29809, -0.215519, 0.9
4.6142,-0.0482635, 4.67662, -0.0556418, 4.87385, 0.124535, 4.83046, -0.244593, 4.34768, 0.0968876, 4.39331, -0.21728, 4.97758, 0.12954, 4.82736, -0.2452, 4.34639, 0.0968346, 4.49531, -0.213724, 0.9
4.66317,-0.072896, 4.72441, -0.06076, 4.87893, 0.126279, 4.92278, -0.245175, 4.44216, 0.0968172, 4.39634, -0.215548, 4.87385, 0.124535, 5.02713, -0.19712, 4.54671, 0.144361, 4.39331, -0.21728, 0.9
4.70985,-0.0493102, 4.77278, -0.0572204, 4.97083, 0.124881, 4.92629, -0.245119, 4.44373, 0.0964584, 4.49042, -0.217258, 5.07265, 0.128546, 4.92278, -0.245175, 4.44216, 0.0968172, 4.59079, -0.214783, 0.9
4.7599,-0.0742041, 4.81962, -0.0620142, 4.97475, 0.124966, 5.01872, -0.247074, 4.53806, 0.0951078, 4.49224, -0.216913, 4.97083, 0.124881, 5.1233, -0.197088, 4.64308, 0.144489, 4.49042, -0.217258, 0.9
4.80614,-0.0480017, 4.86893, -0.0590416, 5.06573, 0.123746, 5.02175, -0.24594, 4.52655, 0.0874261, 4.58507, -0.218177, 5.16662, 0.126823, 5.01872, -0.247074, 4.53806, 0.0951078, 4.68489, -0.216569, 0.9
4.8511,-0.0738733, 4.87945, -0.0548024, 5.07008, 0.124813, 5.11302, -0.24734, 4.62683, 0.0912725, 4.5896, -0.215887, 5.06573, 0.123746, 5.16159, -0.189851, 4.6709, 0.143516, 4.58507, -0.218177, 0.6
4.89819,-0.051764, 4.89989, -0.0664259, 5.16228, 0.125007, 5.11644, -0.246271, 4.62968, 0.0913048, 4.68247, -0.216811, 5.16581, 0.110462, 5.11302, -0.24734, 4.62683, 0.0912725, 4.68734, -0.231658, 0.4
4.95013,-0.0748886, 5.00834, -0.0770648, 5.16643, 0.123756, 5.20927, -0.247986, 4.72674, 0.092019, 4.68625, -0.216337, 5.16228, 0.125007, 5.32938, -0.222995, 4.84259, 0.11458, 4.68247, -0.216811, 0.9
4.999,-0.0493792, 5.06009, -0.0592414, 5.2584, 0.126086, 5.21291, -0.246338, 4.72937, 0.0928507, 4.77933, -0.216648, 5.35843, 0.124867, 5.20927, -0.247986, 4.72674, 0.092019, 4.87914, -0.216857, 0.9
5.049,-0.0788309, 5.10953, -0.0623242, 5.26609, 0.119599, 5.2811, -0.261091, 4.82894, 0.0850596, 4.78217, -0.217558, 5.2584, 0.126086, 5.41147, -0.197076, 4.93047, 0.142113, 4.77933, -0.216648, 0.9
5.09843,-0.0587989, 5.13053, -0.0747647, 5.36209, 0.0977261, 5.28336, -0.260967, 4.83149, 0.0829208, 4.875, -0.222901, 5.40633, 0.112275, 5.2811, -0.261091, 4.82894, 0.0850596, 4.9227, -0.2246, 0.7
5.13415,-0.0819624, 5.15993, -0.0706211, 5.35908, 0.0974948, 5.37814, -0.256637, 4.91348, 0.0864008, 4.87666, -0.223517, 5.36209, 0.0977261, 5.41495, -0.214636, 4.96558, 0.129251, 4.875, -0.222901, 0.5
5.18174,-0.0604798, 5.17742, -0.0772528, 5.44371, 0.104889, 5.3803, -0.255468, 4.91558, 0.087385, 4.9629, -0.227494, 5.41112, 0.0841933, 5.37814, -0.256637, 4.91348, 0.0864008, 4.93064, -0.237118, 0.2
5.22232,-0.0806025, 5.30413, -0.0908935, 5.44648, 0.105147, 5.47582, -0.254281, 5.00322, 0.0886265, 4.96491, -0.226567, 5.44371, 0.104889, 5.59829, -0.265667, 5.1315, 0.077186, 4.9629, -0.227494, 0.9
5.27259,-0.0589898, 5.36124, -0.0602572, 5.53377, 0.110119, 5.4791, -0.253232, 5.00565, 0.0896312, 5.05318, -0.227587, 5.64088, 0.111256, 5.47582, -0.254281, 5.00322, 0.0886265, 5.16011, -0.221153, 0.9
5.31693,-0.0824881, 5.37847, -0.0599918, 5.52559, 0.11634, 5.57153, -0.252913, 5.09419, 0.0891808, 5.05481, -0.225783, 5.53377, 0.110119, 5.62622, -0.231896, 5.15554, 0.110967, 5.05318, -0.227587, 0.7
5.35937,-0.0537508, 5.40355, -0.0668535, 5.61273, 0.113096, 5.53004, -0.261666, 5.09608, 0.0901968, 5.13814, -0.227432, 5.63509, 0.0993632, 5.57153, -0.252913, 5.09419, 0.0891808, 5.16533, -0.241989, 0.5
5.39111,-0.075986, 5.4206, -0.0522927, 5.61363, 0.111915, 5.63193, -0.251202, 5.1736, 0.0944755, 5.13928, -0.228362, 5.61273, 0.113096, 5.6076, -0.262978, 5.17462, 0.0888847, 5.13814, -0.227432, 0.3
5.43897,-0.0550875, 5.54531, -0.0312067, 5.69821, 0.115142, 5.6353, -0.250289, 5.17635, 0.0956725, 5.22099, -0.225259, 5.83424, 0.114027, 5.63193, -0.251202, 5.1736, 0.0944755, 5.35826, -0.225244, 0.9
5.47794,-0.0744276, 5.58355, -0.0594092, 5.70082, 0.113692, 5.73028, -0.248169, 5.2596, 0.0950678, 5.22283, -0.226406, 5.69821, 0.115142, 5.8248, -0.254481, 5.36698, 0.0914803, 5.22099, -0.225259, 0.9
5.53002,-0.051441, 5.62773, -0.0514883, 5.78653, 0.116624, 5.73349, -0.247212, 5.2618, 0.0961299, 5.30688, -0.22359, 5.88176, 0.116499, 5.73028, -0.248169, 5.2596, 0.0950678, 5.4052, -0.223544, 0.8
5.57118,-0.0798044, 5.6533, -0.0513275, 5.77497, 0.123709, 5.82577, -0.247749, 5.35, 0.0948452, 5.29424, -0.199279, 5.78653, 0.116624, 5.87766, -0.256899, 5.40835, 0.0864433, 5.30688, -0.22359, 0.7
5.61118,-0.052619, 5.65658, -0.0597022, 5.86641, 0.118403, 5.81434, -0.257807, 5.34832, 0.0697884, 5.38462, -0.213323, 5.87245, 0.0851644, 5.82577, -0.247749, 5.35, 0.0948452, 5.39628, -0.238064, 0.3
5.65224,-0.0804206, 5.67486, -0.0541404, 5.86827, 0.117253, 5.90647, -0.254108, 5.43341, 0.0815263, 5.38473, -0.214149, 5.86641, 0.118403, 5.86313, -0.275022, 5.39868, 0.0525734, 5.38462, -0.213323, 0.2
5.69644,-0.058083, 5.80634, -0.0276581, 5.95554, 0.11603, 5.90923, -0.252779, 5.43557, 0.0826022, 5.47466, -0.221917, 6.11056, 0.10575, 5.90647, -0.254108, 5.43341, 0.0815263, 5.6259, -0.224283, 0.9
5.74013,-0.0794039, 5.84423, -0.0611566, 5.95849, 0.114739, 5.99871, -0.252772, 5.52168, 0.0866809, 5.47673, -0.223009, 5.95554, 0.11603, 6.09024, -0.256763, 5.61816, 0.078619, 5.47466, -0.221917, 0.9
5.79217,-0.0551488, 5.87614, -0.0560485, 6.03212, 0.121568, 6.00243, -0.251153, 5.52532, 0.0825204, 5.56319, -0.220855, 6.12907, 0.106298, 5.99871, -0.252772, 5.52168, 0.0866809, 5.64939, -0.230925, 0.7
5.83205,-0.0820201, 5.89976, -0.0508908, 6.03051, 0.121202, 6.09244, -0.255881, 5.61238, 0.0827304, 5.56116, -0.202227, 6.03212, 0.121568, 6.11339, -0.259136, 5.63826, 0.0745373, 5.56319, -0.220855, 0.6
5.87349,-0.0571585, 5.88281, -0.0585937, 6.12513, 0.112908, 6.07825, -0.265202, 5.6127, 0.0827616, 5.64947, -0.217833, 6.09151, 0.0661465, 6.09244, -0.255881, 5.61238, 0.0827304, 5.62871, -0.259408, 0.1
5.91475,-0.08358, 5.91814, -0.0537869, 6.12688, 0.111865, 6.16921, -0.257675, 5.69664, 0.0875435, 5.65031, -0.218453, 6.12513, 0.112908, 6.09848, -0.300163, 5.63419, 0.0478006, 5.64947, -0.217833, 0.1
5.96058,-0.0606239, 6.06468, -0.0247473, 6.21602, 0.11139, 6.17165, -0.257452, 5.69769, 0.0864698, 5.73782, -0.225879, 6.37236, 0.0980851, 6.16921, -0.257675, 5.69664, 0.0875435, 5.89528, -0.232334, 0.9
6.00297,-0.0833544, 6.10802, -0.0608729, 6.21863, 0.110127, 6.26071, -0.256304, 5.78359, 0.0869362, 5.73928, -0.226219, 6.21602, 0.11139, 6.34756, -0.267366, 5.87538, 0.0765552, 5.73782, -0.225879, 0.9
6.05172,-0.0564317, 6.13843, -0.0595739, 6.30561, 0.117201, 6.26411, -0.254814, 5.77585, 0.0823356, 5.82968, -0.227992, 6.38794, 0.102231, 6.26071, -0.256304, 5.78359, 0.0869362, 5.91125, -0.234544, 0.7
6.09365,-0.0782651, 6.17076, -0.0538029, 6.29001, 0.124159, 6.35891, -0.239945, 5.86817, 0.08561, 5.82471, -0.212213, 6.30561, 0.117201, 6.39944, -0.264195, 5.91369, 0.0729552, 5.82968, -0.227992, 0.7
6.13181,-0.0565047, 6.15707, -0.0555036, 6.38249, 0.120704, 6.3583, -0.240871, 5.86779, 0.0851365, 5.91078, -0.220597, 6.3692, 0.0842298, 6.35891, -0.239945, 5.86817, 0.08561, 5.90984, -0.25401, 0.2
6.17926,-0.0800144, 6.18055, -0.0500813, 6.3849, 0.119453, 6.44087, -0.245189, 5.95642, 0.0890916, 5.91229, -0.221591, 6.38249, 0.120704, 6.37435, -0.278734, 5.88541, 0.0472737, 5.91078, -0.220597, 0.1
6.22055,-0.0583708, 6.32798, -0.0223707, 6.47518, 0.116408, 6.44254, -0.245271, 5.95804, 0.0886617, 5.99977, -0.22573, 6.63199, 0.111415, 6.44087, -0.245189, 5.95642, 0.0890916, 6.15849, -0.229558, 0.9
6.26908,-0.0821911, 6.3684, -0.0574607, 6.47841, 0.115138, 6.52535, -0.25176, 6.04381, 0.0871013, 6.00193, -0.227063, 6.47518, 0.116408, 6.61579, -0.258823, 6.13289, 0.0751102, 5.99977, -0.22573, 0.9
6.31198,-0.0578005, 6.39109, -0.061791, 6.56704, 0.116185, 6.5266, -0.254431, 6.03765, 0.0685586, 6.08879, -0.226162, 6.63163, 0.103929, 6.52535, -0.25176, 6.04381, 0.0871013, 6.15861, -0.23925, 0.6
6.35362,-0.0850458, 6.4233, -0.0606829, 6.5549, 0.121988, 6.61227, -0.254145, 6.12895, 0.0785933, 6.08659, -0.208124, 6.56704, 0.116185, 6.6456, -0.263916, 6.15929, 0.0590733, 6.08879, -0.226162, 0.6
6.39325,-0.0609803, 6.4156, -0.068206, 6.64847, 0.115557, 6.61376, -0.253147, 6.12921, 0.0795393, 6.17394, -0.221591, 6.61536, 0.0816695, 6.61227, -0.254145, 6.12895, 0.0785933, 6.15287, -0.250009, 0.1
6.44155,-0.0851987, 6.44312, -0.0622712, 6.64956, 0.114644, 6.69935, -0.253588, 6.21779, 0.0847202, 6.17477, -0.22115, 6.64847, 0.115557, 6.64039, -0.287762, 6.1575, 0.0449242, 6.17394, -0.221591, 0.1
6.48392,-0.0604934, 6.59227, -0.0286343, 6.74092, 0.113247, 6.70183, -0.253306, 6.2189, 0.0842961, 6.26336, -0.225474, 6.89501, 0.104969, 6.69935, -0.253588, 6.21779, 0.0847202, 6.41948, -0.23082, 0.9
6.53389,-0.0840046, 6.631, -0.0626365, 6.7445, 0.112, 6.78726, -0.257069, 6.30722, 0.0838348, 6.28011, -0.213785, 6.74092, 0.113247, 6.88079, -0.261045, 6.39998, 0.0765572, 6.26336, -0.225474, 0.9
6.57889,-0.0551845, 6.64272, -0.0697815, 6.82866, 0.131549, 6.77667, -0.258868, 6.30066, 0.0696037, 6.36333, -0.215655, 6.86103, 0.0904955, 6.78726, -0.257069, 6.30722, 0.0838348, 6.40181, -0.238072, 0.5
6.61701,-0.0778428, 6.64789, -0.0650205, 6.82936, 0.130258, 6.87083, -0.250552, 6.39245, 0.0843961, 6.36333, -0.216674, 6.82866, 0.131549, 6.86368, -0.240913, 6.39174, 0.0875585, 6.36333, -0.215655, 0.3
6.661,-0.0539403, 6.67551, -0.0651071, 6.91876, 0.123121, 6.87244, -0.24956, 6.39263, 0.0842512, 6.44572, -0.221369, 6.88447, 0.105401, 6.87083, -0.250552, 6.39245, 0.0843961, 6.42126, -0.241876, 0.1
6.70693,-0.0762395, 6.80319, -0.0846528, 6.92199, 0.122251, 6.9632, -0.249494, 6.48299, 0.0887182, 6.44773, -0.222054, 6.91876, 0.123121, 7.08512, -0.284426, 6.60342, 0.0493852, 6.44572, -0.221369, 0.9
6.75199,-0.054335, 6.86479, -0.0487367, 7.00969, 0.118594, 6.96589, -0.248276, 6.485, 0.0896543, 6.53291, -0.224722, 7.12865, 0.121167, 6.9632, -0.249494, 6.48299, 0.0887182, 6.65608, -0.22371, 0.9
6.79949,-0.0823579, 6.88808, -0.0549753, 7.01355, 0.118261, 7.05083, -0.259182, 6.57601, 0.0874324, 6.52858, -0.219051, 7.00969, 0.118594, 7.12895, -0.253158, 6.65069, 0.0847723, 6.53291, -0.224722, 0.8
6.84313,-0.0625179, 6.89305, -0.0726484, 7.10795, 0.103525, 7.04188, -0.263388, 6.5731, 0.0736631, 6.61982, -0.223649, 7.11785, 0.0975098, 7.05083, -0.259182, 6.57601, 0.0874324, 6.6362, -0.239997, 0.4
6.88054,-0.0828196, 6.89037, -0.0701823, 7.10747, 0.102772, 7.13316, -0.26017, 6.65935, 0.0810126, 6.61995, -0.224328, 7.10795, 0.103525, 7.09136, -0.257659, 6.62594, 0.0793919, 6.61982, -0.223649, 0.1
6.93159,-0.0603296, 7.03554, -0.035921, 7.19041, 0.106126, 7.1356, -0.259148, 6.66107, 0.0819165, 6.70753, -0.229137, 7.34174, 0.104513, 7.13316, -0.26017, 6.65935, 0.0810126, 6.852, -0.221187, 0.9
6.97228,-0.0853113, 7.07679, -0.0678768, 7.19314, 0.105535, 7.22576, -0.257907, 6.74925, 0.0842498, 6.70979, -0.229931, 7.19041, 0.106126, 7.32675, -0.257726, 6.85416, 0.0833376, 6.70753, -0.229137, 0.9
7.01834,-0.0623974, 7.13119, -0.0585639, 7.27393, 0.112634, 7.22915, -0.256049, 6.75153, 0.0857906, 6.79422, -0.228906, 7.39769, 0.10787, 7.22576, -0.257907, 6.74925, 0.0842498, 6.91559, -0.227583, 0.9
7.06138,-0.0864961, 7.15412, -0.0629654, 7.27555, 0.112507, 7.31749, -0.257823, 6.83884, 0.0843317, 6.79084, -0.224806, 7.27393, 0.112634, 7.39467, -0.262036, 6.91921, 0.0798033, 6.79422, -0.228906, 0.8
7.10089,-0.0645537, 7.17275, -0.0680074, 7.36287, 0.110942, 7.30101, -0.265266, 6.83498, 0.0649518, 6.87955, -0.227132, 7.39996, 0.0917871, 7.31749, -0.257823, 6.83884, 0.0843317, 6.91782, -0.244668, 0.5
7.14268,-0.0857965, 7.17461, -0.0655024, 7.36423, 0.109635, 7.39446, -0.260533, 6.92135, 0.0766866, 6.87966, -0.228272, 7.36287, 0.110942, 7.37511, -0.270608, 6.91108, 0.0596099, 6.87955, -0.227132, 0.3
7.18765,-0.0642169, 7.29647, -0.0396664, 7.449, 0.107705, 7.39592, -0.25923, 6.92323, 0.0773027, 6.96744, -0.232403, 7.59427, 0.104141, 7.39446, -0.260533, 6.92135, 0.0766866, 7.10828, -0.232113, 0.9
7.23466,-0.0873241, 7.33318, -0.0688665, 7.45227, 0.108619, 7.48628, -0.257999, 7.01037, 0.0815589, 6.96938, -0.231097, 7.449, 0.107705, 7.58238, -0.260008, 7.11117, 0.0765247, 6.96744, -0.232403, 0.9
7.28135,-0.0604203, 7.38037, -0.0623968, 7.52735, 0.116553, 7.4898, -0.256271, 7.01277, 0.0831101, 7.0549, -0.227925, 7.63737, 0.104818, 7.48628, -0.257999, 7.01037, 0.0815589, 7.15606, -0.234561, 0.8
7.32243,-0.0856857, 7.39237, -0.0575797, 7.52559, 0.116637, 7.57939, -0.259221, 7.10683, 0.082778, 7.04909, -0.221307, 7.52735, 0.116553, 7.61022, -0.261264, 7.13618, 0.0781175, 7.0549, -0.227925, 0.6
7.36341,-0.0646835, 7.39798, -0.0685203, 7.61823, 0.107637, 7.56841, -0.266743, 7.10589, 0.0831755, 7.13933, -0.231501, 7.60663, 0.0828891, 7.57939, -0.259221, 7.10683, 0.082778, 7.13427, -0.2554, 0.2
7.40803,-0.0905891, 7.42384, -0.0629643, 7.62035, 0.106447, 7.65988, -0.262423, 7.18726, 0.0821141, 7.14054, -0.232638