0.0101935,0.023112, 0.0815149, -0.0283291, 0.210937, 0.172359, 0.343792, -0.156203, -0.133857, 0.187687, -0.264129, -0.17105, 0.208955, 0.170771, 0.391772, -0.195068, -0.0873275, 0.149987, -0.266913, -0.172562, 0.9
0.111054,0.0181694, 0.141597, 0.032776, 0.400915, 0.183012, 0.345916, -0.154392, -0.129149, 0.187457, -0.0763641, -0.161338, 0.460815, 0.228758, 0.343792, -0.156203, -0.133857, 0.187687, -0.0155086, -0.116056, 0.9
0.231063,-0.011359, 0.232934, 0.0118449, 0.406348, 0.180955, 0.522336, -0.172574, 0.0447616, 0.170346, -0.0710212, -0.162965, 0.400915, 0.183012, 0.543262, -0.143593, 0.0688287, 0.198256, -0.0763641, -0.161338, 0.9
0.310986,0.0119437, 0.336745, 0.00762093, 0.599014, 0.183194, 0.527289, -0.171381, 0.0461321, 0.169028, 0.120518, -0.160969, 0.646053, 0.201262, 0.522336, -0.172574, 0.0447616, 0.170346, 0.169061, -0.144635, 0.9
0.410665,-0.00202437, 0.429829, 0.000918773, 0.603601, 0.184003, 0.700584, -0.17418, 0.221237, 0.167474, 0.125367, -0.160835, 0.599014, 0.183194, 0.739189, -0.146531, 0.259805, 0.193877, 0.120518, -0.160969, 0.9
0.508361,0.0236054, 0.52288, 0.0136893, 0.792739, 0.192769, 0.706371, -0.172891, 0.225912, 0.168798, 0.314181, -0.152413, 0.831589, 0.205159, 0.700584, -0.17418, 0.221237, 0.167474, 0.35345, -0.141291, 0.9
0.607179,-0.0126465, 0.608529, 0.00873928, 0.798553, 0.19067, 0.893357, -0.182028, 0.413279, 0.160527, 0.318475, -0.153476, 0.792739, 0.192769, 0.913115, -0.128366, 0.435596, 0.213323, 0.314181, -0.152413, 0.8
0.693167,0.0157388, 0.64366, -0.00891118, 0.973977, 0.186384, 0.898689, -0.180544, 0.417708, 0.161733, 0.506093, -0.154135, 0.904832, 0.178128, 0.893357, -0.182028, 0.413279, 0.160527, 0.428081, -0.167927, 0.3
0.776765,-0.0012971, 0.804438, -0.0172346, 0.973868, 0.188486, 1.06294, -0.173782, 0.590741, 0.165568, 0.509766, -0.151871, 0.973977, 0.186384, 1.13485, -0.169182, 0.654215, 0.173094, 0.506093, -0.154135, 0.9
0.872079,0.0262495, 0.873115, 0.011728, 1.15114, 0.194761, 1.07129, -0.17256, 0.600483, 0.164404, 0.694654, -0.148314, 1.15767, 0.195789, 1.06294, -0.173782, 0.590741, 0.165568, 0.69519, -0.146527, 0.7
0.965916,-0.00442401, 0.894315, 0.0271543, 1.15973, 0.19351, 1.25764, -0.173241, 0.783449, 0.165227, 0.695708, -0.154071, 1.15114, 0.194761, 1.14976, -0.130142, 0.684344, 0.206822, 0.694654, -0.148314, 0.2
1.06636,0.0226709, 1.0364, 0.0313556, 1.35365, 0.191912, 1.26628, -0.172509, 0.789402, 0.164676, 0.883153, -0.151659, 1.37452, 0.191146, 1.25764, -0.173241, 0.783449, 0.165227, 0.909666, -0.157986, 0.7
1.15984,-0.00896017, 1.08171, 0.016903, 1.36281, 0.190191, 1.43987, -0.189519, 0.972501, 0.154731, 0.882775, -0.155332, 1.35365, 0.191912, 1.37287, -0.111319, 0.900287, 0.225865, 0.883153, -0.151659, 0.3
1.25861,0.0213649, 1.22563, 0.0231905, 1.55212, 0.192402, 1.44715, -0.1881, 0.964085, 0.141697, 1.07102, -0.150637, 1.59858, 0.187118, 1.43987, -0.189519, 0.972501, 0.154731, 1.11617, -0.158945, 0.9
1.34416,-0.00629657, 1.28426, -0.000288962, 1.55855, 0.191583, 1.63338, -0.181709, 1.15177, 0.155652, 1.07596, -0.151742, 1.55212, 0.192402, 1.62445, -0.0781195, 1.14672, 0.251677, 1.07102, -0.150637, 0.5
1.44772,0.0236342, 1.33883, -0.00907699, 1.74285, 0.194705, 1.64488, -0.18225, 1.16303, 0.156059, 1.26324, -0.148535, 1.64911, 0.181959, 1.63338, -0.181709, 1.15177, 0.155652, 1.16724, -0.162543, 0.3
1.54303,-0.00939257, 1.49377, -0.0206562, 1.75057, 0.193037, 1.83628, -0.182442, 1.35516, 0.158054, 1.27008, -0.150459, 1.74285, 0.194705, 1.87816, -0.106903, 1.39756, 0.231406, 1.26324, -0.148535, 0.7
1.64631,0.0233485, 1.55927, -0.010095, 1.93886, 0.19543, 1.84411, -0.181082, 1.3626, 0.159459, 1.45917, -0.148631, 1.87998, 0.188653, 1.83628, -0.182442, 1.35516, 0.158054, 1.40043, -0.156727, 0.5
1.73529,-0.0108062, 1.71185, -0.0167374, 1.926, 0.202152, 2.03488, -0.184615, 1.55353, 0.155686, 1.44585, -0.140154, 1.93886, 0.19543, 2.09377, -0.0924891, 1.61507, 0.248052, 1.45917, -0.148631, 0.9
1.82871,0.011042, 1.7862, -0.0047329, 2.11752, 0.192474, 2.04176, -0.183166, 1.55945, 0.157319, 1.63843, -0.151046, 2.13806, 0.195355, 2.03488, -0.184615, 1.55353, 0.155686, 1.65927, -0.149597, 0.8
1.93205,-0.0217457, 1.81863, 0.00486384, 2.12455, 0.191328, 2.22346, -0.188394, 1.74281, 0.153869, 1.64481, -0.152348, 2.11752, 0.192474, 2.1246, -0.0862133, 1.64785, 0.254272, 1.63843, -0.151046, 0.2
2.02717,0.0153095, 1.98297, 0.00880754, 2.31738, 0.189489, 2.20483, -0.198867, 1.75315, 0.154459, 1.83709, -0.152251, 2.36463, 0.187896, 2.22346, -0.188394, 1.74281, 0.153869, 1.88118, -0.155695, 0.9
2.12012,-0.0180055, 2.03916, -0.00322216, 2.32425, 0.187853, 2.40152, -0.192269, 1.93779, 0.154485, 1.84329, -0.154096, 2.31738, 0.189489, 2.3549, -0.0801787, 1.90803, 0.273147, 1.83709, -0.152251, 0.4
2.22186,0.0175286, 2.09281, -0.0271523, 2.51195, 0.189031, 2.41019, -0.191737, 1.93736, 0.158876, 2.03216, -0.153153, 2.38215, 0.17582, 2.40152, -0.192269, 1.93779, 0.154485, 1.90165, -0.166535, 0.1
2.31254,-0.014983, 2.24428, -0.0319586, 2.51957, 0.187199, 2.60404, -0.191341, 2.12707, 0.154477, 2.03816, -0.155243, 2.51195, 0.189031, 2.61308, -0.114281, 2.14175, 0.236331, 2.03216, -0.153153, 0.5
2.41217,0.0154715, 2.31752, -0.0151918, 2.7108, 0.19134, 2.61238, -0.189904, 2.1343, 0.156317, 2.22974, -0.152752, 2.63654, 0.182499, 2.60404, -0.191341, 2.12707, 0.154477, 2.15558, -0.161695, 0.4
2.50508,-0.0191338, 2.47896, -0.0283035, 2.6955, 0.196192, 2.80185, -0.19289, 2.32241, 0.150588, 2.19963, -0.119807, 2.7108, 0.19134, 2.8664, -0.107085, 2.3904, 0.239135, 2.22974, -0.152752, 0.9
2.57918,-0.0105477, 2.5344, -0.00852799, 2.87637, 0.175834, 2.80837, -0.193454, 2.32807, 0.150227, 2.39138, -0.155225, 2.89459, 0.173333, 2.80185, -0.19289, 2.32241, 0.150588, 2.40127, -0.145171, 0.7
2.68485,-0.0306284, 2.5743, -0.0111012, 2.88374, 0.175261, 2.98485, -0.198672, 2.5051, 0.144978, 2.39879, -0.156007, 2.87637, 0.175834, 2.87668, -0.115097, 2.40089, 0.228584, 2.39138, -0.155225, 0.2
2.77892,0.00549471, 2.7419, 0.00478677, 3.07228, 0.176358, 2.95218, -0.202508, 2.51293, 0.146153, 2.5896, -0.16037, 3.13965, 0.173217, 2.98485, -0.198672, 2.5051, 0.144978, 2.65236, -0.159152, 0.9
2.87095,-0.021406, 2.77838, -0.00769511, 3.08154, 0.176468, 3.15329, -0.196474, 2.69468, 0.148188, 2.59886, -0.16061, 3.07228, 0.176358, 3.08011, -0.0872071, 2.6451, 0.261455, 2.5896, -0.16037, 0.3
2.97204,0.00938367, 2.84443, -0.0277179, 3.26708, 0.180559, 3.16148, -0.195587, 2.69158, 0.150509, 2.78655, -0.159553, 3.14216, 0.166862, 3.15329, -0.196474, 2.69468, 0.148188, 2.65916, -0.169999, 0.1
3.06449,-0.0199027, 2.99623, -0.039118, 3.27469, 0.179063, 3.35684, -0.196536, 2.88117, 0.148422, 2.7927, -0.161267, 3.26708, 0.180559, 3.36468, -0.122383, 2.89592, 0.223714, 2.78655, -0.159553, 0.5
3.17094,0.0114349, 3.0717, -0.020341, 3.443, 0.190946, 3.36578, -0.194863, 2.88911, 0.149976, 2.98123, -0.155108, 3.39098, 0.17558, 3.35684, -0.196536, 2.88117, 0.148422, 2.90932, -0.166305, 0.4
3.2577,-0.02388, 3.23652, -0.0329212, 3.44981, 0.189557, 3.54812, -0.195734, 3.06924, 0.146591, 2.95745, -0.135814, 3.443, 0.190946, 3.6215, -0.110361, 3.14689, 0.234478, 2.98123, -0.155108, 0.9
3.34071,-0.0128519, 3.28931, -0.014589, 3.63422, 0.172145, 3.56267, -0.199622, 3.08256, 0.143079, 3.15011, -0.163241, 3.64619, 0.171241, 3.54812, -0.195734, 3.06924, 0.146591, 3.15596, -0.156379, 0.7
3.44122,-0.0361867, 3.31989, -0.0132831, 3.64202, 0.171172, 3.74257, -0.206055, 3.26327, 0.13678, 3.1577, -0.164475, 3.63422, 0.172145, 3.61457, -0.116354, 3.13946, 0.226347, 3.15011, -0.163241, 0.1
3.53661,-0.00771984, 3.49965, 0.00307857, 3.83364, 0.16869, 3.75025, -0.20453, 3.27061, 0.138634, 3.35136, -0.169876, 3.90514, 0.168512, 3.74257, -0.206055, 3.26327, 0.13678, 3.41842, -0.168457, 0.9
3.6446,-0.0396861, 3.55266, -0.0178917, 3.84185, 0.167323, 3.93858, -0.211138, 3.45968, 0.133559, 3.35905, -0.171734, 3.83364, 0.16869, 3.8772, -0.107089, 3.40278, 0.236075, 3.35136, -0.169876, 0.4
3.74573,0.000451824, 3.70084, -0.0159128, 4.01059, 0.176173, 3.92827, -0.216804, 3.44716, 0.126719, 3.55137, -0.17133, 4.07577, 0.165487, 3.93858, -0.211138, 3.45968, 0.133559, 3.59034, -0.173764, 0.9
3.82277,-0.0305672, 3.77386, -0.0250021, 4.0166, 0.17469, 4.11815, -0.21371, 3.63612, 0.132355, 3.55641, -0.173279, 4.01059, 0.176173, 4.11606, -0.0919191, 3.64191, 0.251603, 3.55137, -0.17133, 0.6
3.92883,0.00389679, 3.82059, -0.0314522, 4.20999, 0.17271, 4.09924, -0.219638, 3.64212, 0.133914, 3.7375, -0.17253, 4.12429, 0.159725, 4.11815, -0.21371, 3.63612, 0.132355, 3.666, -0.191948, 0.4
4.01426,-0.0395677, 3.99655, -0.0370351, 4.20148, 0.178686, 4.2855, -0.223409, 3.81985, 0.134427, 3.709, -0.158351, 4.20999, 0.17271, 4.35476, -0.13797, 3.89908, 0.215581, 3.7375, -0.17253, 0.9
4.08613,-0.022448, 4.08348, -0.0181098, 4.38247, 0.164575, 4.28924, -0.2227, 3.82432, 0.135308, 3.88955, -0.176097, 4.43123, 0.160327, 4.2855, -0.223409, 3.81985, 0.134427, 3.9398, -0.178371, 0.9
4.19567,-0.0542142, 4.18182, -0.0391407, 4.37866, 0.172646, 4.48012, -0.226761, 4.00848, 0.12435, 3.89661, -0.177535, 4.38247, 0.164575, 4.51054, -0.156719, 4.04747, 0.20129, 3.88955, -0.176097, 0.9
4.28683,-0.020333, 4.2859, -0.0329748, 4.56625, 0.162592, 4.4851, -0.227043, 4.00891, 0.122112, 4.08869, -0.183947, 4.6159, 0.162446, 4.48012, -0.226761, 4.00848, 0.12435, 4.13541, -0.190111, 0.9
4.38362,-0.0592707, 4.38924, -0.0393447, 4.57171, 0.160391, 4.67287, -0.231955, 4.19475, 0.114282, 4.08298, -0.178321, 4.56625, 0.162592, 4.70499, -0.160957, 4.23187, 0.188197, 4.08869, -0.183947, 0.9
4.47411,-0.0260725, 4.48948, -0.0320667, 4.75927, 0.153545, 4.67882, -0.229899, 4.19107, 0.112414, 4.27364, -0.185389, 4.81583, 0.146372, 4.67287, -0.231955, 4.19475, 0.114282, 4.32919, -0.194254, 0.9
4.57186,-0.0651036, 4.58867, -0.0426305, 4.76559, 0.151553, 4.86444, -0.237517, 4.38195, 0.106485, 4.27245, -0.183381, 4.75927, 0.153545, 4.89844, -0.173918, 4.41386, 0.168395, 4.27364, -0.185389, 0.9
4.66699,-0.0327419, 4.67799, -0.037696, 4.95305, 0.146267, 4.87077, -0.23557, 4.38671, 0.107655, 4.46634, -0.192172, 5.0093, 0.137559, 4.86444, -0.237517, 4.38195, 0.106485, 4.51811, -0.198939, 0.9
4.7586,-0.0660298, 4.77492, -0.0504614, 4.95895, 0.143766, 5.05556, -0.243583, 4.57474, 0.100588, 4.47137, -0.194491, 4.95305, 0.146267, 5.09258, -0.18077, 4.61158, 0.162456, 4.46634, -0.192172, 0.9
4.85489,-0.0382833, 4.8466, -0.0510644, 5.14718, 0.139738, 5.06144, -0.241514, 4.57335, 0.0980073, 4.6643, -0.20176, 5.15462, 0.1273, 5.05556, -0.243583, 4.57474, 0.100588, 4.66982, -0.212857, 0.7
4.94902,-0.0654348, 4.89602, -0.0450235, 5.152, 0.139242, 5.24138, -0.24107, 4.75935, 0.100835, 4.65963, -0.197835, 5.14718, 0.139738, 5.165, -0.193655, 4.6818, 0.145866, 4.6643, -0.20176, 0.3
5.04777,-0.0300674, 5.05956, -0.023345, 5.33804, 0.140426, 5.24728, -0.23949, 4.76397, 0.102005, 4.8534, -0.200824, 5.41209, 0.133872, 5.24138, -0.24107, 4.75935, 0.100835, 4.91853, -0.203433, 0.9
5.14011,-0.0734949, 5.13143, -0.0418789, 5.28075, 0.145034, 5.40322, -0.251497, 4.95327, 0.0944348, 4.85845, -0.195674, 5.33804, 0.140426, 5.41028, -0.173997, 4.93442, 0.167498, 4.8534, -0.200824, 0.7
5.22866,-0.0498608, 5.1686, -0.0590115, 5.4941, 0.128715, 5.408, -0.250069, 4.95712, 0.0948952, 5.03408, -0.213502, 5.4046, 0.111025, 5.40322, -0.251497, 4.95327, 0.0944348, 4.98853, -0.235916, 0.3
5.31957,-0.0882416, 5.32686, -0.0716352, 5.49894, 0.125743, 5.57157, -0.263535, 5.13166, 0.0889168, 5.03784, -0.215863, 5.4941, 0.128715, 5.61014, -0.245218, 5.15838, 0.0997465, 5.03408, -0.213502, 0.8
5.41046,-0.0512933, 5.35593, -0.0786498, 5.68924, 0.125019, 5.57405, -0.262921, 5.13594, 0.0906164, 5.21544, -0.219479, 5.58547, 0.0934854, 5.57157, -0.263535, 5.13166, 0.0889168, 5.12908, -0.250302, 0.2
5.5054,-0.0894862, 5.53187, -0.0868293, 5.6706, 0.131734, 5.77459, -0.257928, 5.30732, 0.086694, 5.22, -0.221336, 5.68924, 0.125019, 5.8123, -0.257718, 5.37332, 0.0958189, 5.21544, -0.219479, 0.9
5.58968,-0.0523498, 5.60991, -0.0696652, 5.85469, 0.127256, 5.77704, -0.256369, 5.30825, 0.0886909, 5.39137, -0.222214, 5.85552, 0.119609, 5.77459, -0.257928, 5.30732, 0.086694, 5.4092, -0.236724, 0.6
5.67492,-0.0868121, 5.65616, -0.0539229, 5.84744, 0.124715, 5.95524, -0.255744, 5.48117, 0.0865073, 5.39225, -0.205018, 5.85469, 0.127256, 5.86266, -0.247466, 5.39875, 0.0975939, 5.39137, -0.222214, 0.3
5.7672,-0.0509071, 5.80821, -0.0330414, 6.03169, 0.125823, 5.96044, -0.253845, 5.48518, 0.0883453, 5.5675, -0.213934, 6.10273, 0.105659, 5.95524, -0.255744, 5.48117, 0.0865073, 5.64997, -0.226963, 0.8
5.85275,-0.0892532, 5.88487, -0.0562602, 6.02873, 0.122071, 6.12417, -0.266039, 5.65962, 0.0778228, 5.56593, -0.235478, 6.03169, 0.125823, 6.12705, -0.251283, 5.65568, 0.090908, 5.5675, -0.213934, 0.7
5.93296,-0.064816, 5.9208, -0.0710017, 6.21427, 0.113042, 6.12796, -0.264534, 5.66241, 0.0657058, 5.74299, -0.234033, 6.13478, 0.0937414, 6.12417, -0.266039, 5.65962, 0.0778228, 5.67658, -0.264941, 0.2
6.03494,-0.101725, 6.07592, -0.0918116, 6.21972, 0.110888, 6.3067, -0.274413, 5.83913, 0.0660077, 5.74735, -0.23625, 6.21427, 0.113042, 6.35417, -0.30003, 5.88656, 0.0302094, 5.74299, -0.234033, 0.9
6.12061,-0.0683666, 6.12817, -0.082501, 6.39259, 0.11209, 6.30914, -0.273212, 5.83895, 0.0839634, 5.92347, -0.232881, 6.36488, 0.0867255, 6.3067, -0.274413, 5.83913, 0.0660077, 5.8969, -0.261096, 0.4
6.2,-0.0930484, 6.18051, -0.0709234, 6.39635, 0.110454, 6.48912, -0.269957, 6.02112, 0.0774481, 5.92598, -0.233, 6.39259, 0.11209, 6.38256, -0.285996, 5.91609, 0.0711788, 5.92347, -0.232881, 0.2
6.30516,-0.0614673, 6.33209, -0.0421187, 6.57448, 0.113418, 6.49525, -0.267718, 6.02704, 0.0823883, 6.10683, -0.230338, 6.63451, 0.0989787, 6.48912, -0.269957, 6.02112, 0.0774481, 6.16443, -0.244484, 0.7
6.39372,-0.0961074, 6.39691, -0.061792, 6.57022, 0.110934, 6.68108, -0.27398, 6.20323, 0.0780494, 6.10945, -0.227516, 6.57448, 0.113418, 6.619, -0.26725, 6.15442, 0.0828556, 6.10683, -0.230338, 0.5
6.47905,-0.0690912, 6.53473, -0.0413169, 6.75964, 0.106197, 6.67288, -0.278315, 6.20671, 0.0796087, 6.28659, -0.231991, 6.83741, 0.0894988, 6.68108, -0.27398, 6.20323, 0.0780494, 6.37932, -0.251906, 0.9
6.5792,-0.110355, 6.62002, -0.071195, 6.7658, 0.1038, 6.84797, -0.289541, 6.38896, 0.0671101, 6.28851, -0.2364, 6.75971, 0.106205, 6.87429, -0.282893, 6.41112, 0.07504, 6.28643, -0.231911, 0.9
6.67388,-0.0849407, 6.6284, -0.105511, 6.95996, 0.0784122, 6.84842, -0.289282, 6.39134, 0.044235, 6.47133, -0.248423, 6.83893, 0.0710951, 6.84797, -0.289541, 6.38896, 0.0671101, 6.36761, -0.270927, 0.1
6.76449,-0.120591, 6.80608, -0.131279, 6.96331, 0.0760923, 7.02454, -0.294763, 6.56268, 0.0460463, 6.47468, -0.250675, 6.95996, 0.0784122, 7.10666, -0.299295, 6.64742, 0.0342225, 6.47133, -0.248423, 0.9
6.85379,-0.0826381, 6.8787, -0.103814, 7.12458, 0.090264, 7.02914, -0.293403, 6.56568, 0.0503376, 6.65402, -0.247501, 7.13761, 0.0680982, 7.02454, -0.294763, 6.56268, 0.0460463, 6.65115, -0.258107, 0.6
6.92752,-0.107272, 6.90007, -0.0851558, 7.12805, 0.0889273, 7.21291, -0.28674, 6.74154, 0.0549078, 6.65695, -0.232099, 7.12458, 0.090264, 7.09158, -0.275808, 6.63359, 0.0679323, 6.65402, -0.247501, 0.1
7.0254,-0.0786944, 7.06959, -0.0529351, 7.31224, 0.0960754, 7.21787, -0.285087, 6.74589, 0.0565031, 6.83659, -0.238874, 7.38298, 0.0758505, 7.21291, -0.28674, 6.74154, 0.0549078, 6.91225, -0.245939, 0.8
7.1239,-0.108918, 7.13977, -0.0819709, 7.30773, 0.0972608, 7.39395, -0.286671, 6.92098, 0.0564357, 6.83837, -0.243401, 7.31224, 0.0960754, 7.37874, -0.275882, 6.91115, 0.0657076, 6.83659, -0.238874, 0.6
7.20352,-0.0792895, 7.18168, -0.0927159, 7.48917, 0.0943498, 7.39742, -0.2852, 6.92498, 0.0387968, 7.01983, -0.245655, 7.3904, 0.0624101, 7.39395, -0.286671, 6.92098, 0.0564357, 6.92611, -0.27931, 0.1
7.30707,-0.111907, 7.34606, -0.114878, 7.49473, 0.0925164, 7.57242, -0.28491, 7.10154, 0.0470014, 7.03161, -0.259731, 7.48917, 0.0943498, 7.64065, -0.316735, 7.16728, 0.00726183, 7.01983, -0.245655, 0.9
7.39524,-0.0773142, 7.4007, -0.103206, 7.6799, 0.0934096, 7.57589, -0.283571, 7.10548, 0.0379325, 7.20576, -0.25433, 7.62145, 0.0802552, 7.57242, -0.28491, 7.10154, 0.0470014, 7.16217, -0.273132, 0.4
7.46558,-0.0928413, 7.53239, -0.115246, 7.6734, 0.10504, 7.75905, -0.275876, 7.28405, 0.0583231, 7.20887, -0.254254, 7.67316, 0.105165, 7.82913, -0.27192, 7.35861, 0.0500858, 7.2066, -0.253356, 0.9
7.58012,-0.0600243, 7.60642, -0.0798591, 7.8594, 0.108624, 7.76419, -0.274624, 7.27834, 0.0565889, 7.38937, -0.244993