0.0212095,0.0305159, 0.0813344, -0.0284355, 0.210967, 0.173288, 0.377718, -0.151188, -0.0998788, 0.192092, -0.263016, -0.170945, 0.208777, 0.170667, 0.391761, -0.195008, -0.0874108, 0.149575, -0.26684, -0.172892, 0.9
0.140087,0.0230675, 0.159307, 0.042248, 0.449052, 0.186183, 0.380805, -0.149502, -0.0943576, 0.191696, -0.0278994, -0.158897, 0.483678, 0.238584, 0.377718, -0.151188, -0.0998788, 0.192092, 0.0080303, -0.10686, 0.9
0.286433,-0.0114355, 0.266006, 0.0160025, 0.453537, 0.183768, 0.602091, -0.171535, 0.124491, 0.17146, -0.0212424, -0.160951, 0.449052, 0.186183, 0.586601, -0.144435, 0.112164, 0.196764, -0.0278994, -0.158897, 0.9
0.395496,0.0146977, 0.391819, 0.0111945, 0.696048, 0.187265, 0.608238, -0.170257, 0.119791, 0.162955, 0.219158, -0.15781, 0.715566, 0.202538, 0.602091, -0.171535, 0.124491, 0.17146, 0.24173, -0.144632, 0.9
0.491841,0.0156987, 0.514763, -0.000122853, 0.701526, 0.187686, 0.819625, -0.160824, 0.335915, 0.177321, 0.224579, -0.157505, 0.696048, 0.187265, 0.836808, -0.142866, 0.350679, 0.190346, 0.219158, -0.15781, 0.9
0.636901,0.0361396, 0.596882, 0.0248583, 0.935433, 0.200978, 0.821896, -0.16071, 0.343084, 0.177374, 0.45729, -0.144742, 0.901384, 0.213687, 0.819625, -0.160824, 0.335915, 0.177321, 0.425004, -0.132587, 0.7
0.737062,0.00723356, 0.745924, 0.00841558, 0.942219, 0.199595, 1.03284, -0.162415, 0.575058, 0.174936, 0.458669, -0.142333, 0.935433, 0.200978, 1.07612, -0.124664, 0.598667, 0.21342, 0.45729, -0.144742, 0.9
0.858129,0.0350914, 0.833644, 0.0226208, 1.16409, 0.201503, 1.04305, -0.160993, 0.579322, 0.172896, 0.696874, -0.138521, 1.1401, 0.204949, 1.03284, -0.162415, 0.575058, 0.174936, 0.65672, -0.136221, 0.7
0.976127,0.00158015, 0.891657, 0.0301248, 1.17334, 0.200188, 1.28076, -0.166132, 0.809035, 0.172671, 0.698229, -0.142361, 1.16409, 0.201503, 1.16433, -0.121624, 0.704466, 0.212265, 0.696874, -0.138521, 0.3
1.09568,0.0322515, 1.03775, 0.0347964, 1.41079, 0.203559, 1.29159, -0.164683, 0.806502, 0.174008, 0.936496, -0.137121, 1.37737, 0.19197, 1.28076, -0.166132, 0.809035, 0.172671, 0.902037, -0.151242, 0.6
1.21307,0.00570632, 1.08885, 0.0255371, 1.41985, 0.202266, 1.52835, -0.168682, 1.04581, 0.17322, 0.936895, -0.139749, 1.41079, 0.203559, 1.38222, -0.107713, 0.902576, 0.230979, 0.936496, -0.137121, 0.1
1.3396,0.0341087, 1.26638, 0.0452285, 1.65655, 0.209432, 1.53947, -0.168152, 1.0544, 0.173746, 1.17494, -0.134766, 1.64928, 0.194107, 1.52835, -0.168682, 1.04581, 0.17322, 1.16528, -0.149218, 0.7
1.4662,-0.000218095, 1.32013, 0.0236054, 1.665, 0.208097, 1.77714, -0.172644, 1.29514, 0.170715, 1.18067, -0.135491, 1.65655, 0.209432, 1.63161, -0.0782326, 1.15243, 0.263666, 1.17494, -0.134766, 0.1
1.58823,0.0348028, 1.50561, 0.034173, 1.90237, 0.212484, 1.78707, -0.170303, 1.30428, 0.172544, 1.42036, -0.13345, 1.89382, 0.200128, 1.77714, -0.172644, 1.29514, 0.170715, 1.40799, -0.144724, 0.7
1.71006,-0.000435869, 1.56663, 0.0215602, 1.91129, 0.210812, 2.02204, -0.174226, 1.54099, 0.169826, 1.41486, -0.151828, 1.90237, 0.212484, 1.8819, -0.0716952, 1.40506, 0.271152, 1.42036, -0.13345, 0.1
1.83023,0.030411, 1.74611, 0.030577, 2.14437, 0.208665, 2.03214, -0.173613, 1.55037, 0.170747, 1.65792, -0.144092, 2.14159, 0.209968, 2.02204, -0.174226, 1.54099, 0.169826, 1.64193, -0.152028, 0.7
1.95747,-0.00646281, 1.80916, 0.0183142, 2.1552, 0.209109, 2.26828, -0.179076, 1.78796, 0.165404, 1.65818, -0.156497, 2.14437, 0.208665, 2.12361, -0.0769496, 1.64712, 0.26741, 1.65792, -0.144092, 0.1
2.07502,0.0258274, 2.00567, 0.0289716, 2.3868, 0.20448, 2.27757, -0.177763, 1.7963, 0.167028, 1.90026, -0.149314, 2.40951, 0.209965, 2.26828, -0.179076, 1.78796, 0.165404, 1.90879, -0.154852, 0.8
2.20438,-0.0105882, 2.06609, 0.0142951, 2.39913, 0.207163, 2.51469, -0.183289, 2.03473, 0.16145, 1.90857, -0.155463, 2.3868, 0.20448, 2.38582, -0.0778182, 1.90977, 0.266973, 1.90026, -0.149314, 0.2
2.32563,0.024933, 2.2527, 0.0226935, 2.63591, 0.203952, 2.52394, -0.181696, 2.04274, 0.163331, 2.15163, -0.14859, 2.64934, 0.205355, 2.51469, -0.183289, 2.03473, 0.16145, 2.15608, -0.157374, 0.8
2.44758,-0.0119659, 2.31572, 0.0123788, 2.64537, 0.203457, 2.75404, -0.182532, 2.27392, 0.161686, 2.15283, -0.158769, 2.63591, 0.203952, 2.6338, -0.078798, 2.15801, 0.266228, 2.15163, -0.14859, 0.2
2.56635,0.0189729, 2.49497, 0.0210366, 2.88318, 0.202016, 2.77049, -0.183945, 2.28971, 0.160742, 2.3974, -0.15217, 2.89538, 0.20214, 2.75404, -0.182532, 2.27392, 0.161686, 2.4, -0.160009, 0.8
2.69625,-0.0159513, 2.55786, 0.00741629, 2.89213, 0.200396, 3.00656, -0.189042, 2.52648, 0.155758, 2.40012, -0.161029, 2.88318, 0.202016, 2.87917, -0.0837695, 2.40388, 0.260917, 2.3974, -0.15217, 0.2
2.81661,0.0183721, 2.74475, 0.0171138, 3.12967, 0.199117, 3.01681, -0.187287, 2.53597, 0.15759, 2.64475, -0.153951, 3.14223, 0.198651, 3.00656, -0.189042, 2.52648, 0.155758, 2.64748, -0.16279, 0.8
2.93999,-0.0176521, 2.80726, 0.00610251, 3.13918, 0.197431, 3.25282, -0.192203, 2.77337, 0.152419, 2.64654, -0.164744, 3.12967, 0.199117, 3.12645, -0.0851451, 2.6511, 0.259731, 2.64475, -0.153951, 0.2
3.06107,0.0144765, 2.9892, 0.0152696, 3.37325, 0.193636, 3.26222, -0.190709, 2.78172, 0.154203, 2.88843, -0.158752, 3.38932, 0.196157, 3.25282, -0.192203, 2.77337, 0.152419, 2.89383, -0.165875, 0.8
3.19048,-0.0224914, 3.05153, 0.00216226, 3.38486, 0.194512, 3.49635, -0.193105, 3.01643, 0.15137, 2.89139, -0.167865, 3.37325, 0.193636, 3.37207, -0.0883879, 2.89697, 0.256524, 2.88843, -0.158752, 0.2
3.31164,0.0134064, 3.25095, 0.0138569, 3.622, 0.192636, 3.5085, -0.19356, 3.02814, 0.151412, 3.13667, -0.16027, 3.65642, 0.196135, 3.49635, -0.193105, 3.01643, 0.15137, 3.15957, -0.165963, 0.9
3.43463,-0.0254039, 3.30268, 0.00389607, 3.63113, 0.191114, 3.74502, -0.198758, 3.26511, 0.146343, 3.1361, -0.172575, 3.622, 0.192636, 3.61555, -0.08629, 3.14108, 0.258682, 3.13667, -0.16027, 0.2
3.55635,0.00876637, 3.49525, 0.0107342, 3.86653, 0.186523, 3.7528, -0.197255, 3.27366, 0.147823, 3.37991, -0.165807, 3.90276, 0.193342, 3.74502, -0.198758, 3.26511, 0.146343, 3.40416, -0.16982, 0.9
3.68353,-0.0331863, 3.56048, -0.00264148, 3.87694, 0.18594, 3.95461, -0.214047, 3.51067, 0.139297, 3.37459, -0.185029, 3.86653, 0.186523, 3.87965, -0.0945288, 3.40587, 0.25055, 3.37991, -0.165807, 0.3
3.80018,0.00551374, 3.73597, -0.00579649, 4.07963, 0.190816, 3.96489, -0.211861, 3.51925, 0.141914, 3.61919, -0.168367, 4.12782, 0.189379, 3.95461, -0.214047, 3.51067, 0.139297, 3.61951, -0.178019, 0.9
3.91792,-0.0356814, 3.79394, -0.0109667, 4.08809, 0.188431, 4.18579, -0.216761, 3.74726, 0.139708, 3.62654, -0.171392, 4.07963, 0.190816, 4.09553, -0.0805986, 3.65607, 0.273176, 3.61919, -0.168367, 0.3
4.03593,0.00342121, 3.9807, -0.00968484, 4.33266, 0.178891, 4.19314, -0.214951, 3.75414, 0.141846, 3.85549, -0.171625, 4.34183, 0.190308, 4.18579, -0.216761, 3.74726, 0.139708, 3.87727, -0.170744, 0.9
4.15506,-0.0344896, 4.11608, -0.0302095, 4.32375, 0.183569, 4.44103, -0.210597, 3.98005, 0.139466, 3.86316, -0.173467, 4.33266, 0.178891, 4.45544, -0.107522, 4.01984, 0.249275, 3.85549, -0.171625, 0.9
4.26349,0.00581779, 4.2423, -0.0215357, 4.56475, 0.183639, 4.43289, -0.21189, 3.97023, 0.1292, 4.0946, -0.167312, 4.55612, 0.187016, 4.44103, -0.210597, 3.98005, 0.139466, 4.09596, -0.172455, 0.9
4.38187,-0.0109043, 4.36782, -0.0248941, 4.57109, 0.183071, 4.66948, -0.19526, 4.196, 0.145845, 4.09933, -0.166351, 4.56475, 0.183639, 4.69917, -0.134571, 4.24013, 0.206519, 4.0946, -0.167312, 0.9
4.4989,0.0240446, 4.49381, 0.00446573, 4.80577, 0.194622, 4.67647, -0.193145, 4.20202, 0.14797, 4.32979, -0.153095, 4.80297, 0.19512, 4.66948, -0.19526, 4.196, 0.145845, 4.33167, -0.156059, 0.9
4.62671,-0.00949576, 4.60882, -0.00438057, 4.81325, 0.192498, 4.91446, -0.188333, 4.43482, 0.152676, 4.33548, -0.154652, 4.80577, 0.194622, 4.94061, -0.129014, 4.46988, 0.2121, 4.32979, -0.153095, 0.9
4.74515,0.0313027, 4.73246, 0.00857303, 5.04795, 0.202021, 4.9221, -0.186298, 4.44084, 0.154524, 4.57028, -0.144641, 5.04719, 0.197224, 4.91446, -0.188333, 4.43482, 0.152676, 4.57034, -0.151829, 0.9
4.87051,-0.00218147, 4.84199, 0.00621365, 5.05487, 0.200263, 5.15821, -0.181019, 4.67433, 0.159034, 4.57486, -0.145347, 5.04795, 0.202021, 5.16199, -0.121335