0.0146822,0.0267594, 0.0791387, -0.0292298, 0.208506, 0.172368, 0.357173, -0.154017, -0.121307, 0.188789, -0.265791, -0.170675, 0.206235, 0.170607, 0.400894, -0.193477, -0.0792154, 0.150014, -0.268926, -0.172346, 0.9
0.121279,0.0212222, 0.139343, 0.0279307, 0.437358, 0.191237, 0.359279, -0.151857, -0.116214, 0.188569, -0.0392055, -0.154072, 0.448458, 0.187619, 0.357173, -0.154017, -0.121307, 0.188789, -0.0254738, -0.154734, 0.9
0.273039,-0.00912534, 0.252411, 0.00886809, 0.440668, 0.187614, 0.602304, -0.170663, 0.123887, 0.17173, -0.0326282, -0.155933, 0.437358, 0.191237, 0.605387, -0.160463, 0.131251, 0.179963, -0.0392055, -0.154072, 0.9
0.383186,0.0139084, 0.385921, 0.0131779, 0.708263, 0.181673, 0.608869, -0.168859, 0.129706, 0.173128, 0.232975, -0.164725, 0.699505, 0.187223, 0.602304, -0.170663, 0.123887, 0.17173, 0.227463, -0.157144, 0.9
0.526931,-0.0133849, 0.513643, -0.00400541, 0.714832, 0.179746, 0.852776, -0.176367, 0.37439, 0.167622, 0.238535, -0.166342, 0.708263, 0.181673, 0.860628, -0.172263, 0.383108, 0.169724, 0.232975, -0.164725, 0.9
0.605309,0.00366218, 0.61002, -0.0018503, 0.913006, 0.174066, 0.857658, -0.17557, 0.378528, 0.168609, 0.438515, -0.172259, 0.905044, 0.174718, 0.852776, -0.176367, 0.37439, 0.167622, 0.43133, -0.172368, 0.6
0.643486,0.00198489, 0.640293, 0.00971968, 0.912334, 0.173615, 0.906927, -0.169954, 0.427735, 0.17219, 0.439994, -0.172443, 0.913006, 0.174066, 0.902704, -0.177833, 0.426838, 0.166346, 0.438515, -0.172259, 0.1
0.757449,0.0237209, 0.763878, -0.0190617, 1.0864, 0.184287, 0.910224, -0.167148, 0.43489, 0.17461, 0.630418, -0.155056, 0.912334, 0.173615, 1.09605, -0.197004, 0.613286, 0.14514, 0.439994, -0.172443, 0.9
0.827411,0.0146805, 0.849433, -0.00347686, 1.0925, 0.183887, 1.1294, -0.156656, 0.658108, 0.188368, 0.626961, -0.154631, 1.0864, 0.184287, 1.14178, -0.145887, 0.669497, 0.195871, 0.630418, -0.155056, 0.7
0.86891,0.0106176, 0.863511, -0.000329609, 1.13886, 0.181354, 1.13327, -0.157218, 0.649437, 0.187945, 0.664065, -0.157836, 1.14151, 0.184089, 1.12952, -0.156754, 0.64766, 0.188016, 0.678931, -0.155241, 0.1
0.899339,0.0100909, 0.880435, 0.00276403, 1.1368, 0.179631, 1.15667, -0.161055, 0.677681, 0.182137, 0.665209, -0.158247, 1.13886, 0.181354, 1.15596, -0.156386, 0.671908, 0.188778, 0.664065, -0.157836, 0.1
0.916218,0.010012, 0.89552, 0.00676904, 1.16738, 0.179972, 1.15771, -0.161018, 0.678388, 0.182085, 0.69152, -0.160546, 1.15617, 0.184434, 1.15667, -0.161055, 0.677681, 0.182137, 0.683614, -0.154652, 0.1
1.00188,-0.00276793, 1.00928, -0.023881, 1.17247, 0.179318, 1.34124, -0.169002, 0.867781, 0.171786, 0.694668, -0.160697, 1.16738, 0.179972, 1.36881, -0.164977, 0.885422, 0.178126, 0.69152, -0.160546, 0.9
1.07038,-0.00429735, 1.0563, 0.000230187, 1.36401, 0.166004, 1.34652, -0.169227, 0.865916, 0.167859, 0.863915, -0.174575, 1.36392, 0.178734, 1.34124, -0.169002, 0.867781, 0.171786, 0.887835, -0.162458, 0.6
1.17899,-0.00869902, 1.17738, -0.0186501, 1.37224, 0.166281, 1.5363, -0.173815, 1.05296, 0.163411, 0.869915, -0.174664, 1.36401, 0.166004, 1.57778, -0.177294, 1.09591, 0.159792, 0.863915, -0.174575, 0.9
1.28435,-0.00421579, 1.2603, 0.00724711, 1.62774, 0.16672, 1.54548, -0.174468, 1.06119, 0.162653, 1.13873, -0.178081, 1.63032, 0.171171, 1.5363, -0.173815, 1.05296, 0.163411, 1.12913, -0.170748, 0.9
1.33136,0.00350441, 1.29747, -0.00156162, 1.63024, 0.166968, 1.6001, -0.16821, 1.11845, 0.170602, 1.14131, -0.177789, 1.62774, 0.16672, 1.63282, -0.149606, 1.15292, 0.187515, 1.13873, -0.178081, 0.1
1.43233,-0.0410027, 1.32499, -0.00776562, 1.69152, 0.124826, 1.59675, -0.161844, 1.12059, 0.175201, 1.18019, -0.177254, 1.63024, 0.166968, 1.63751, -0.154625, 1.15513, 0.184188, 1.14131, -0.177789, 0.1
1.56816,-0.164013, 1.48334, -0.0827667, 1.70816, 0.112726, 1.88377, -0.34167, 1.43582, 0.0357693, 1.19198, -0.185613, 1.69152, 0.124826, 1.83986, -0.142684, 1.35891, 0.19436, 1.18019, -0.177254, 0.9
1.52133,-0.195097, 1.55878, -0.132128, 1.81999, -0.00857857, 1.88697, -0.341886, 1.4075, 0.0486619, 1.32686, -0.329392, 1.8737, 0.0761055, 1.88377, -0.34167, 1.43582, 0.0357693, 1.36177, -0.226735, 0.3
1.56715,-0.168964, 1.55295, -0.173695, 1.8257, -0.00575937, 1.8474, -0.36017, 1.37017, 0.00299802, 1.33401, -0.3284, 1.88966, -0.0211285, 1.88697, -0.341886, 1.4075, 0.0486619, 1.39867, -0.344121, 0.2
1.62611,-0.161226, 1.573, -0.165296, 1.90366, 0.00782672, 1.85083, -0.35991, 1.37398, 0.0030721, 1.41921, -0.326581, 1.89749, 0.00217464, 1.84734, -0.360236, 1.37018, 0.00295449, 1.4045, -0.322083, 0.3
1.72588,-0.188584, 1.70463, -0.205036, 1.90693, 0.0107462, 2.07449, -0.361729, 1.59609, -0.0098264, 1.42698, -0.325082, 1.90366, 0.00782672, 2.09298, -0.342203, 1.61361, 0.0207788, 1.41921, -0.326581, 0.9
1.81308,-0.179266, 1.7736, -0.175359, 2.13199, -0.00901163, 2.08013, -0.360802, 1.60109, -0.00899102, 1.65333, -0.35084, 2.12795, 0.00732133, 2.07449, -0.361729, 1.59609, -0.0098264, 1.6494, -0.330636, 0.7
1.92595,-0.179884, 1.91336, -0.205541, 2.14118, -0.00888173, 2.28962, -0.353538, 1.80988, -0.0065757, 1.66246, -0.351151, 2.13199, -0.00901163, 2.33167, -0.352845, 1.85242, -0.00103381, 1.65333, -0.35084, 0.9
2.03538,-0.180863, 1.99795, -0.176044, 2.37737, -0.00984694, 2.29627, -0.353669, 1.8166, -0.00646442, 1.89856, -0.354485, 2.36981, 0.00020413, 2.28962, -0.353538, 1.80988, -0.0065757, 1.89175, -0.342917, 0.8
2.08315,-0.170199, 2.04188, -0.183009, 2.37902, -0.00945081, 2.35989, -0.34472, 1.88035, -0.000517782, 1.9019, -0.353981, 2.37737, -0.00984694, 2.37959, -0.327741, 1.90376, 0.0194636, 1.89856, -0.354485, 0.1
2.12967,-0.171668, 2.07712, -0.183697, 2.40426, -0.000113145, 2.35968, -0.339078, 1.87757, 0.00298094, 1.92583, -0.342428, 2.37902, -0.00945081, 2.39754, -0.329887, 1.91733, 0.0143154, 1.9019, -0.353981, 0.1
2.21231,-0.16768, 2.20048, -0.214403, 2.40972, 0.00028469, 2.55388, -0.337616, 2.07328, 0.00513367, 1.93175, -0.342276, 2.40426, -0.000113145, 2.5915, -0.324575, 2.10509, 0.0174833, 1.92583, -0.342428, 0.9
2.30449,-0.169249, 2.27567, -0.167135, 2.63682, 0.00105875, 2.56033, -0.337702, 2.07998, 0.00506742, 2.15826, -0.343136, 2.63621, 0.0122669, 2.55388, -0.337616, 2.07328, 0.00513367, 2.15869, -0.331173, 0.8
2.34746,-0.157263, 2.30828, -0.171925, 2.63866, 0.00182995, 2.62124, -0.329629, 2.13513, 0.0150839, 2.16145, -0.342515, 2.63682, 0.00105875, 2.64517, -0.310065, 2.16851, 0.0327047, 2.15826, -0.343136, 0.1
2.44149,-0.168213, 2.43359, -0.194134, 2.80714, 0.00591599, 2.61959, -0.321849, 2.14292, 0.0145846, 2.32782, -0.337012, 2.63866, 0.00182995, 2.8384, -0.327967, 2.34803, 0.016746, 2.16145, -0.342515, 0.9
2.52399,-0.154652, 2.49812, -0.19583, 2.81128, 0.00626395, 2.84551, -0.32224, 2.36738, 0.0183557, 2.33295, -0.336227, 2.80714, 0.00591599, 2.87348, -0.282096, 2.39855, 0.0543376, 2.32782, -0.337012, 0.7
2.58795,-0.165772, 2.54127, -0.166321, 2.87912, 0.0107021, 2.85336, -0.32406, 2.37912, 0.020439, 2.40054, -0.33162, 2.88478, 0.00969268, 2.84551, -0.32224, 2.36738, 0.0183557, 2.40909, -0.333999, 0.2
2.69061,-0.16056, 2.67179, -0.195765, 2.88885, 0.00712623, 3.0535, -0.330485, 2.57505, 0.0120658, 2.40379, -0.336111, 2.87912, 0.0107021, 3.07692, -0.322507, 2.59871, 0.0219917, 2.40054, -0.33162, 0.9
2.8006,-0.163241, 2.7654, -0.1563, 3.15123, 0.00673771, 3.05989, -0.330622, 2.58206, 0.0119947, 2.67, -0.338692, 3.13956, 0.019868, 3.0535, -0.330485, 2.57505, 0.0120658, 2.65455, -0.323945, 0.9
2.92275,-0.160448, 2.90509, -0.184885, 3.14929, 0.00574076, 3.29435, -0.331733, 2.81505, 0.0118138, 2.67682, -0.338651, 3.15123, 0.00673771, 3.32741, -0.318411, 2.85038, 0.0242057, 2.67, -0.338692, 0.9
3.03406,-0.170072, 3.00373, -0.157732, 3.38745, 0.00226274, 3.30074, -0.332333, 2.82186, 0.0113953, 2.91132, -0.342787, 3.37506, 0.0159526, 3.29435, -0.331733, 2.81505, 0.0118138, 2.90334, -0.329012, 0.8
3.08595,-0.152898, 3.04321, -0.168072, 3.38638, 0.00350362, 3.3698, -0.32642, 2.88791, 0.0179019, 2.9158, -0.342335, 3.38745, 0.00226274, 3.38157, -0.310338, 2.90647, 0.0333896, 2.91132, -0.342787, 0.1
3.1861,-0.167575, 3.17668, -0.189077, 3.55647, 0.00866798, 3.36476, -0.313046, 2.89029, 0.0195402, 3.07943, -0.333431, 3.38638, 0.00350362, 3.58393, -0.327593, 3.09795, 0.0167284, 2.9158, -0.342335, 0.9
3.26876,-0.148753, 3.2425, -0.19307, 3.56059, 0.00982146, 3.60314, -0.31425, 3.1259, 0.0259227, 3.08481, -0.33246, 3.55647, 0.00866798, 3.61842, -0.274524, 3.14562, 0.0580626, 3.07943, -0.333431, 0.7
3.33382,-0.161709, 3.28752, -0.161831, 3.62508, 0.0169231, 3.60526, -0.31645, 3.12991, 0.0256742, 3.14755, -0.324735, 3.63287, 0.0142033, 3.60314, -0.31425, 3.1259, 0.0259227, 3.15963, -0.329154, 0.2
3.43653,-0.156862, 3.41852, -0.190012, 3.62706, 0.00145948, 3.80673, -0.326933, 3.32744, 0.0144782, 3.1555, -0.330775, 3.62508, 0.0169231, 3.82743, -0.316709, 3.34813, 0.0254152, 3.14755, -0.324735, 0.9
3.54674,-0.163701, 3.51239, -0.154228, 3.89889, 0.00322857, 3.81278, -0.327305, 3.33421, 0.01399, 3.42341, -0.337548, 3.87701, 0.0151757, 3.80673, -0.326933, 3.32744, 0.0144782, 3.40541, -0.317866, 0.9
3.67024,-0.155716, 3.65139, -0.183617, 3.89736, 0.00404947, 4.0384, -0.327147, 3.55854, 0.0143448, 3.42934, -0.337312, 3.89889, 0.00322857, 4.07769, -0.317694, 3.6, 0.0236007, 3.42341, -0.337548, 0.9
3.78091,-0.167894, 3.75015, -0.156169, 4.13737, 0.00442819, 4.03725, -0.324361, 3.57319, 0.0141581, 3.66333, -0.339474, 4.12061, 0.0166772, 4.0384, -0.327147, 3.55854, 0.0143448, 3.65308, -0.325055, 0.8
3.90484,-0.161311, 3.88073, -0.190778, 4.12858, -0.00655982, 4.2746, -0.331649, 3.80308, 0.0097757, 3.67222, -0.339696, 4.13737, 0.00442819, 4.30036, -0.312948, 3.83624, 0.0255712, 3.66333, -0.339474, 0.9
4.03745,-0.15741, 4.00355, -0.167183, 4.40063, 0.00834265, 4.25561, -0.335089, 3.81286, 0.0106512, 3.93321, -0.334097, 4.36722, 0.0134391, 4.2746, -0.331649, 3.80308, 0.0097757, 3.91024, -0.319501, 0.9
4.20228,-0.177734, 4.15254, -0.187792, 4.38913, -0.00101786, 4.5362, -0.343011, 4.0728, 0.000847447, 3.94104, -0.335669, 4.40063, 0.00834265, 4.52558, -0.3206, 4.08373, 0.02514, 3.93321, -0.334097, 0.9
4.33692,-0.158364, 4.30618, -0.170866, 4.67563, 0.00268443, 4.52222, -0.338328, 4.07784, 0.0011079, 4.19749, -0.340239, 4.63552, 0.0104664, 4.5362, -0.343011, 4.0728, 0.000847447, 4.18727, -0.324248, 0.9
4.44751,-0.178092, 4.4568, -0.185515, 4.67951, 0.00163644, 4.8143, -0.339723, 4.34985, 0.00387117, 4.20175, -0.341084, 4.67563, 0.00268443, 4.78943, -0.327643, 4.34596, 0.0117932, 4.19749, -0.340239, 0.9
4.60147,-0.162126, 4.58363, -0.160545, 4.9611, 0.00376191, 4.80727, -0.342237, 4.35501, 0.00399814, 4.48313, -0.34239, 4.92955, 0.00521445, 4.8143, -0.339723, 4.34985, 0.00387117, 4.45308, -0.337004, 0.9
4.73819,-0.178487, 4.73637, -0.178649, 4.96257, 0.00505496, 5.09859, -0.343601, 4.63082, 0.00233226, 4.48845, -0.343298, 4.9611, 0.00376191, 5.06081, -0.346926, 4.60996, -0.000691481, 4.48313, -0.34239, 0.9
4.83185,-0.173224, 4.84214, -0.168758, 5.18321, -0.00168217, 5.10302, -0.343194, 4.63447, 0.00254962, 4.70679, -0.348586, 5.14912, 0.00077035, 5.09859, -0.343601, 4.63082, 0.00233226, 4.67769, -0.347749, 0.6
4.88725,-0.165173, 4.87872, -0.158698, 5.1805, -0.00451419, 5.1684, -0.340251, 4.69379, 0.00245235, 4.70869, -0.348623, 5.18321, -0.00168217, 5.13976, -0.356558, 4.67448, -0.0108139, 4.70679, -0.348586, 0.1
5.02208,-0.151974, 5.01825, -0.182518, 5.37606, 0.0157012, 5.1659, -0.328682, 4.70132, 0.00628239, 4.89975, -0.328826, 5.1805, -0.00451419, 5.35111, -0.373443, 4.87298, -0.0307396, 4.70869, -0.348623, 0.9
5.09183,-0.157784, 5.10879, -0.174873, 5.33236, 0.0224692, 5.42316, -0.318635, 4.95212, 0.0222143, 4.90079, -0.323568, 5.37606, 0.0157012, 5.39822, -0.307995, 4.93638, 0.0269688, 4.89975, -0.328826, 0.7
5.13648,-0.161236, 5.13785, -0.15811, 5.40378, 0.0131039, 5.41095, -0.314594, 4.95348, 0.0219738, 4.94764, -0.330244, 5.39402, 0.0108357, 5.42316, -0.318635, 4.95212, 0.0222143, 4.96586, -0.336399, 0.1
5.25259,-0.16568, 5.27176, -0.116723, 5.40835, 0.0122531, 5.57894, -0.332401, 5.13034, 0.0108459, 4.9541, -0.33042, 5.60291, 0.0212907, 5.41095, -0.314594, 4.95348, 0.0219738, 5.14444, -0.321734, 0.9
5.3289,-0.160057, 5.35376, -0.153216, 5.65403, 0.00661125, 5.56781, -0.331372, 5.13341, 0.0111143, 5.18365, -0.337442, 5.62115, 0.00918488, 5.57894, -0.332401, 5.13034, 0.0108459, 5.16855, -0.333559, 0.7
5.37137,-0.153782, 5.39084, -0.140501, 5.64251, 0.00845572, 5.62707, -0.324999, 5.16766, 0.0177448, 5.18618, -0.336992, 5.65403, 0.00661125, 5.59973, -0.353015, 5.16903, -0.0105284, 5.18365, -0.337442, 0.1
5.40874,-0.154556, 5.42685, -0.144408, 5.66667, 0.0156366, 5.62777, -0.324959, 5.16999, 0.0174196, 5.19782, -0.327955, 5.64251, 0.00845572, 5.61637, -0.358805, 5.1574, -0.0160617, 5.18618, -0.336992, 0.1
5.4203,-0.153863, 5.45562, -0.145514, 5.66642, 0.0154499, 5.6606, -0.32334, 5.18906, 0.0181569, 5.19839, -0.327535, 5.66667, 0.0156366, 5.62438, -0.353557, 5.16696, -0.011178, 5.19782, -0.327955, 0.1
5.52639,-0.124273, 5.56626, -0.163047, 5.85443, 0.0362513, 5.66629, -0.321865, 5.19397, 0.0194293, 5.38014, -0.308375, 5.66642, 0.0154499, 5.82701, -0.373576, 5.35253, -0.0320798, 5.19839, -0.327535, 0.9
5.57662,-0.133837, 5.63665, -0.137185, 5.84641, 0.0413973, 5.88728, -0.289238, 5.40882, 0.0541902, 5.37022, -0.309455, 5.85443, 0.0362513, 5.85119, -0.323491, 5.38296, 0.0178026, 5.38014, -0.308375, 0.6
5.61639,-0.137573, 5.6699, -0.127128, 5.88664, 0.0397083, 5.88915, -0.290586, 5.39892, 0.0517315, 5.40913, -0.306471, 5.89506, 0.0283911, 5.88728, -0.289238, 5.40882, 0.0541902, 5.42398, -0.322718, 0.1
5.73923,-0.15927, 5.7881, -0.094149, 5.89266, 0.0385517, 6.08873, -0.317929, 5.6038, 0.0259471, 5.4146, -0.307372, 6.07891, 0.0483018, 5.88915, -0.290586, 5.39892, 0.0517315, 5.60024, -0.297071, 0.9
5.82162,-0.149578, 5.88353, -0.133548, 6.15298, 0.0163189, 6.07948, -0.318501, 5.604, 0.026428, 5.67508, -0.331295, 6.13327, 0.0283815, 6.08873, -0.317929, 5.6038, 0.0259471, 5.65819, -0.31779, 0.8
5.86904,-0.147758, 5.89954, -0.117944, 6.152, 0.0158277, 6.1386, -0.318444, 5.66176, 0.0240694, 5.67557, -0.331106, 6.15298, 0.0163189, 6.10288, -0.35431, 5.63253, -0.00938116, 5.67508, -0.331295, 0.1
5.90883,-0.149254, 5.93243, -0.129108, 6.17472, 0.0207478, 6.14035, -0.318444, 5.66391, 0.0240187, 5.69665, -0.322445, 6.152, 0.0158277, 6.11831, -0.363412, 5.64215, -0.0208983, 5.67557, -0.331106, 0.1
5.92203,-0.147563, 5.95863, -0.136233, 6.17517, 0.0208459, 6.16695, -0.316991, 5.68991, 0.024485, 5.69736, -0.322309, 6.17472, 0.0207478, 6.13311, -0.351644, 5.6573, -0.00918175, 5.69665, -0.322445, 0.1
6.0266,-0.119597, 6.06892, -0.155176, 6.36017, 0.0389986, 6.17224, -0.31579, 5.69457, 0.0254849, 5.8818, -0.304846, 6.17517, 0.0208459, 6.33216, -0.368845, 5.85217, -0.0273694, 5.69736, -0.322309, 0.9
6.06975,-0.112859, 6.13851, -0.130965, 6.35488, 0.0494208, 6.38373, -0.272774, 5.90452, 0.0702693, 5.87786, -0.307045, 6.35922, 0.0476841, 6.35689, -0.318638, 5.88314, 0.0226374, 5.88379, -0.298685, 0.6
6.18793,-0.118615, 6.26211, -0.0853463, 6.539, 0.0600585, 6.38265, -0.2698, 5.89929, 0.0707267, 6.05962, -0.290282, 6.57008, 0.0577922, 6.38373, -0.272774, 5.90452, 0.0702693, 6.09466, -0.297122, 0.9
6.30454,-0.118485, 6.34275, -0.115012, 6.54447, 0.0471594, 6.65039, -0.282383, 6.17042, 0.0619213, 6.05112, -0.287298, 6.539, 0.0600585, 6.61548, -0.300202, 6.1344, 0.0403251, 6.05962, -0.290282, 0.9
6.36233,-0.113903, 6.40524, -0.117748, 6.65201, 0.0559822, 6.65137, -0.281908, 6.17088, 0.0621979, 6.16766, -0.283913, 6.63741, 0.0329848, 6.65039, -0.282383, 6.17042, 0.0619213, 6.15028, -0.301672, 0.2
6.41046,-0.116456, 6.4308, -0.0892973, 6.65284, 0.055156, 6.67358, -0.286182, 6.19262, 0.0557304, 6.16864, -0.283473, 6.65201, 0.0559822, 6.6308, -0.331155, 6.15176, 0.0129513, 6.16766, -0.283913, 0.1
6.52236,-0.095272, 6.56977, -0.0785787, 6.83617, 0.0691392, 6.67905, -0.284478, 6.19773, 0.0569377, 6.35909, -0.274358, 6.84699, 0.0652373, 6.67358, -0.286182, 6.19262, 0.0557304, 6.36094, -0.272526, 0.9
6.59426,-0.119585, 6.63305, -0.103547, 6.83834, 0.0677431, 6.88804, -0.280511, 6.40072, 0.0603562, 6.36063, -0.279004, 6.83617, 0.0691392, 6.85936, -0.29047, 6.38194, 0.0509461, 6.35909, -0.274358, 0.6
6.64167,-0.0915687, 6.67095, -0.110711, 6.90781, 0.0736771, 6.88987, -0.27889, 6.40117, 0.0617257, 6.43001, -0.271068, 6.89288, 0.0522078, 6.88804, -0.280511, 6.40072, 0.0603562, 6.41998, -0.295406, 0.1
6.66259,-0.101338, 6.69875, -0.0830758, 6.90815, 0.0733551, 6.91354, -0.267834, 6.42865, 0.0727444, 6.43011, -0.27092, 6.90781, 0.0736771, 6.87844, -0.313335, 6.39088, 0.0272808, 6.43001, -0.271068, 0.1
6.75873,-0.0934894, 6.8239, -0.0616311, 7.08548, 0.0727428, 6.91766, -0.267608, 6.43276, 0.0729663, 6.60545, -0.270484, 7.10115, 0.0831921, 6.91354, -0.267834, 6.42865, 0.0727444, 6.62143, -0.260319, 0.9
6.82966,-0.103327, 6.87911, -0.0990363, 7.07546, 0.0748919, 7.14266, -0.265934, 6.66169, 0.0787014, 6.6013, -0.269377, 7.08548, 0.0727428, 7.11886, -0.278848, 6.63735, 0.0617258, 6.60545, -0.270484, 0.7
6.86996,-0.0984857, 6.916, -0.0981032, 7.13659, 0.0746522, 7.14348, -0.268097, 6.6586, 0.0784199, 6.65984, -0.268778, 7.13458, 0.059064, 7.14266, -0.265934, 6.66169, 0.0787014, 6.6658, -0.285811, 0.1
6.98904,-0.126629, 7.04063, -0.057927, 7.14163, 0.0720302, 7.33128, -0.291755, 6.85299, 0.054988, 6.66524, -0.270432, 7.32916, 0.0838016, 7.14348, -0.268097, 6.6586, 0.0784199, 6.85082, -0.25876, 0.9
7.04961,-0.11954, 7.10689, -0.105362, 7.3534, 0.0471479, 7.33073, -0.291373, 6.85078, 0.0610032, 6.87599, -0.297746, 7.3403, 0.0564746, 7.33128, -0.291755, 6.85299, 0.054988, 6.86771, -0.286717, 0.6
7.12134,-0.1259, 7.15034, -0.0927339, 7.35046, 0.0481407, 7.40211, -0.293331, 6.92089, 0.0512416, 6.87014, -0.296926, 7.3534, 0.0471479, 7.37766, -0.340051, 6.90071, 0.0123245, 6.87599, -0.297746, 0.3
7.13647,-0.130637, 7.18981, -0.117781, 7.39435, 0.0415997, 7.40249, -0.293434, 6.9219, 0.0508832, 6.91556, -0.302633, 7.38545, 0.0386588, 7.40211, -0.293331, 6.92089, 0.0512416, 6.90759, -0.306689, 0.1
7.24762,-0.136997, 7.30379, -0.0908628, 7.3967, 0.0405205, 7.57488, -0.300696, 7.09517, 0.0425317, 6.91879, -0.303451, 7.58647, 0.0517191, 7.40249, -0.293434, 6.9219, 0.0508832, 7.10602, -0.291445, 0.9
7.3185,-0.127381, 7.37453, -0.12212, 7.61497, 0.0412554, 7.5697, -0.299036, 7.08853, 0.0321124, 7.12132, -0.303505, 7.60684, 0.036062, 7.57488, -0.300696, 7.09517, 0.0425317, 7.13193, -0.307903, 0.7
7.37675,-0.142328, 7.41182, -0.107973, 7.6172, 0.0408079, 7.6582, -0.306144, 7.17824, 0.0299573, 7.12162, -0.30413, 7.61497, 0.0412554, 7.63491, -0.333916, 7.15718, -0.0027677, 7.12132, -0.303505, 0.3
7.39576,-0.14152, 7.44606, -0.130142, 7.65597, 0.030972, 7.65892, -0.306031, 7.17937, 0.0297886, 7.1708, -0.31347, 7.65498, 0.0282976, 7.6582, -0.306144, 7.17824, 0.0299573, 7.16234, -0.316917, 0.1
7.50885,-0.152716, 7.56314, -0.102383, 7.66058, 0.0299674, 7.83208, -0.313771, 7.35598, 0.0254047, 7.17625, -0.314263, 7.84778, 0.0412413, 7.65892, -0.306031, 7.17937, 0.0297886, 7.36103, -0.302011, 0.9
7.56806,-0.138826, 7.62434, -0.139233, 7.86121, 0.0289442, 7.83363, -0.312965, 7.35639, 0.0258477, 7.38125, -0.317521, 7.8512, 0.0216325, 7.83208, -0.313771, 7.35598, 0.0254047, 7.37038, -0.322698, 0.6
7.61696,-0.149072, 7.65216, -0.115242, 7.85649, 0.0294515, 7.88496, -0.315138, 7.40713, 0.0242209, 7.36213, -0.315008, 7.86121, 0.0289442, 7.86396, -0.352805, 7.38994, -0.0139915, 7.38125, -0.317521, 0.2
7.63169,-0.148408, 7.68415, -0.137557, 7.88506, 0.0236447, 7.88527, -0.315029, 7.40745, 0.0242691, 7.40015, -0.319945, 7.88594, 0.0199492, 7.88496, -0.315138, 7.40713, 0.0242209, 7.39372, -0.324609, 0.1
7.65229,-0.152847, 7.69972, -0.137284, 7.8844, 0.0228399, 7.90113, -0.320167, 7.42238, 0.0200136, 7.40101, -0.320052, 7.90387, 0.0180105, 7.88527, -0.315029, 7.40745, 0.0242691, 7.42039, -0.325616, 0.1
7.74785,-0.123571, 7.806, -0.115132, 8.06352, 0.0428285, 7.90397, -0.319066, 7.42383, 0.0200349, 7.5886, -0.303613, 8.07865, 0.0332877, 7.90113, -0.320167, 7.42238, 0.0200136, 7.59327, -0.308761, 0.9
7.82571,-0.136072, 7.88196, -0.141331, 8.06044, 0.042903, 8.137, -0.298839, 7.66039, 0.0454647, 7.5898, -0.305283, 8.06352, 0.0428285, 8.13029, -0.32604, 7.65335, 0.0130604, 7.5886, -0.303613, 0.8
7.8751,-0.122379, 7.90795, -0.134603, 8.12736, 0.0490809, 8.13863, -0.298337, 7.66093, 0.0462549, 7.6511, -0.295572, 8.12542, 0.0273943, 8.137, -0.298839, 7.66039, 0.0454647, 7.6604, -0.321313, 0.1
7.98312,-0.151205, 8.04154, -0.0843654, 8.13203, 0.0479959, 8.31894, -0.308201, 7.84125, 0.0346105, 7.65499, -0.296397, 8.31985, 0.0593546, 8.13863, -0.298337, 7.66093, 0.0462549, 7.84162, -0.284204, 0.9
8.0604,-0.139017, 8.12393, -0.124032, 8.36912, 0.0307078, 8.32285, -0.307821, 7.84495, 0.0362572, 7.89588, -0.31658, 8.37274, 0.0374765, 8.31894, -0.308201, 7.84125, 0.0346105, 7.89865, -0.306961, 0.8
8.10833,-0.136296, 8.14172, -0.107019, 8.37212, 0.0310754, 8.38107, -0.303365, 7.89928, 0.0362004, 7.88257, -0.318329, 8.36912, 0.0307078, 8.36931, -0.344403, 7.89566, -0.000325172, 7.89588, -0.31658, 0.2
8.13493,-0.140688, 8.16982, -0.125875, 8.39693, 0.0323798, 8.38211, -0.303571, 7.89825, 0.0354386, 7.91406, -0.313705, 8.39781, 0.0247851, 8.38107, -0.303365, 7.89928, 0.0362004, 7.91016, -0.324766, 0.1
8.15321,-0.139631, 8.17169, -0.128983, 8.39585, 0.032034, 8.40053, -0.30755, 7.91894, 0.0326854, 7.91336, -0.313906, 8.39693, 0.0323798, 8.38169, -0.329372, 7.89797, 0.00963774, 7.91406, -0.313705, 0.1
8.24699,-0.118319, 8.29003, -0.105753, 8.57747, 0.0461009, 8.40632, -0.306422, 7.92381, 0.0337066, 8.09811, -0.298323, 8.5883, 0.046378, 8.40053, -0.30755, 7.91894, 0.0326854, 8.10317, -0.298898, 0.9
8.34035,-0.132956, 8.37945, -0.142429, 8.58099, 0.04712, 8.67342, -0.293728, 8.15685, 0.0458364, 8.10302, -0.299637, 8.57747, 0.0461009, 8.66699, -0.304126, 8.18684, 0.0360021, 8.09811, -0.298323, 0.9
8.43317,-0.153413, 8.49478, -0.112901, 8.79477, 0.0224035, 8.67763, -0.295178, 8.15978, 0.0449021, 8.31104, -0.317165, 8.82336, 0.0521885, 8.67342, -0.293728, 8.15685, 0.0458364, 8.34792, -0.294981, 0.9
8.55707,-0.150967, 8.57323, -0.159589, 8.80058, 0.023395, 8.90959, -0.318172, 8.41451, 0.0267149, 8.31446, -0.316104, 8.79477, 0.0224035, 8.91996, -0.313137, 8.40442, 0.0269433, 8.31104, -0.317165, 0.9
