0.0145304,0.0267919, 0.0794781, -0.0291095, 0.209072, 0.172274, 0.357078, -0.154703, -0.120661, 0.188983, -0.265889, -0.170762, 0.206888, 0.170572, 0.40088, -0.193816, -0.0784296, 0.151239, -0.268927, -0.172374, 0.9
0.126111,0.0212006, 0.140198, 0.0278772, 0.433594, 0.18873, 0.359185, -0.152124, -0.114991, 0.189329, -0.0397849, -0.154159, 0.449052, 0.187379, 0.357078, -0.154703, -0.120661, 0.188983, -0.0255304, -0.154954, 0.9
0.26061,-0.00845277, 0.255438, 0.00783148, 0.441233, 0.186658, 0.602394, -0.171706, 0.124931, 0.171879, -0.0325571, -0.156004, 0.433594, 0.18873, 0.606558, -0.159318, 0.133705, 0.182135, -0.0397849, -0.154159, 0.9
0.383369,0.0131851, 0.375004, 0.0136051, 0.708116, 0.180236, 0.607743, -0.169993, 0.129625, 0.173304, 0.232251, -0.16528, 0.69996, 0.186177, 0.602394, -0.171706, 0.124931, 0.171879, 0.227447, -0.15727, 0.9
0.526534,-0.0143093, 0.51379, -0.00491058, 0.716681, 0.178231, 0.853518, -0.17812, 0.375911, 0.166937, 0.239688, -0.166851, 0.708116, 0.180236, 0.859461, -0.173453, 0.382979, 0.169843, 0.232251, -0.16528, 0.9
0.600445,0.00440129, 0.598504, -0.00619096, 0.893694, 0.174007, 0.857332, -0.17694, 0.378912, 0.168193, 0.42014, -0.171868, 0.885266, 0.171085, 0.853518, -0.17812, 0.375911, 0.166937, 0.411261, -0.175125, 0.5
0.637094,-0.000509633, 0.634554, 0.00912199, 0.895563, 0.173621, 0.899886, -0.171943, 0.421352, 0.171148, 0.42151, -0.172071, 0.893694, 0.174007, 0.894065, -0.18193, 0.418244, 0.163203, 0.42014, -0.171868, 0.1
0.738856,0.0173453, 0.758262, 0.030353, 1.07169, 0.181556, 0.90351, -0.1707, 0.427428, 0.172407, 0.602326, -0.160615, 1.08837, 0.189929, 0.899886, -0.171943, 0.421352, 0.171148, 0.610972, -0.15535, 0.9
0.83009,0.00589389, 0.844886, -0.0105993, 1.07923, 0.181184, 1.14345, -0.163278, 0.671313, 0.182444, 0.61029, -0.155789, 1.07169, 0.181556, 1.15419, -0.154199, 0.680708, 0.188908, 0.602326, -0.160615, 0.8
0.86951,0.000676256, 0.861702, -0.00923575, 1.13645, 0.171768, 1.14722, -0.163755, 0.667069, 0.182335, 0.66039, -0.166907, 1.13871, 0.177867, 1.14345, -0.163278, 0.671313, 0.182444, 0.673399, -0.160233, 0.1
0.905074,-0.00119103, 0.884314, -0.00169782, 1.12735, 0.165467, 1.16648, -0.171541, 0.686727, 0.171992, 0.66195, -0.166954, 1.15309, 0.176175, 1.14722, -0.163755, 0.667069, 0.182335, 0.676525, -0.163299, 0.1
0.916077,-0.0039611, 0.898348, -0.00526994, 1.16419, 0.164363, 1.16736, -0.171882, 0.686158, 0.171165, 0.690783, -0.173452, 1.14798, 0.170205, 1.16648, -0.171541, 0.686727, 0.171992, 0.681522, -0.163639, 0.1
1.01332,-0.0231157, 1.00662, 0.0203897, 1.17091, 0.163099, 1.35056, -0.185957, 0.879553, 0.153364, 0.693586, -0.174611, 1.35531, 0.186284, 1.16736, -0.171882, 0.686158, 0.171165, 0.877972, -0.151703, 0.9
1.07236,-0.0222676, 1.06327, -0.0190636, 1.36705, 0.146882, 1.35505, -0.18563, 0.874157, 0.155686, 0.890312, -0.194647, 1.36473, 0.16135, 1.35056, -0.185957, 0.879553, 0.153364, 0.889128, -0.177754, 0.6
1.18262,-0.0221345, 1.18065, -0.0347279, 1.37608, 0.146834, 1.54012, -0.189358, 1.05663, 0.149312, 0.874401, -0.193016, 1.36705, 0.146882, 1.58388, -0.196179, 1.1017, 0.145138, 0.890312, -0.194647, 0.9
1.28721,-0.0211405, 1.26327, -0.00881592, 1.62661, 0.148325, 1.54682, -0.189557, 1.0629, 0.149531, 1.13804, -0.195216, 1.63209, 0.153712, 1.54012, -0.189358, 1.05663, 0.149312, 1.13139, -0.186996, 0.9
1.33273,-0.0101717, 1.29536, -0.0180801, 1.62961, 0.149212, 1.60446, -0.180515, 1.11725, 0.161278, 1.14133, -0.19456, 1.62661, 0.148325, 1.63413, -0.164818, 1.15454, 0.174271, 1.13804, -0.195216, 0.1
1.37303,-0.0112857, 1.32554, -0.022151, 1.64941, 0.158583, 1.59629, -0.171116, 1.12003, 0.161185, 1.16524, -0.182703, 1.62961, 0.149212, 1.64257, -0.165996, 1.15458, 0.175798, 1.14133, -0.19456, 0.1
1.44882,-0.00635587, 1.44305, -0.0526046, 1.65516, 0.158966, 1.79106, -0.174309, 1.31285, 0.164858, 1.17139, -0.18259, 1.64941, 0.158583, 1.82866, -0.156922, 1.34784, 0.175379, 1.16524, -0.182703, 0.9
1.54731,-0.00890106, 1.51429, -0.00523689, 1.87345, 0.160478, 1.79738, -0.174511, 1.31918, 0.164829, 1.392, -0.182548, 1.88115, 0.170793, 1.79106, -0.174309, 1.31285, 0.164858, 1.39806, -0.17152, 0.8
1.58629,0.00198412, 1.54775, -0.0119276, 1.87579, 0.160957, 1.85625, -0.168923, 1.3716, 0.175053, 1.39557, -0.181964, 1.87345, 0.160478, 1.88433, -0.144851, 1.40964, 0.194489, 1.392, -0.182548, 0.1
1.68772,-0.0490922, 1.57715, -0.0121628, 1.93782, 0.120258, 1.85504, -0.170145, 1.37625, 0.173978, 1.4305, -0.181516, 1.87579, 0.160957, 1.89606, -0.151954, 1.41059, 0.192022, 1.39557, -0.181964, 0.1
1.82003,-0.165605, 1.73969, -0.0919685, 1.95554, 0.107594, 2.13899, -0.346218, 1.69143, 0.0371226, 1.44245, -0.188887, 1.93782, 0.120258, 2.0962, -0.151978, 1.61273, 0.192146, 1.4305, -0.181516, 0.9
1.77796,-0.196425, 1.81019, -0.135521, 2.07629, -0.0143076, 2.14712, -0.349384, 1.64865, 0.0407422, 1.58348, -0.334702, 2.12091, 0.0717255, 2.13899, -0.346218, 1.69143, 0.0371226, 1.61189, -0.229247, 0.3
1.82306,-0.165227, 1.80907, -0.177663, 2.08165, -0.0113281, 2.10658, -0.359337, 1.6209, 0.00434041, 1.59046, -0.333054, 2.14368, -0.0248515, 2.14712, -0.349384, 1.64865, 0.0407422, 1.65301, -0.347713, 0.2
1.88097,-0.16113, 1.82715, -0.168192, 2.15755, 0.011443, 2.11076, -0.358961, 1.62522, 0.00463092, 1.67216, -0.319928, 2.14967, -0.000121828, 2.10658, -0.359337, 1.6209, 0.00434041, 1.65706, -0.323372, 0.3
1.98189,-0.186294, 1.95678, -0.206153, 2.16428, 0.0105874, 2.32047, -0.355491, 1.83827, -0.00355336, 1.67852, -0.321007, 2.15755, 0.011443, 2.35475, -0.339234, 1.8668, 0.0243578, 1.67216, -0.319928, 0.9
2.06516,-0.173906, 2.02858, -0.174661, 2.38862, -0.00519447, 2.33327, -0.357912, 1.85087, -0.00608167, 1.90593, -0.344063, 2.38377, 0.00854088, 2.32047, -0.355491, 1.83827, -0.00355336, 1.89942, -0.325184, 0.7
2.17976,-0.17802, 2.16577, -0.201554, 2.39679, -0.00520188, 2.54481, -0.351755, 2.06409, -0.00441763, 1.91413, -0.344426, 2.38862, -0.00519447, 2.58534, -0.349252, 2.10286, 0.00257896, 1.90593, -0.344063, 0.9
2.29345,-0.177392, 2.25363, -0.172683, 2.63752, -0.00788264, 2.55369, -0.352232, 2.07341, -0.0046864, 2.15661, -0.350636, 2.62669, 0.0025031, 2.54481, -0.351755, 2.06409, -0.00441763, 2.14487, -0.337647, 0.8
2.34126,-0.166896, 2.30101, -0.179843, 2.6402, -0.00722588, 2.61946, -0.339686, 2.1313, 0.00642156, 2.15917, -0.349886, 2.63752, -0.00788264, 2.63672, -0.326577, 2.16034, 0.020969, 2.15661, -0.350636, 0.1
2.44102,-0.177918, 2.42908, -0.203147, 2.81078, -0.00473684, 2.62475, -0.33849, 2.13958, 0.00586038, 2.32925, -0.345441, 2.6402, -0.00722588, 2.83539, -0.339484, 2.3431, 0.00662304, 2.15917, -0.349886, 0.9
2.52537,-0.166351, 2.49844, -0.206439, 2.81541, -0.00380431, 2.85726, -0.335929, 2.3763, 0.0104188, 2.33488, -0.344664, 2.81078, -0.00473684, 2.87824, -0.298882, 2.39508, 0.0454678, 2.32925, -0.345441, 0.7
2.58067,-0.179023, 2.53153, -0.180757, 2.86517, -0.00256613, 2.85943, -0.337489, 2.38005, 0.0097983, 2.38525, -0.343714, 2.86786, -0.00302494, 2.85726, -0.335929, 2.3763, 0.0104188, 2.39038, -0.345322, 0.1
2.62067,-0.173182, 2.57148, -0.186831, 2.8673, -0.00599984, 2.89161, -0.344576, 2.40958, -0.000972912, 2.38385, -0.347496, 2.86517, -0.00256613, 2.8956, -0.325133, 2.41521, 0.0221546, 2.38525, -0.343714, 0.1
2.64138,-0.177292, 2.59237, -0.179209, 2.90064, -0.00627724, 2.89021, -0.343546, 2.41087, -0.00118443, 2.41988, -0.347697, 2.88775, 0.00127139, 2.89161, -0.344576, 2.40958, -0.000972912, 2.4031, -0.34172, 0.1
2.7298,-0.18136, 2.71531, -0.215936, 2.90671, -0.00788122, 3.07622, -0.350175, 2.59654, -0.00782867, 2.42516, -0.348614, 2.90064, -0.00627724, 3.1143, -0.334819, 2.6304, 0.00754274, 2.41988, -0.347697, 0.9
2.81809,-0.180363, 2.78571, -0.179189, 3.14983, -0.0121987, 3.08224, -0.350177, 2.60257, -0.00757284, 2.66953, -0.355657, 3.13829, 0.00160258, 3.07622, -0.350175, 2.59654, -0.00782867, 2.65712, -0.340231, 0.8
2.93273,-0.177027, 2.91826, -0.204462, 3.15789, -0.0118898, 3.30203, -0.349703, 2.82247, -0.00645987, 2.67794, -0.355677, 3.14983, -0.0121987, 3.34211, -0.339643, 2.86262, 0.00296142, 2.66953, -0.355657, 0.9
3.04182,-0.18542, 3.01153, -0.175537, 3.39522, -0.0147638, 3.30868, -0.350288, 2.82952, -0.00688174, 2.91578, -0.359605, 3.38344, -0.00109209, 3.30203, -0.349703, 2.82247, -0.00645987, 2.90423, -0.34538, 0.8
3.09443,-0.169114, 3.05124, -0.18421, 3.39611, -0.0135945, 3.37675, -0.343627, 2.88919, 0.00274756, 2.91919, -0.358466, 3.39522, -0.0147638, 3.38946, -0.327968, 2.91408, 0.0154378, 2.91578, -0.359605, 0.1
3.19181,-0.183258, 3.18441, -0.205427, 3.56459, -0.00816649, 3.36613, -0.326554, 2.89698, 0.0020823, 3.08465, -0.350234, 3.39611, -0.0135945, 3.59138, -0.344442, 3.09965, 0.00193244, 2.91919, -0.358466, 0.9
3.27499,-0.164057, 3.24705, -0.209292, 3.56896, -0.00700619, 3.60528, -0.329746, 3.13239, 0.0105241, 3.09041, -0.348807, 3.56459, -0.00816649, 3.62118, -0.286885, 3.15354, 0.0417507, 3.08465, -0.350234, 0.7
3.33025,-0.178788, 3.28223, -0.180324, 3.61657, -0.000776504, 3.60193, -0.334247, 3.13607, 0.00966277, 3.13739, -0.341932, 3.61933, -0.00461224, 3.60528, -0.329746, 3.13239, 0.0105241, 3.14379, -0.34754, 0.1
3.36986,-0.171901, 3.31922, -0.184833, 3.61838, -0.00527558, 3.63625, -0.343505, 3.16198, -0.00219574, 3.13705, -0.346586, 3.61657, -0.000776504, 3.63847, -0.322489, 3.17135, 0.0214205, 3.13739, -0.341932, 0.1
3.39249,-0.176235, 3.34205, -0.177479, 3.65504, -0.00507066, 3.64089, -0.342782, 3.16468, -0.00128024, 3.17511, -0.346613, 3.63914, 0.00165131, 3.63625, -0.343505, 3.16198, -0.00219574, 3.15661, -0.341136, 0.1
3.48198,-0.180747, 3.4663, -0.214505, 3.66172, -0.00561336, 3.8317, -0.349916, 3.35339, -0.0069822, 3.1793, -0.347212, 3.65504, -0.00507066, 3.86522, -0.334193, 3.38442, 0.00730865, 3.17511, -0.346613, 0.9
3.56251,-0.183151, 3.5276, -0.180944, 3.88273, -0.0142696, 3.83617, -0.349615, 3.35821, -0.00771822, 3.40224, -0.356732, 3.87237, 0.000975947, 3.8317, -0.349916, 3.35339, -0.0069822, 3.39079, -0.341833, 0.7
3.67006,-0.173863, 3.66401, -0.205413, 3.89244, -0.0148102, 4.04601, -0.349398, 3.5657, -0.00605875, 3.41708, -0.357492, 3.88273, -0.0142696, 4.0852, -0.345114, 3.60676, -0.00321686, 3.40224, -0.356732, 0.9
3.7846,-0.184465, 3.7493, -0.175013, 4.13628, -0.0137734, 4.04564, -0.348548, 3.57293, -0.0067082, 3.65852, -0.358333, 4.11661, -0.0024714, 4.04601, -0.349398, 3.5657, -0.00605875, 3.64178, -0.345514, 0.8
3.90513,-0.18702, 3.886, -0.209258, 4.10529, -0.0343459, 4.27758, -0.356457, 3.80275, -0.0130236, 3.66562, -0.358458, 4.13628, -0.0137734, 4.30733, -0.337205, 3.83475, 0.00463446, 3.65852, -0.358333, 0.9
4.03159,-0.186591, 3.99813, -0.192653, 4.38891, -0.0263202, 4.27274, -0.34962, 3.81286, -0.0126968, 3.92778, -0.362962, 4.34633, -0.0150798, 4.27758, -0.356457, 3.80275, -0.0130236, 3.90581, -0.339418, 0.9
4.16937,-0.203372, 4.14931, -0.211902, 4.3689, -0.0436526, 4.53851, -0.369058, 4.07018, -0.025802, 3.9347, -0.364026, 4.38891, -0.0263202, 4.53613, -0.341115, 4.07732, -0.00419156, 3.92778, -0.362962, 0.9
4.31169,-0.19007, 4.28859, -0.20079, 4.65697, -0.0331635, 4.51863, -0.36176, 4.0587, -0.0263345, 4.19946, -0.369732, 4.61184, -0.0301613, 4.53851, -0.369058, 4.07018, -0.025802, 4.17774, -0.351009, 0.9
4.43897,-0.205742, 4.43692, -0.213643, 4.66115, -0.0341004, 4.80197, -0.370108, 4.3311, -0.0274239, 4.2037, -0.370527, 4.65697, -0.0331635, 4.78038, -0.356802, 4.32192, -0.0213767, 4.19946, -0.369732, 0.9
4.58872,-0.191972, 4.57499, -0.191132, 4.94369, -0.0262453, 4.79904, -0.371606, 4.33719, -0.0266366, 4.47589, -0.37001, 4.90858, -0.0281618, 4.80197, -0.370108, 4.3311, -0.0274239, 4.45221, -0.364489, 0.9
4.72439,-0.20857, 4.72094, -0.210187, 4.94999, -0.0277187, 5.089, -0.376245, 4.61788, -0.0284227, 4.48152, -0.371072, 4.94369, -0.0262453, 5.0547, -0.374046, 4.59452, -0.0290767, 4.47589, -0.37001, 0.9
4.83442,-0.199527, 4.83816, -0.196574, 5.19361, -0.0301686, 5.09353, -0.375606, 4.62164, -0.0280059, 4.71909, -0.375315, 5.15778, -0.0292515, 5.089, -0.376245, 4.61788, -0.0284227, 4.69151, -0.372881, 0.7
4.88618,-0.189191, 4.87982, -0.18813, 5.18727, -0.0355337, 5.17145, -0.367912, 4.6959, -0.0232885, 4.72032, -0.374811, 5.19361, -0.0301686, 5.14192, -0.381998, 4.67417, -0.0343982, 4.71909, -0.375315, 0.1
5.01287,-0.192241, 5.01943, -0.208975, 5.36968, -0.0183012, 5.17698, -0.364946, 4.70262, -0.0208697, 4.89987, -0.36134, 5.18727, -0.0355337, 5.35336, -0.402068, 4.87452, -0.0574452, 4.72032, -0.374811, 0.9
5.09089,-0.196419, 5.09928, -0.211545, 5.32461, -0.0169054, 5.43238, -0.359025, 4.95469, -0.0141799, 4.89721, -0.356143, 5.36968, -0.0183012, 5.40585, -0.347662, 4.93445, -0.00358642, 4.89987, -0.36134, 0.7
5.14321,-0.200115, 5.15392, -0.192501, 5.41904, -0.0323435, 5.39942, -0.374954, 4.95484, -0.014372, 4.96216, -0.371003, 5.40927, -0.0279715, 5.43238, -0.359025, 4.95469, -0.0141799, 4.98482, -0.368415, 0.2
5.18142,-0.200025, 5.17769, -0.182976, 5.41567, -0.0335199, 5.43635, -0.373628, 4.97316, -0.0234195, 4.96374, -0.370933, 5.41904, -0.0323435, 5.40544, -0.400289, 4.96129, -0.0397076, 4.96216, -0.371003, 0.1
5.29183,-0.175187, 5.31655, -0.165613, 5.62569, -0.0167936, 5.44185, -0.372495, 4.97854, -0.0224812, 5.15748, -0.35799, 5.61075, -0.0205624, 5.43635, -0.373628, 4.97316, -0.0234195, 5.15565, -0.357591, 0.9
5.33512,-0.184201, 5.36303, -0.185191, 5.60414, -0.00698487, 5.62936, -0.344881, 5.15798, 0.00238401, 5.15959, -0.35741, 5.62569, -0.0167936, 5.59191, -0.360557, 5.13299, -0.0105435, 5.15748, -0.35799, 0.4
5.47034,-0.174842, 5.50191, -0.145875, 5.77395, -0.0135593, 5.62944, -0.357501, 5.16503, 0.00290538, 5.33027, -0.346852, 5.81716, -0.00192166, 5.62936, -0.344881, 5.15798, 0.00238401, 5.37232, -0.351913, 0.9
5.57233,-0.18835, 5.59598, -0.179827, 5.77532, -0.0145821, 5.8952, -0.355762, 5.42374, -0.00086988, 5.33203, -0.347815, 5.77395, -0.0135593, 5.85528, -0.369055, 5.39377, -0.00864902, 5.33027, -0.346852, 0.8
5.62941,-0.164112, 5.64873, -0.184496, 5.88592, -0.00277049, 5.89709, -0.354094, 5.4246, 0.000706437, 5.42243, -0.340197, 5.8463, -0.0331917, 5.8952, -0.355762, 5.42374, -0.00086988, 5.40834, -0.367724, 0.1
5.74665,-0.200094, 5.79909, -0.127809, 5.89151, -0.0046038, 6.09311, -0.359202, 5.61725, -0.00997597, 5.42693, -0.341668, 6.0774, 0.00815775, 5.89709, -0.354094, 5.4246, 0.000706437, 5.61163, -0.328277, 0.9
5.80761,-0.190065, 5.86424, -0.178853, 6.11841, -0.0312078, 6.08118, -0.362206, 5.60802, -0.00132678, 5.64547, -0.373099, 6.09012, -0.0200669, 6.09311, -0.359202, 5.61725, -0.00997597, 5.62923, -0.357877, 0.6
5.85998,-0.188556, 5.89738, -0.1596, 6.11563, -0.029741, 6.13752, -0.359138, 5.66064, -0.00971398, 5.63625, -0.372548, 6.11841, -0.0312078, 6.10648, -0.409531, 5.63664, -0.0486519, 5.64547, -0.373099, 0.2
5.88597,-0.197296, 5.93609, -0.182473, 6.14578, -0.0277333, 6.13594, -0.358914, 5.65919, -0.0105634, 5.66645, -0.370163, 6.1377, -0.0342215, 6.13752, -0.359138, 5.66064, -0.00971398, 5.66022, -0.376813, 0.1
5.91833,-0.197757, 5.95075, -0.180288, 6.14725, -0.0278753, 6.1763, -0.36615, 5.69976, -0.0217808, 5.66809, -0.370146, 6.14578, -0.0277333, 6.14322, -0.401389, 5.66646, -0.0530381, 5.66645, -0.370163, 0.2
6.02018,-0.172268, 6.07514, -0.163621, 6.34623, -0.0129296, 6.18127, -0.365109, 5.704, -0.0208652, 5.86658, -0.356522, 6.34672, -0.017483, 6.1763, -0.36615, 5.69976, -0.0217808, 5.86605, -0.358846, 0.9
6.08843,-0.191433, 6.1334, -0.180498, 6.34253, -0.0106457, 6.39602, -0.350431, 5.91591, -0.00470461, 5.86661, -0.355711, 6.34623, -0.0129296, 6.35952, -0.372945, 5.88621, -0.0287012, 5.86658, -0.356522, 0.6
6.13071,-0.184165, 6.17922, -0.182637, 6.40174, -0.0122308, 6.39699, -0.349849, 5.916, -0.00438774, 5.92414, -0.355602, 6.39578, -0.0260182, 6.39602, -0.350431, 5.91591, -0.00470461, 5.92476, -0.37159, 0.1
6.15985,-0.183546, 6.19034, -0.163194, 6.40216, -0.0123303, 6.41609, -0.351737, 5.93584, -0.00951224, 5.92327, -0.354918, 6.40174, -0.0122308, 6.37683, -0.395071, 5.89658, -0.0496104, 5.92414, -0.355602, 0.1
6.2697,-0.152686, 6.31953, -0.146223, 6.59786, 0.00789348, 6.42165, -0.350184, 5.94062, -0.00806722, 6.11865, -0.336512, 6.59507, -0.00141421, 6.41609, -0.351737, 5.93584, -0.00951224, 6.11425, -0.343106, 0.9
6.32057,-0.164592, 6.38184, -0.163401, 6.58806, 0.0103411, 6.63339, -0.323032, 6.15343, 0.0218089, 6.11123, -0.350333, 6.59786, 0.00789348, 6.603, -0.355004, 6.12616, -0.0128875, 6.11865, -0.336512, 0.6
6.35793,-0.171518, 6.41271, -0.160529, 6.62981, 0.00588601, 6.63067, -0.324465, 6.1423, 0.0192394, 6.15143, -0.343271, 6.63549, -0.00119857, 6.63339, -0.323032, 6.15343, 0.0218089, 6.16347, -0.361835, 0.1
6.48004,-0.193691, 6.52821, -0.129219, 6.63153, 0.00350752, 6.82518, -0.350908, 6.34173, -0.00657514, 6.15283, -0.34486, 6.82202, 0.0148913, 6.63067, -0.324465, 6.1423, 0.0192394, 6.34238, -0.333359, 0.9
6.54789,-0.181802, 6.60724, -0.171666, 6.86294, -0.0160012, 6.81206, -0.352783, 6.33421, 0.00244989, 6.38351, -0.363454, 6.8492, -0.00755378, 6.82518, -0.350908, 6.34173, -0.00657514, 6.37378, -0.356179, 0.7
6.60968,-0.182477, 6.65018, -0.155799, 6.86637, -0.0124047, 6.89664, -0.351584, 6.41853, -0.00443776, 6.37624, -0.362209, 6.86294, -0.0160012, 6.8713, -0.395492, 6.3969, -0.0402593, 6.38351, -0.363454, 0.3
6.63725,-0.189348, 6.68658, -0.17559, 6.90244, -0.0160017, 6.89761, -0.351916, 6.41988, -0.00476983, 6.41865, -0.361049, 6.89782, -0.0204948, 6.89664, -0.351584, 6.41853, -0.00443776, 6.41031, -0.370075, 0.1
6.66265,-0.188213, 6.69279, -0.168855, 6.90016, -0.017258, 6.91208, -0.358073, 6.43452, -0.013808, 6.41779, -0.361226, 6.90244, -0.0160017, 6.87971, -0.394764, 6.40243, -0.047617, 6.41865, -0.361049, 0.1
6.764,-0.159964, 6.81893, -0.152353, 7.0916, 0.000955939, 6.9175, -0.356648, 6.43914, -0.012505, 6.6107, -0.343481, 7.09262, -0.00552104, 6.91208, -0.358073, 6.43452, -0.013808, 6.60817, -0.34847, 0.9
6.81692,-0.171774, 6.87615, -0.170726, 7.08656, 0.00380871, 7.12579, -0.331785, 6.64698, 0.0137105, 6.5995, -0.358907, 7.0916, 0.000955939, 7.09874, -0.361485, 6.62444, -0.0173426, 6.6107, -0.343481, 0.6
6.85298,-0.179043, 6.90731, -0.168748, 7.12533, -0.00141361, 7.12207, -0.333279, 6.64061, 0.0121643, 6.6426, -0.351352, 7.13383, -0.00727001, 7.12579, -0.331785, 6.64698, 0.0137105, 6.65147, -0.369663, 0.1
6.88302,-0.173438, 6.92815, -0.164279, 7.12063, -0.00337752, 7.13562, -0.34151, 6.65529, 0.00191511, 6.64079, -0.352165, 7.14441, -0.00865122, 7.12207, -0.333279, 6.64061, 0.0121643, 6.66347, -0.35861, 0.1
6.89448,-0.175504, 6.94628, -0.164616, 7.14272, -0.00370931, 7.13523, -0.341131, 6.65596, 0.00174138, 6.66331, -0.348317, 7.13934, -0.00775172, 7.13562, -0.34151, 6.65529, 0.00191511, 6.6606, -0.356528, 0.1
6.91783,-0.180906, 6.95522, -0.162824, 7.14013, -0.00460211, 7.17231, -0.348258, 6.69326, -0.00573078, 6.6614, -0.348515, 7.14272, -0.00370931, 7.14626, -0.378725, 6.66698, -0.0358526, 6.66331, -0.348317, 0.2
7.02509,-0.146154, 7.0711, -0.144884, 7.34011, 0.0116595, 7.17709, -0.34623, 6.69742, -0.00445968, 6.86078, -0.333041, 7.34169, 0.00436418, 7.17231, -0.348258, 6.69326, -0.00573078, 6.86149, -0.338845, 0.9
7.08322,-0.166798, 7.13641, -0.157904, 7.32627, 0.0137899, 7.38024, -0.325209, 6.88552, 0.0126046, 6.86021, -0.335094, 7.34011, 0.0116595, 7.35743, -0.350674, 6.88184, -0.0089029, 6.86078, -0.333041, 0.6
7.12299,-0.154061, 7.1641, -0.159813, 7.38116, 0.0157449, 7.38243, -0.324235, 6.88493, 0.0132748, 6.90741, -0.327693, 7.37792, 0.000104683, 7.38024, -0.325209, 6.88552, 0.0126046, 6.9167, -0.34969, 0.1
7.22812,-0.181428, 7.28855, -0.115698, 7.38671, 0.0141217, 7.56569, -0.344541, 7.08077, -0.0015747, 6.91179, -0.329235, 7.57144, 0.027073, 7.38243, -0.324235, 6.88493, 0.0132748, 7.0961, -0.315759, 0.9
7.29866,-0.173949, 7.36121, -0.158009, 7.60233, -0.00647515, 7.55398, -0.344857, 7.07927, -0.00085265, 7.12453, -0.351466, 7.60389, 0.00226822, 7.56569, -0.344541, 7.08077, -0.0015747, 7.13247, -0.341577, 0.7
7.35829,-0.179208, 7.39558, -0.149756, 7.60166, -0.00435742, 7.6379, -0.346848, 7.16038, -0.00427454, 7.119, -0.349803, 7.60233, -0.00647515, 7.61486, -0.385357, 7.14367, -0.0413526, 7.12453, -0.351466, 0.3
7.38112,-0.182337, 7.43044, -0.169988, 7.63836, -0.00993243, 7.63877, -0.346919, 7.16178, -0.00455265, 7.158, -0.353955, 7.63597, -0.0143139, 7.6379, -0.346848, 7.16038, -0.00427454, 7.15595, -0.359933, 0.1
7.40496,-0.184083, 7.43766, -0.162648, 7.63948, -0.0100489, 7.65631, -0.352317, 7.1776, -0.0111015, 7.15916, -0.353935, 7.63836, -0.00993243, 7.62042, -0.389813, 7.14396, -0.0474467, 7.158, -0.353955, 0.1
7.5031,-0.154725, 7.56139, -0.146256, 7.8295, 0.00411692, 7.65865, -0.351603, 7.17797, -0.0109835, 7.34967, -0.339739, 7.83309, 0.000532493, 7.65631, -0.352317, 7.1776, -0.0111015, 7.3508, -0.342469, 0.9
7.56055,-0.156573, 7.62703, -0.169151, 7.82197, 0.0124315, 7.87713, -0.319707, 7.39706, 0.0233064, 7.34842, -0.338907, 7.8295, 0.00411692, 7.86215, -0.357818, 7.38522, -0.0171985, 7.34967, -0.339739, 0.7
7.59858,-0.167047, 7.65334, -0.155703, 7.86228, 0.0105315, 7.87369, -0.321926, 7.39092, 0.022827, 7.38515, -0.33486, 7.87517, 0.000518345, 7.87713, -0.319707, 7.39706, 0.0233064, 7.40691, -0.350897, 0.1
7.63109,-0.163226, 7.67436, -0.150586, 7.86104, 0.00963782, 7.88637, -0.331151, 7.40569, 0.0117722, 7.38538, -0.33514, 7.8835, 0.00162239, 7.87369, -0.321926, 7.39092, 0.022827, 7.40825, -0.344008, 0.1
7.6415,-0.163445, 7.69267, -0.152343, 7.88421, 0.00828356, 7.88428, -0.331347, 7.40358, 0.0114407, 7.40641, -0.335001, 7.88222, 0.00348241, 7.88637, -0.331151, 7.40569, 0.0117722, 7.40771, -0.341587, 0.1
7.73507,-0.188213, 7.79832, -0.125797, 7.88898, 0.00660211, 8.06731, -0.351393, 7.58724, -0.00718862, 7.40957, -0.335747, 8.07611, 0.0197462, 7.88428, -0.331347, 7.40358, 0.0114407, 7.59641, -0.322734, 0.9
7.81516,-0.178769, 7.87406, -0.162744, 8.12192, -0.0113816, 8.06063, -0.35422, 7.58168, 0.00394274, 7.64238, -0.35595, 8.12804, -0.00251613, 8.06731, -0.351393, 7.58724, -0.00718862, 7.65155, -0.345162, 0.8
7.85902,-0.178744, 7.89903, -0.15223, 8.12372, -0.00786126, 8.12828, -0.349783, 7.64912, -0.000736955, 7.64045, -0.355557, 8.12192, -0.0113816, 8.10929, -0.387964, 7.635, -0.0298017, 7.64238, -0.35595, 0.2
7.97122,-0.155764, 8.02855, -0.143167, 8.3116, 0.00530516, 8.13391, -0.348556, 7.65409, 0.000299119, 7.83522, -0.337481, 8.32035, 0.00237705, 8.12828, -0.349783, 7.64912, -0.000736955, 7.83587, -0.344145, 0.9
8.06835,-0.170534, 8.12508, -0.17038, 8.31627, 0.00456224, 8.3938, -0.337223, 7.92438, 0.0114898, 7.83837, -0.339901, 8.3116, 0.00530516, 8.37911, -0.362542, 7.90228, -0.0136863, 7.83522, -0.337481, 0.9
8.10232,-0.181247, 8.15466, -0.178029, 8.37123, -0.00871714, 8.39603, -0.338001, 7.91368, 0.0122562, 7.89101, -0.349271, 8.38245, -0.00763335, 8.3938, -0.337223, 7.92438, 0.0114898, 7.9103, -0.352267, 0.1
8.22454,-0.195658, 8.26659, -0.146185, 8.37729, -0.00982404, 8.57506, -0.359838, 8.09399, -0.0129195, 7.8968, -0.349977, 8.56344, 0.00282466, 8.39603, -0.338001, 7.91368, 0.0122562, 8.08118, -0.336677, 0.9
8.32382,-0.18364, 8.36155, -0.175713, 8.64694, -0.0189868, 8.5799, -0.359285, 8.09263, -0.0319191, 8.16929, -0.361836, 8.63555, -0.0113416, 8.57506, -0.359838, 8.09399, -0.0129195, 8.15669, -0.351512, 0.9
8.47027,-0.219818, 8.47563, -0.18597, 8.6551, -0.0207929, 8.80927, -0.376181, 8.32514, -0.0400414, 8.14159, -0.348065, 8.64694, -0.0189868, 8.8063, -0.387046, 8.32099, -0.0596801, 8.16929, -0.361836, 0.9
8.56275,-0.20003, 8.59383, -0.184748, 8.91346, -0.0327246, 8.8144, -0.375206, 8.32864, -0.03939, 8.42025, -0.371775, 8.92131, -0.0298745, 8.80927, -0.376181, 8.32514, -0.0400414, 8.41074, -0.358281, 0.9
