0.0155534,0.0267771, 0.0807975, -0.0291291, 0.21059, 0.17321, 0.360173, -0.153434, -0.116972, 0.189973, -0.263588, -0.170821, 0.208834, 0.170702, 0.402064, -0.193866, -0.0771174, 0.151093, -0.267023, -0.172586, 0.9
0.127874,0.0206005, 0.140332, 0.027408, 0.425006, 0.184523, 0.363137, -0.152164, -0.111775, 0.189561, -0.0521338, -0.160033, 0.450428, 0.188613, 0.360173, -0.153434, -0.116972, 0.189973, -0.0234158, -0.15466, 0.9
0.255673,-0.0107914, 0.25633, 0.00748921, 0.430574, 0.181973, 0.56145, -0.172903, 0.0815199, 0.167947, -0.0456597, -0.162037, 0.425006, 0.184523, 0.609293, -0.159543, 0.135471, 0.182182, -0.0521338, -0.160033, 0.9
0.352506,0.0132026, 0.359318, 0.00926927, 0.647946, 0.186012, 0.566916, -0.171308, 0.0824153, 0.166857, 0.169958, -0.158596, 0.685595, 0.18486, 0.56145, -0.172903, 0.0815199, 0.167947, 0.210574, -0.160161, 0.9
0.451388,0.00688512, 0.479335, -0.00699654, 0.653462, 0.185419, 0.75822, -0.168492, 0.27901, 0.172649, 0.175493, -0.159033, 0.647946, 0.186012, 0.81957, -0.172285, 0.336759, 0.16588, 0.169958, -0.158596, 0.9
0.565297,0.026032, 0.558156, 0.0186035, 0.842978, 0.194564, 0.764014, -0.167094, 0.28421, 0.1739, 0.362887, -0.148918, 0.879292, 0.19039, 0.75822, -0.168492, 0.27901, 0.172649, 0.402804, -0.154513, 0.8
0.614424,-0.000751734, 0.622094, 0.0125786, 0.846799, 0.192802, 0.86712, -0.172447, 0.386372, 0.169036, 0.356559, -0.143381, 0.842978, 0.194564, 0.906159, -0.152327, 0.429452, 0.188667, 0.362887, -0.148918, 0.4
0.628739,0.0140589, 0.627464, 0.0060024, 0.867091, 0.189874, 0.868295, -0.171235, 0.376979, 0.163607, 0.382791, -0.14934, 0.893528, 0.1836, 0.86712, -0.172447, 0.386372, 0.169036, 0.405394, -0.154489, 0.1
0.640242,-0.00158528, 0.64088, 0.0170978, 0.86823, 0.188672, 0.882815, -0.173951, 0.39876, 0.165143, 0.381626, -0.149457, 0.888656, 0.189697, 0.868295, -0.171235, 0.376979, 0.163607, 0.404153, -0.15083, 0.1
0.648174,0.0105957, 0.64879, 0.00859993, 0.887361, 0.186141, 0.883622, -0.173056, 0.39837, 0.1649, 0.405041, -0.154117, 0.896612, 0.183171, 0.882815, -0.173951, 0.39876, 0.165143, 0.410115, -0.156565, 0.1
0.658549,-0.00167895, 0.660538, 0.00195148, 0.888314, 0.185309, 0.900101, -0.174827, 0.418538, 0.165533, 0.404405, -0.154161, 0.887361, 0.186141, 0.905584, -0.172553, 0.420386, 0.165403, 0.405041, -0.154117, 0.1
0.746081,0.0245974, 0.764195, 0.0333688, 1.05505, 0.191409, 0.905675, -0.173535, 0.423853, 0.165804, 0.577715, -0.148326, 1.08798, 0.19783, 0.900101, -0.174827, 0.418538, 0.165533, 0.600829, -0.141965, 0.9
0.827398,0.00644983, 0.848612, -0.00782444, 1.06204, 0.191009, 1.10524, -0.168493, 0.625912, 0.173216, 0.595597, -0.143604, 1.05505, 0.191409, 1.15802, -0.153058, 0.678942, 0.186281, 0.577715, -0.148326, 0.8
0.867403,0.0155051, 0.861606, -0.00334266, 1.11034, 0.192329, 1.1095, -0.168388, 0.625404, 0.169329, 0.640797, -0.149443, 1.14503, 0.188599, 1.10524, -0.168493, 0.625912, 0.173216, 0.68163, -0.147352, 0.2
0.885195,0.00304046, 0.875057, -0.000595186, 1.1118, 0.191741, 1.12685, -0.168486, 0.64587, 0.171186, 0.638868, -0.148974, 1.11034, 0.192329, 1.14598, -0.155856, 0.662455, 0.181861, 0.640797, -0.149443, 0.1
0.896243,0.0132612, 0.875299, 0.00557162, 1.13339, 0.18657, 1.13096, -0.170583, 0.647292, 0.170041, 0.656937, -0.153926, 1.13714, 0.191812, 1.12685, -0.168486, 0.64587, 0.171186, 0.663337, -0.150628, 0.1
0.990497,-0.0178873, 0.987781, -0.0266575, 1.14449, 0.187263, 1.30833, -0.182666, 0.838192, 0.153691, 0.660208, -0.1519, 1.13339, 0.18657, 1.34526, -0.169903, 0.85783, 0.170722, 0.656937, -0.153926, 0.9
1.06761,-0.00228917, 1.0563, 0.000400673, 1.34962, 0.176248, 1.31471, -0.181561, 0.834873, 0.158508, 0.869561, -0.165096, 1.38786, 0.184343, 1.30833, -0.182666, 0.838192, 0.153691, 0.904768, -0.156483, 0.8
1.09814,-0.00576797, 1.07359, 0.00100087, 1.35254, 0.17639, 1.33949, -0.178783, 0.859518, 0.160822, 0.860244, -0.154406, 1.34962, 0.176248, 1.39002, -0.161734, 0.91417, 0.178334, 0.869561, -0.165096, 0.1
1.11853,0.00729297, 1.08087, -0.0162519, 1.36935, 0.179275, 1.34134, -0.180963, 0.859298, 0.157214, 0.88479, -0.157827, 1.3528, 0.176337, 1.38126, -0.164544, 0.899955, 0.173648, 0.860389, -0.154486, 0.1
1.12696,-0.0041113, 1.09572, -0.016439, 1.3715, 0.179884, 1.36774, -0.177793, 0.887593, 0.162211, 0.884138, -0.158959, 1.36935, 0.179275, 1.39414, -0.150487, 0.911557, 0.187691, 0.88479, -0.157827, 0.1
1.21827,0.0147195, 1.19895, -0.0442639, 1.54323, 0.183358, 1.374, -0.179239, 0.890241, 0.158678, 1.06069, -0.157119, 1.3715, 0.179884, 1.59271, -0.167747, 1.10832, 0.172258, 0.884138, -0.158959, 0.9
1.27228,0.00575516, 1.25872, -0.0264508, 1.54747, 0.182898, 1.52359, -0.172126, 1.04285, 0.168222, 1.06445, -0.15759, 1.54323, 0.183358, 1.61329, -0.124649, 1.13219, 0.213269, 1.06069, -0.157119, 0.6
1.32272,0.0165896, 1.28042, -0.00449423, 1.58533, 0.188607, 1.54006, -0.171188, 1.05934, 0.169363, 1.10444, -0.15409, 1.54747, 0.182898, 1.61483, -0.14882, 1.13602, 0.191529, 1.06445, -0.15759, 0.2
1.34637,0.00409237, 1.31156, -0.0130372, 1.58753, 0.188604, 1.58919, -0.171544, 1.10848, 0.166836, 1.10398, -0.155584, 1.58533, 0.188607, 1.62607, -0.135971, 1.14487, 0.20458, 1.10444, -0.15409, 0.2
1.37356,0.0169766, 1.32228, 0.00451278, 1.62902, 0.193662, 1.59105, -0.170393, 1.10939, 0.167237, 1.1494, -0.152412, 1.63885, 0.19414, 1.58919, -0.171544, 1.10848, 0.166836, 1.15435, -0.152034, 0.2
1.46296,-0.00699491, 1.44288, -0.0332937, 1.63554, 0.193261, 1.77873, -0.175903, 1.29849, 0.164872, 1.15436, -0.154785, 1.62902, 0.193662, 1.83365, -0.14676, 1.34843, 0.190871, 1.1494, -0.152412, 0.9
1.55015,0.0127134, 1.51094, 0.00408973, 1.83606, 0.189655, 1.78524, -0.174897, 1.30427, 0.166, 1.35595, -0.155986, 1.87312, 0.197138, 1.77873, -0.175903, 1.29849, 0.164872, 1.39252, -0.152665, 0.8
1.57825,0.00637045, 1.5436, 7.23551e-05, 1.83854, 0.189286, 1.81587, -0.169093, 1.33614, 0.17228, 1.35849, -0.15632, 1.83606, 0.189655, 1.87773, -0.136109, 1.40046, 0.204788, 1.35595, -0.155986, 0.1
1.60249,0.0190247, 1.55624, -0.0138765, 1.85213, 0.190176, 1.8176, -0.168811, 1.33403, 0.171714, 1.37262, -0.152822, 1.83854, 0.189286, 1.86643, -0.141498, 1.38604, 0.199875, 1.35849, -0.15632, 0.1
1.60621,0.00827151, 1.5756, -0.0101286, 1.85512, 0.191426, 1.84554, -0.167058, 1.36491, 0.173893, 1.36264, -0.154245, 1.85213, 0.190176, 1.8766, -0.131692, 1.39237, 0.208833, 1.37262, -0.152822, 0.1
1.62112,0.0174405, 1.5808, -0.0126335, 1.87174, 0.191575, 1.84211, -0.166835, 1.36562, 0.174413, 1.38688, -0.15235, 1.85512, 0.191426, 1.89687, -0.137675, 1.41516, 0.203275, 1.36264, -0.154245, 0.1
1.7041,-0.0031619, 1.68968, -0.0313339, 1.87797, 0.190701, 2.02493, -0.172376, 1.54679, 0.170209, 1.38706, -0.150579, 1.87174, 0.191575, 2.07584, -0.147647, 1.59499, 0.193601, 1.38688, -0.15235, 0.9
1.80394,0.0162958, 1.76515, 0.010652, 2.10027, 0.191577, 2.03336, -0.171808, 1.55488, 0.170807, 1.61612, -0.151975, 2.13736, 0.196657, 2.02493, -0.172376, 1.54679, 0.170209, 1.64676, -0.146119, 0.9
1.83053,0.0121734, 1.79896, 0.00542294, 2.1019, 0.191325, 2.06697, -0.164317, 1.58834, 0.177863, 1.61614, -0.152812, 2.10027, 0.191577, 2.13295, -0.131173, 1.65872, 0.211443, 1.61612, -0.151975, 0.1
1.85727,0.0233264, 1.80955, -0.00776496, 2.11157, 0.194269, 2.06855, -0.163472, 1.58629, 0.178576, 1.62955, -0.148022, 2.1019, 0.191325, 2.11789, -0.13703, 1.63857, 0.205151, 1.61614, -0.152812, 0.1
1.86032,0.016929, 1.82953, -0.00573519, 2.11419, 0.195874, 2.09754, -0.15853, 1.61357, 0.182469, 1.62918, -0.149506, 2.11157, 0.194269, 2.12888, -0.125617, 1.64593, 0.216431, 1.62955, -0.148022, 0.1
1.94293,0.0255039, 1.9317, -0.0259859, 2.27786, 0.196516, 2.10439, -0.158271, 1.62034, 0.183068, 1.79625, -0.147338, 2.11419, 0.195874, 2.32576, -0.145498, 1.83748, 0.195502, 1.62918, -0.149506, 0.9
2.01366,0.0195242, 1.99602, -0.0142112, 2.2831, 0.196309, 2.28741, -0.155909, 1.80649, 0.186786, 1.80089, -0.147846, 2.27786, 0.196516, 2.36421, -0.108695, 1.88224, 0.232644, 1.79625, -0.147338, 0.7
2.076,0.0305334, 2.0216, 0.0133193, 2.34244, 0.204, 2.29311, -0.155081, 1.81244, 0.187594, 1.86428, -0.141254, 2.38034, 0.201398, 2.28741, -0.155909, 1.80649, 0.186786, 1.90005, -0.144564, 0.3
2.08753,0.0235477, 2.05356, 0.00581752, 2.3436, 0.203523, 2.32202, -0.15175, 1.84308, 0.189296, 1.85608, -0.136819, 2.34244, 0.204, 2.36361, -0.116173, 1.88348, 0.226502, 1.86428, -0.141254, 0.1
2.10575,0.0343783, 2.06172, 0.00168697, 2.35677, 0.205864, 2.31743, -0.15097, 1.84392, 0.189907, 1.87414, -0.135055, 2.3436, 0.203523, 2.37549, -0.120971, 1.8956, 0.220074, 1.85608, -0.136819, 0.1
2.11032,0.0270181, 2.07795, 0.00606011, 2.35864, 0.206993, 2.34689, -0.147308, 1.87052, 0.193871, 1.87442, -0.135876, 2.35677, 0.205864, 2.37671, -0.113854, 1.90235, 0.227022, 1.87414, -0.135055, 0.1
2.19293,0.038099, 2.18023, -0.0158468, 2.52065, 0.206819, 2.35052, -0.148041, 1.87211, 0.192098, 2.03899, -0.135772, 2.35864, 0.206993, 2.57549, -0.133746, 2.09472, 0.207433, 1.87442, -0.135876, 0.9
2.26373,0.0311506, 2.24556, -0.00239316, 2.53115, 0.208425, 2.53632, -0.144347, 2.05752, 0.197596, 2.04957, -0.134601, 2.52065, 0.206819, 2.61084, -0.0977204, 2.13445, 0.242418, 2.03899, -0.135772, 0.7
2.32353,0.0420008, 2.27297, 0.0260387, 2.58916, 0.211252, 2.54088, -0.144058, 2.06194, 0.198073, 2.10887, -0.130851, 2.62915, 0.212646, 2.53632, -0.144347, 2.05752, 0.197596, 2.14956, -0.132198, 0.3
2.33686,0.0373114, 2.30251, 0.0180533, 2.59246, 0.215926, 2.57382, -0.137922, 2.09485, 0.203537, 2.1149, -0.120491, 2.58916, 0.211252, 2.61027, -0.106403, 2.1319, 0.235729, 2.10887, -0.130851, 0.1
2.35737,0.049178, 2.31318, 0.0163316, 2.60813, 0.220172, 2.56825, -0.137082, 2.09174, 0.20302, 2.12974, -0.119192, 2.59246, 0.215926, 2.62573, -0.108943, 2.14608, 0.232516, 2.1149, -0.120491, 0.1
2.36128,0.0417142, 2.33012, 0.0202241, 2.6098, 0.221133, 2.59812, -0.132828, 2.12044, 0.208085, 2.12847, -0.120909, 2.60813, 0.220172, 2.6277, -0.0997745, 2.15049, 0.240327, 2.12974, -0.119192, 0.1
2.44515,0.0535232, 2.43205, -0.0014793, 2.77789, 0.223625, 2.60391, -0.132981, 2.12317, 0.206953, 2.29761, -0.118619, 2.6098, 0.221133, 2.82634, -0.119478, 2.34438, 0.221435, 2.12847, -0.120909, 0.9
2.51609,0.0465078, 2.497, 0.011419, 2.78304, 0.22349, 2.78377, -0.129112, 2.30432, 0.212903, 2.30254, -0.118939, 2.77789, 0.223625, 2.86544, -0.0810881, 2.38678, 0.258847, 2.29761, -0.118619, 0.7
2.57786,0.0581646, 2.52492, 0.0410437, 2.84507, 0.229436, 2.79376, -0.128762, 2.31411, 0.213623, 2.36582, -0.113907, 2.88082, 0.227971, 2.78377, -0.129112, 2.30432, 0.212903, 2.40228, -0.116305, 0.3
2.58957,0.0523149, 2.55663, 0.033617, 2.84499, 0.231258, 2.82071, -0.122892, 2.34391, 0.217588, 2.36642, -0.106132, 2.84507, 0.229436, 2.86355, -0.0905907, 2.38449, 0.251794, 2.36582, -0.113907, 0.1
2.6094,0.0636259, 2.56586, 0.0312629, 2.85705, 0.233659, 2.82084, -0.122275, 2.34467, 0.218134, 2.37833, -0.105726, 2.84499, 0.231258, 2.87261, -0.0938548, 2.3951, 0.246626, 2.36642, -0.106132, 0.1
2.61386,0.0565997, 2.5823, 0.0348547, 2.86211, 0.236047, 2.85104, -0.118045, 2.37349, 0.22305, 2.38107, -0.105822, 2.85705, 0.233659, 2.88005, -0.0851953, 2.40318, 0.255214, 2.37833, -0.105726, 0.1
2.69547,0.0674225, 2.68465, 0.013469, 3.02729, 0.237619, 2.85581, -0.11837, 2.37547, 0.221698, 2.54695, -0.104675, 2.86211, 0.236047, 3.0792, -0.10476, 2.59735, 0.236335, 2.38107, -0.105822, 0.9
2.76898,0.0620014, 2.74853, 0.0263052, 3.03634, 0.238828, 3.04151, -0.114059, 2.56207, 0.228059, 2.55591, -0.103596, 3.02729, 0.237619, 3.11622, -0.0677883, 2.63798, 0.27228, 2.54695, -0.104675, 0.7
2.8309,0.0737019, 2.7772, 0.0563848, 3.09543, 0.242357, 3.04616, -0.113637, 2.56656, 0.22867, 2.61561, -0.0995817, 3.13406, 0.243433, 3.04151, -0.114059, 2.56207, 0.228059, 2.65558, -0.100848, 0.3
2.8417,0.0669132, 2.8094, 0.0488277, 3.0978, 0.246676, 3.07911, -0.108297, 2.59974, 0.233168, 2.61393, -0.0901933, 3.09543, 0.242357, 3.11629, -0.0750793, 2.63727, 0.267228, 2.61561, -0.0995817, 0.1
2.8618,0.0794642, 2.81761, 0.045991, 3.11322, 0.250477, 3.07172, -0.107816, 2.5988, 0.233114, 2.63216, -0.0891511, 3.0978, 0.246676, 3.1311, -0.0791792, 2.65092, 0.262285, 2.61393, -0.0901933, 0.1
2.86534,0.0699442, 2.83479, 0.0507647, 3.11428, 0.251054, 3.10282, -0.105045, 2.62674, 0.236305, 2.62534, -0.0921897, 3.11322, 0.250477, 3.13077, -0.0708657, 2.65707, 0.270064, 2.63216, -0.0891511, 0.1
2.94683,0.0808598, 2.9346, 0.026612, 3.28148, 0.252454, 3.10837, -0.105273, 2.6302, 0.234851, 2.79852, -0.0903315, 3.11428, 0.251054, 3.33163, -0.0909699, 2.85109, 0.25038, 2.62534, -0.0921897, 0.9
3.02082,0.0738131, 2.99856, 0.0394354, 3.28708, 0.25223, 3.29325, -0.101873, 2.81463, 0.240052, 2.80393, -0.0908336, 3.28148, 0.252454, 3.3694, -0.0539056, 2.89322, 0.286218, 2.79852, -0.0903315, 0.7
3.07974,0.0849976, 3.0274, 0.0688832, 3.34211, 0.253759, 3.29757, -0.101513, 2.81886, 0.240593, 2.86121, -0.0880719, 3.3858, 0.256238, 3.29325, -0.101873, 2.81463, 0.240052, 2.90461, -0.0886966, 0.3
3.09313,0.0796531, 3.05838, 0.0606767, 3.34853, 0.25939, 3.33022, -0.0957541, 2.8508, 0.24542, 2.86905, -0.0799484, 3.34211, 0.253759, 3.36722, -0.0634554, 2.88907, 0.27865, 2.86121, -0.0880719, 0.1
3.11383,0.0918471, 3.06967, 0.0589111, 3.36514, 0.263425, 3.32502, -0.0948757, 2.84849, 0.245302, 2.88584, -0.0775918, 3.34853, 0.25939, 3.38171, -0.0671139, 2.90156, 0.27406, 2.86905, -0.0799484, 0.1
3.11684,0.0816636, 3.08662, 0.0629948, 3.36571, 0.263549, 3.3524, -0.0919542, 2.87483, 0.248654, 2.87223, -0.0793058, 3.36514, 0.263425, 3.38427, -0.0577219, 2.907, 0.282455, 2.88584, -0.0775918, 0.1
3.19991,0.0944877, 3.18578, 0.0383013, 3.53065, 0.264096, 3.35742, -0.0935791, 2.88225, 0.247422, 3.04512, -0.0785826, 3.36571, 0.263549, 3.58138, -0.077674, 3.09925, 0.262934, 2.87223, -0.0793058, 0.9
3.27044,0.0861229, 3.25178, 0.0529556, 3.53757, 0.264294, 3.54342, -0.0901668, 3.06612, 0.252738, 3.05269, -0.0774679, 3.53065, 0.264096, 3.61838, -0.0422287, 3.14516, 0.298772, 3.04512, -0.0785826, 0.7
3.32844,0.0959632, 3.27803, 0.0816362, 3.59313, 0.266045, 3.54794, -0.089819, 3.07014, 0.252637, 3.11148, -0.0752945, 3.6366, 0.267895, 3.54342, -0.0901668, 3.06612, 0.252738, 3.15373, -0.0757243, 0.3
3.34381,0.0917518, 3.3076, 0.0721292, 3.59905, 0.2715, 3.57979, -0.0838862, 3.10082, 0.257325, 3.11911, -0.0683343, 3.59313, 0.266045, 3.61701, -0.0524022, 3.13979, 0.290053, 3.11148, -0.0752945, 0.1
3.36367,0.103268, 3.32007, 0.0709676, 3.61581, 0.276045, 3.57535, -0.0828768, 3.09906, 0.257417, 3.13631, -0.0657469, 3.59905, 0.2715, 3.63158, -0.0550166, 3.15184, 0.286195, 3.11911, -0.0683343, 0.1
3.36682,0.0933561, 3.33655, 0.0748156, 3.61609, 0.275504, 3.60296, -0.0802873, 3.12546, 0.260435, 3.11973, -0.0667929, 3.61581, 0.276045, 3.63438, -0.0460393, 3.15736, 0.294254, 3.13631, -0.0657469, 0.1
3.45143,0.106859, 3.43587, 0.0503318, 3.78245, 0.276475, 3.60938, -0.0818017, 3.13387, 0.25947, 3.29678, -0.0650534, 3.61609, 0.275504, 3.83148, -0.0664035, 3.34941, 0.274319, 3.11973, -0.0667929, 0.9
3.52267,0.0972854, 3.50287, 0.0650577, 3.78779, 0.276191, 3.79435, -0.0786043, 3.31684, 0.264057, 3.30189, -0.0655758, 3.78245, 0.276475, 3.87056, -0.0300907, 3.39697, 0.311181, 3.29678, -0.0650534, 0.7
3.58087,0.108883, 3.52905, 0.0929245, 3.8441, 0.277906, 3.79899, -0.0782684, 3.32115, 0.264204, 3.36203, -0.0634779, 3.88716, 0.279682, 3.79435, -0.0786043, 3.31684, 0.264057, 3.40328, -0.063966, 0.3
3.59402,0.102924, 3.55974, 0.0848319, 3.84942, 0.283136, 3.83028, -0.072087, 3.35177, 0.269221, 3.36825, -0.0583484, 3.8441, 0.277906, 3.86824, -0.0405882, 3.39095, 0.301884, 3.36203, -0.0634779, 0.1
3.6893,0.121892, 3.6653, 0.0600154, 4.01795, 0.288847, 3.83182, -0.0717986, 3.35556, 0.268776, 3.53607, -0.0541503, 3.84942, 0.283136, 4.0592, -0.0587413, 3.57644, 0.282567, 3.36825, -0.0583484, 0.9
3.76845,0.106644, 3.74872, 0.0743397, 4.00699, 0.296876, 4.02323, -0.0745905, 3.56434, 0.272388, 3.54229, -0.0543885, 4.01795, 0.288847, 4.11874, -0.0179144, 3.64415, 0.32266, 3.53607, -0.0541503, 0.8
3.82206,0.124367, 3.76896, 0.104958, 4.07734, 0.299103, 4.02407, -0.0731501, 3.56802, 0.273662, 3.60537, -0.048462, 4.11791, 0.29571, 4.02323, -0.0745905, 3.56434, 0.272388, 3.65509, -0.0575143, 0.3
3.83003,0.110827, 3.80369, 0.105423, 4.07688, 0.298182, 4.05878, -0.0659743, 3.58953, 0.27757, 3.58788, -0.0401298, 4.07734, 0.299103, 4.08942, -0.0407358, 3.63371, 0.306077, 3.60537, -0.048462, 0.1
3.84637,0.125827, 3.8157, 0.0988425, 4.0885, 0.297008, 4.05692, -0.0679536, 3.59035, 0.277787, 3.60567, -0.0428131, 4.07688, 0.298182, 4.09945, -0.0491182, 3.62949, 0.294426, 3.58788, -0.0401298, 0.1
3.85183,0.112514, 3.83466, 0.104953, 4.09225, 0.298661, 4.08369, -0.0653992, 3.61067, 0.278004, 3.60754, -0.0430404, 4.0885, 0.297008, 4.10183, -0.0452182, 3.63465, 0.300523, 3.60567, -0.0428131, 0.1
3.86471,0.123686, 3.84304, 0.100622, 4.10874, 0.297333, 4.08455, -0.0647766, 3.61118, 0.278598, 3.62732, -0.0440884, 4.09225, 0.298661, 4.12008, -0.0516785, 3.64647, 0.291725, 3.60754, -0.0430404, 0.1
3.9695,0.0812621, 3.95229, 0.0824255, 4.11794, 0.297709, 4.27846, -0.0861909, 3.79467, 0.266798, 3.62831, -0.0421818, 4.10874, 0.297333, 4.30361, -0.0604674, 3.82629, 0.282907, 3.62732, -0.0440884, 0.9
4.04111,0.0940295, 4.04257, 0.105407, 4.33792, 0.281107, 4.27895, -0.0882421, 3.80051, 0.266933, 3.84847, -0.0604792, 4.38472, 0.295514, 4.27846, -0.0861909, 3.79467, 0.266798, 3.89576, -0.0462086, 0.9
4.17052,0.0638153, 4.15639, 0.0716993, 4.33501, 0.284852, 4.47784, -0.103911, 4.00052, 0.246635, 3.85706, -0.0620492, 4.33792, 0.281107, 4.53572, -0.0836222, 4.05854, 0.271553, 3.84847, -0.0604792, 0.9
4.27002,0.0902827, 4.26381, 0.0867851, 4.55079, 0.272694, 4.48238, -0.10307, 3.98558, 0.239272, 4.07317, -0.0715668, 4.59733, 0.283428, 4.47784, -0.103911, 4.00052, 0.246635, 4.12011, -0.0649086, 0.9
4.38015,0.0515585, 4.38525, 0.0617891, 4.5574, 0.269882, 4.6847, -0.117473, 4.19801, 0.226364, 4.07629, -0.0712166, 4.55079, 0.272694, 4.74399, -0.0932901, 4.24913, 0.249052, 4.07317, -0.0715668, 0.9
4.48544,0.0835937, 4.48474, 0.0812359, 4.77251, 0.263226, 4.69056, -0.115462, 4.19457, 0.223543, 4.29262, -0.0795674, 4.82067, 0.264898, 4.6847, -0.117473, 4.19801, 0.226364, 4.34121, -0.0779812, 0.9
4.59037,0.0465338, 4.60536, 0.0550187, 4.78012, 0.260645, 4.89718, -0.126586, 4.40718, 0.213602, 4.29895, -0.0815631, 4.77251, 0.263226, 4.95099, -0.107444, 4.45715, 0.23156, 4.29262, -0.0795674, 0.9
4.70281,0.0804297, 4.69899, 0.0765348, 4.99311, 0.258286, 4.90344, -0.124604, 4.40471, 0.211314, 4.51393, -0.0856333, 5.04215, 0.255808, 4.89718, -0.126586, 4.40718, 0.213602, 4.56273, -0.0880885, 0.9
4.79524,0.0462064, 4.81359, 0.0523192, 4.99816, 0.257049, 5.08734, -0.124853, 4.60019, 0.215664, 4.51374, -0.0829947, 4.99311, 0.258286, 5.14373, -0.112252, 4.64776, 0.223666, 4.51393, -0.0856333, 0.8
4.8479,0.0670995, 4.85081, 0.0610714, 5.0958, 0.24877, 5.09159, -0.126677, 4.59566, 0.209009, 4.61652, -0.0925425, 5.14267, 0.243862, 5.08734, -0.124853, 4.60019, 0.215664, 4.66162, -0.0983129, 0.4
4.87822,0.0461434, 4.8812, 0.0585994, 5.09832, 0.247519, 5.13072, -0.129284, 4.64473, 0.210223, 4.61675, -0.0926961, 5.0958, 0.24877, 5.1516, -0.124806, 4.65764, 0.21088, 4.61652, -0.0925425, 0.2
4.88872,0.0620009, 4.88784, 0.0590191, 5.12233, 0.238244, 5.1318, -0.12922, 4.63304, 0.203129, 4.64214, -0.102225, 5.13776, 0.236939, 5.13072, -0.129284, 4.64473, 0.210223, 4.65694, -0.105283, 0.1
4.9018,0.0418917, 4.90193, 0.0655797, 5.12488, 0.239325, 5.14549, -0.130962, 4.6581, 0.206919, 4.64268, -0.0990416, 5.14497, 0.237121, 5.1318, -0.12922, 4.63304, 0.203129, 4.66456, -0.10489, 0.1
4.91,0.0577511, 4.90986, 0.0546447, 5.14654, 0.233654, 5.14629, -0.130067, 4.65976, 0.205053, 4.66613, -0.106298, 5.15593, 0.231593, 5.14549, -0.130962, 4.6581, 0.206919, 4.67389, -0.108634, 0.1
5.01245,0.0163545, 5.01965, 0.0249305, 5.15518, 0.230226, 5.28959, -0.154604, 4.84906, 0.182502, 4.674, -0.106272, 5.14654, 0.233654, 5.34597, -0.144015, 4.85622, 0.191105, 4.66613, -0.106298, 0.9
5.0973,0.0348722, 5.097, 0.0392723, 5.3408, 0.223957, 5.29439, -0.153487, 4.85301, 0.171871, 4.87922, -0.122116, 5.3997, 0.22322, 5.28959, -0.154604, 4.84906, 0.182502, 4.9198, -0.114275, 0.8
5.15866,-0.0202457, 5.15071, 0.0231712, 5.33234, 0.217532, 5.38708, -0.175854, 4.92701, 0.160555, 4.88131, -0.125072, 5.3408, 0.223957, 5.40812, -0.139735, 4.96991, 0.185624, 4.87922, -0.122116, 0.3
5.13525,-0.0313428, 5.17548, -0.0020056, 5.37205, 0.169323, 5.38416, -0.176413, 4.92535, 0.157793, 4.90417, -0.171626, 5.40607, 0.203736, 5.38708, -0.175854, 4.92701, 0.160555, 4.95545, -0.141037, 0.2
5.15964,-0.0240237, 5.17051, -0.0165494, 5.37236, 0.169775, 5.39728, -0.187516, 4.92689, 0.151442, 4.90596, -0.170896, 5.40637, 0.159021, 5.38416, -0.176413, 4.92535, 0.157793, 4.93982, -0.182937, 0.1
5.16433,-0.0101971, 5.18794, -0.0111329, 5.39629, 0.164274, 5.39753, -0.18723, 4.92685, 0.15092, 4.92277, -0.176632, 5.40095, 0.161794, 5.39728, -0.187516, 4.92689, 0.151442, 4.93482, -0.180049, 0.1
5.27226,-0.0531623, 5.29524, 0.0227534, 5.40179, 0.16311, 5.58031, -0.214975, 5.10539, 0.133454, 4.92593, -0.175708, 5.59056, 0.178052, 5.39753, -0.18723, 4.92685, 0.15092, 5.114, -0.162379, 0.9
5.30056,-0.0566739, 5.3553, -0.0326292, 5.55688, 0.135894, 5.56876, -0.220118, 5.10775, 0.131398, 5.08105, -0.204162, 5.60405, 0.148625, 5.58031, -0.214975, 5.10539, 0.133454, 5.13098, -0.191699, 0.6
5.34912,-0.060733, 5.37147, -0.0480549, 5.55106, 0.131238, 5.59596, -0.225822, 5.12597, 0.12066, 5.08402, -0.204379, 5.63152, 0.12571, 5.56876, -0.220118, 5.10775, 0.131398, 5.15918, -0.215127, 0.2
5.36311,-0.0465852, 5.40371, -0.0493913, 5.59483, 0.125994, 5.5956, -0.224892, 5.12595, 0.119665, 5.12178, -0.21284, 5.6051, 0.12533, 5.59596, -0.225822, 5.12597, 0.12066, 5.13867, -0.211107, 0.2
5.37424,-0.0564453, 5.42126, -0.0411977, 5.59525, 0.125469, 5.6075, -0.227251, 5.13257, 0.115609, 5.12262, -0.213201, 5.61894, 0.12171, 5.5956, -0.224892, 5.12595, 0.119665, 5.14717, -0.217422, 0.1
5.39039,-0.0437638, 5.44325, -0.0395586, 5.6331, 0.127442, 5.60871, -0.226715, 5.13307, 0.116052, 5.15517, -0.212109, 5.64058, 0.119342, 5.6075, -0.227251, 5.13257, 0.115609, 5.16867, -0.219824, 0.2
5.39535,-0.0519097, 5.43835, -0.0358671, 5.63356, 0.126785, 5.6268, -0.224374, 5.14947, 0.118277, 5.15547, -0.212321, 5.6331, 0.127442, 5.61067, -0.252745, 5.13642, 0.0900221, 5.15517, -0.212109, 0.1
5.4175,-0.0380945, 5.45546, -0.041528, 5.6663, 0.130529, 5.62697, -0.224042, 5.14879, 0.118582, 5.18703, -0.209527, 5.63356, 0.126785, 5.6392, -0.26042, 5.1622, 0.0822303, 5.15547, -0.212321, 0.2
5.41813,-0.0450533, 5.46462, -0.0323932, 5.66553, 0.130822, 5.64497, -0.219466, 5.16787, 0.123387, 5.18648, -0.209162, 5.6663, 0.130529, 5.63193, -0.247579, 5.15526, 0.0950453, 5.18703, -0.209527, 0.1
5.4314,-0.0359455, 5.4672, -0.0329013, 5.67621, 0.132121, 5.6457, -0.219159, 5.16815, 0.123637, 5.19653, -0.207809, 5.66553, 0.130822, 5.63652, -0.252767, 5.16022, 0.0900851, 5.18648, -0.209162, 0.1
5.43248,-0.0432552, 5.47683, -0.0303763, 5.67266, 0.134297, 5.66552, -0.216242, 5.18753, 0.126796, 5.19221, -0.203933, 5.67267, 0.13464, 5.64341, -0.24528, 5.16649, 0.0975183, 5.19297, -0.205773, 0.1
5.51979,-0.0267787, 5.57488, -0.0531248, 5.83184, 0.144162, 5.66816, -0.215382, 5.18783, 0.126729, 5.35798, -0.198224, 5.67266, 0.134297, 5.83377, -0.265144, 5.3531, 0.0778935, 5.19221, -0.203933, 0.9
5.53412,-0.0797371, 5.62978, -0.0347048, 5.827, 0.143282, 5.82916, -0.209539, 5.32168, 0.0917092, 5.34949, -0.206328, 5.83184, 0.144162, 5.84876, -0.221964, 5.37259, 0.120147, 5.35798, -0.198224, 0.6
5.50599,-0.199527, 5.61043, -0.0461994, 5.80366, 0.067588, 5.7971, -0.229896, 5.31122, 0.0769574, 5.35705, -0.314779, 5.827, 0.143282, 5.89227, -0.244891, 5.38817, 0.0563567, 5.34949, -0.206328, 0.3
5.58533,-0.198148, 5.59059, -0.13178, 5.78615, 0.0524467, 5.87828, -0.303762, 5.39048, 0.0164356, 5.35048, -0.320792, 5.80366, 0.067588, 5.87139, -0.300301, 5.3842, 0.00655237, 5.35705, -0.314779, 0.5
5.63111,-0.136297, 5.63304, -0.162913, 5.83832, 0.0468524, 5.88328, -0.300297, 5.39427, 0.0208648, 5.37958, -0.309904, 5.85597, 0.0224814, 5.87828, -0.303762, 5.39048, 0.0164356, 5.42495, -0.353204, 0.1
5.6421,-0.146402, 5.68265, -0.124071, 5.83656, 0.0465939, 5.88609, -0.309435, 5.40288, 0.0235332, 5.37857, -0.308911, 5.86323, 0.0392515, 5.88328, -0.300297, 5.39427, 0.0208648, 5.40541, -0.318185, 0.1
5.63916,-0.140145, 5.69227, -0.129101, 5.86343, 0.0381935, 5.8842, -0.310971, 5.39905, 0.014573, 5.39205, -0.308905, 5.86612, 0.0349289, 5.88609, -0.309435, 5.40288, 0.0235332, 5.40914, -0.321532, 0.1
5.65081,-0.152661, 5.69901, -0.126884, 5.86436, 0.0375815, 5.8913, -0.319353, 5.40979, 0.0157909, 5.39229, -0.309484, 5.88676, 0.0300049, 5.8842, -0.310971, 5.39905, 0.014573, 5.4167, -0.31765, 0.1
5.65343,-0.143405, 5.70471, -0.135047, 5.88295, 0.032772, 5.89108, -0.319385, 5.4089, 0.0149587, 5.40657, -0.310502, 5.89245, 0.0261073, 5.8913, -0.319353, 5.40979, 0.0157909, 5.4217, -0.321833, 0.1
5.75263,-0.186732, 5.80634, -0.105288, 5.88824, 0.0305915, 6.06559, -0.342873, 5.58584, -0.00165708, 5.41061, -0.312375, 6.07743, 0.042764, 5.89108, -0.319385, 5.4089, 0.0149587, 5.59902, -0.299891, 0.9
5.79434,-0.186839, 5.87341, -0.15767, 6.0596, 0.00444214, 6.06208, -0.349441, 5.57583, 0.00521738, 5.58037, -0.338894, 6.11255, 0.0138951, 6.06559, -0.342873, 5.58584, -0.00165708, 5.63846, -0.330193, 0.7
5.82332,-0.182574, 5.87134, -0.17627, 6.05499, -0.00396669, 6.0652, -0.351357, 5.58226, -0.00526298, 5.56962, -0.338182, 6.11795, -0.0119286, 6.06208, -0.349441, 5.57583, 0.00521738, 5.6444, -0.356464, 0.1
5.86595,-0.161788, 5.9158, -0.157622, 6.13011, 0.00477496, 6.06705, -0.350453, 5.58336, -0.00735694, 5.64833, -0.333571, 6.14361, -0.00616604, 6.0652, -0.351357, 5.58226, -0.00526298, 5.65853, -0.340733, 0.4
5.87771,-0.169603, 5.92499, -0.159426, 6.13086, 0.00402747, 6.11121, -0.344237, 5.63247, -0.00190144, 5.64909, -0.334066, 6.13011, 0.00477496, 6.11225, -0.367543, 5.63096, -0.0244463, 5.64833, -0.333571, 0.2
5.89522,-0.161502, 5.92895, -0.155696, 6.13735, 0.00787584, 6.11249, -0.343781, 5.63337, -0.00153233, 5.65679, -0.331901, 6.13086, 0.00402747, 6.10796, -0.376509, 5.6306, -0.0341736, 5.64909, -0.334066, 0.1
5.89734,-0.169435, 5.94017, -0.15588, 6.13684, 0.00801967, 6.12678, -0.342457, 5.64863, 0.000238232, 5.65577, -0.330533, 6.13735, 0.00787584, 6.10989, -0.369971, 5.63156, -0.0277228, 5.65679, -0.331901, 0.1
5.91903,-0.155834, 5.95673, -0.159459, 6.16946, 0.0106151, 6.12788, -0.341902, 5.64922, 0.000737948, 5.68893, -0.328837, 6.13684, 0.00801967, 6.13994, -0.377773, 5.66209, -0.0350778, 5.65577, -0.330533, 0.2
5.91911,-0.162961, 5.96575, -0.150345, 6.1677, 0.0124646, 6.14607, -0.337269, 5.66861, 0.00558112, 5.68701, -0.327255, 6.16946, 0.0106151, 6.13327, -0.365046, 5.6561, -0.0224057, 5.68893, -0.328837, 0.1
5.93322,-0.153064, 5.96809, -0.150882, 6.17553, 0.0153189, 6.14695, -0.336881, 5.66903, 0.00591048, 5.69517, -0.324747, 6.1677, 0.0124646, 6.1378, -0.37042, 5.66112, -0.0275703, 5.68701, -0.327255, 0.1
5.93391,-0.161392, 5.97846, -0.14768, 6.17429, 0.0161249, 6.16384, -0.334696, 5.68446, 0.00794983, 5.69308, -0.321812, 6.17553, 0.0153189, 6.14449, -0.363043, 5.66737, -0.0202516, 5.69517, -0.324747, 0.1
6.02709,-0.144084, 6.07626, -0.171302, 6.32922, 0.0258323, 6.16932, -0.333142, 5.68877, 0.00885026, 5.85785, -0.316382, 6.17429, 0.0161249, 6.33219, -0.383505, 5.85012, -0.0408592, 5.69308, -0.321812, 0.9
6.08277,-0.164708, 6.13378, -0.153498, 6.325, 0.0253694, 6.32468, -0.339426, 5.84091, 0.00302199, 5.85639, -0.320142, 6.32922, 0.0258323, 6.35181, -0.337261, 5.87537, 0.00473132, 5.85785, -0.316382, 0.6
6.13394,-0.131226, 6.16749, -0.148723, 6.38418, 0.0348281, 6.32216, -0.33598, 5.83879, 0.00388904, 5.91031, -0.307328, 6.325, 0.0253694, 6.38826, -0.370557, 5.90752, -0.0281091, 5.85639, -0.320142, 0.3
6.13467,-0.14103, 6.19098, -0.137974, 6.38425, 0.0341063, 6.36945, -0.323139, 5.8886, 0.0179573, 5.90956, -0.307879, 6.38418, 0.0348281, 6.3651, -0.349183, 5.88381, -0.00931435, 5.91031, -0.307328, 0.2
6.15268,-0.13519, 6.18619, -0.130055, 6.39368, 0.0359293, 6.37048, -0.322808, 5.88945, 0.0182378, 5.91632, -0.305718, 6.38425, 0.0341063, 6.36707, -0.353655, 5.88778, -0.0125578, 5.90956, -0.307879, 0.1
6.15671,-0.146312, 6.19742, -0.131826, 6.39297, 0.0364803, 6.3896, -0.320055, 5.90992, 0.0215828, 5.91285, -0.295815, 6.39368, 0.0359293, 6.36894, -0.347339, 5.88883, -0.00629329, 5.91632, -0.305718, 0.1
6.16723,-0.133022, 6.20193, -0.134233, 6.40305, 0.0379207, 6.38857, -0.320122, 5.90837, 0.0213778, 5.92369, -0.300192, 6.39297, 0.0364803, 6.38175, -0.352074, 5.90302, -0.0104367, 5.91285, -0.295815, 0.1
6.17043,-0.145104, 6.21437, -0.127488, 6.40337, 0.0372237, 6.40352, -0.318528, 5.92412, 0.0236825, 5.92353, -0.299801, 6.40305, 0.0379207, 6.38348, -0.347928, 5.90424, -0.00642805, 5.92369, -0.300192, 0.1
6.17968,-0.133343, 6.21824, -0.131536, 6.41822, 0.0366136, 6.40326, -0.318438, 5.92336, 0.0230157, 5.93835, -0.302354, 6.40337, 0.0372237, 6.39293, -0.353127, 5.91439, -0.0109161, 5.92353, -0.299801, 0.1
6.1841,-0.144322, 6.22682, -0.126548, 6.41635, 0.0376746, 6.41909, -0.318177, 5.93979, 0.0239218, 5.9349, -0.295119, 6.41822, 0.0366136, 6.39723, -0.347355, 5.91826, -0.005902, 5.93835, -0.302354, 0.1
6.28346,-0.102633, 6.33605, -0.101625, 6.59801, 0.0587194, 6.4238, -0.316812, 5.9385, 0.0220865, 6.11771, -0.280998, 6.61412, 0.044533, 6.41909, -0.318177, 5.93979, 0.0239218, 6.13094, -0.28805, 0.9
6.31363,-0.0869127, 6.39827, -0.118731, 6.5951, 0.0661644, 6.57097, -0.282879, 6.08756, 0.0587322, 6.11691, -0.279522, 6.59801, 0.0587194, 6.61187, -0.312735, 6.13113, 0.026164, 6.11771, -0.280998, 0.6
6.37162,-0.0831171, 6.40687, -0.0782893, 6.63678, 0.0787621, 6.56534, -0.279176, 6.07507, 0.0548467, 6.1567, -0.262009, 6.5951, 0.0661644, 6.63202, -0.314551, 6.15189, 0.0270602, 6.11691, -0.279522, 0.3
6.37797,-0.0948574, 6.42624, -0.0891078, 6.63666, 0.0780362, 6.61319, -0.272191, 6.13054, 0.067698, 6.15658, -0.262311, 6.63678, 0.0787621, 6.61071, -0.291188, 6.12241, 0.0428347, 6.1567, -0.262009, 0.2
6.39869,-0.0863412, 6.42869, -0.0828963, 6.64295, 0.0809865, 6.61194, -0.271664, 6.12955, 0.0677342, 6.16284, -0.259059, 6.63666, 0.0780362, 6.61203, -0.302557, 6.13086, 0.0373324, 6.15658, -0.262311, 0.1
6.39877,-0.0955277, 6.44222, -0.0831252, 6.64106, 0.0823339, 6.62961, -0.269284, 6.14972, 0.072643, 6.15933, -0.252739, 6.64295, 0.0809865, 6.61185, -0.29528, 6.13035, 0.0441182, 6.16284, -0.259059, 0.1
6.41075,-0.0841421, 6.44621, -0.0829188, 6.65062, 0.0851678, 6.6293, -0.26883, 6.14918, 0.0729617, 6.16992, -0.253134, 6.64106, 0.0823339, 6.62096, -0.302506, 6.14193, 0.0394212, 6.15933, -0.252739, 0.1
6.41275,-0.0941248, 6.45655, -0.0784858, 6.64982, 0.0853825, 6.64364, -0.267692, 6.1648, 0.074984, 6.16882, -0.252227, 6.65062, 0.0851678, 6.62563, -0.295799, 6.1464, 0.0459936, 6.16992, -0.253134, 0.1
6.42221,-0.0840046, 6.46041, -0.0810528, 6.66363, 0.0853814, 6.64427, -0.26722, 6.16421, 0.0744607, 6.18322, -0.253659, 6.64982, 0.0853825, 6.63399, -0.30159, 6.15595, 0.0410858, 6.16882, -0.252227, 0.1
6.42626,-0.093834, 6.4688, -0.077234, 6.66063, 0.0867956, 6.65797, -0.266705, 6.1792, 0.0754883, 6.17934, -0.249296, 6.66363, 0.0853814, 6.63915, -0.295547, 6.15992, 0.0461336, 6.18322, -0.253659, 0.1
6.43427,-0.0837217, 6.47376, -0.0801249, 6.67404, 0.0872292, 6.65865, -0.266151, 6.17925, 0.0759847, 6.19356, -0.251343, 6.66063, 0.0867956, 6.64766, -0.301156, 6.16969, 0.0410375, 6.17934, -0.249296, 0.1
6.53055,-0.124861, 6.57557, -0.0990089, 6.67745, 0.0862571, 6.84333, -0.28888, 6.36401, 0.05549, 6.19074, -0.248746, 6.67404, 0.0872292, 6.83037, -0.31031, 6.34832, 0.0318258, 6.19356, -0.251343, 0.9
6.55289,-0.136067, 6.62934, -0.102927, 6.80497, 0.057225, 6.83725, -0.29457, 6.35415, 0.069395, 6.32273, -0.282629, 6.85747, 0.0658937, 6.84333, -0.28888, 6.36401, 0.05549, 6.37516, -0.270439, 0.5
6.59273,-0.137076, 6.63463, -0.118858, 6.79288, 0.0507403, 6.85195, -0.302712, 6.3694, 0.0458074, 6.29644, -0.28001, 6.87828, 0.0428347, 6.83725, -0.29457, 6.35415, 0.069395, 6.40006, -0.297937, 0.2
6.62408,-0.119869, 6.67655, -0.111191, 6.87944, 0.0517862, 6.85267, -0.301702, 6.36828, 0.041081, 6.39336, -0.286239, 6.89549, 0.0436219, 6.85195, -0.302712, 6.3694, 0.0458074, 6.39988, -0.287825, 0.4
6.63635,-0.127774, 6.67658, -0.107675, 6.88039, 0.051156, 6.86822, -0.300018, 6.38672, 0.0421009, 6.3943, -0.28655, 6.87944, 0.0517862, 6.8651, -0.326159, 6.3834, 0.0166233, 6.39336, -0.286239, 0.1
6.64774,-0.116594, 6.68401, -0.115226, 6.88759, 0.0545157, 6.86859, -0.299937, 6.38535, 0.0412063, 6.40501, -0.28463, 6.88039, 0.051156, 6.85958, -0.333116, 6.37889, 0.00900305, 6.3943, -0.28655, 0.1
6.65033,-0.126057, 6.69343, -0.110864, 6.88788, 0.0536867, 6.88191, -0.298924, 6.40059, 0.0415977, 6.4048, -0.283142, 6.88759, 0.0545157, 6.86489, -0.326872, 6.38255, 0.014271, 6.40501, -0.28463, 0.1
6.67155,-0.111088, 6.70958, -0.115936, 6.91966, 0.0581293, 6.8833, -0.298115, 6.40126, 0.0423567, 6.4383, -0.281047, 6.88788, 0.0536867, 6.89459, -0.334523, 6.41366, 0.0059988, 6.4048, -0.283142, 0.2
6.67272,-0.119857, 6.71853, -0.106264, 6.91958, 0.0577043, 6.90132, -0.294189, 6.42113, 0.0476945, 6.43744, -0.280699, 6.91966, 0.0581293, 6.88845, -0.321093, 6.40798, 0.0193777, 6.4383, -0.281047, 0.1
6.68626,-0.108541, 6.7213, -0.107695, 6.92653, 0.0616303, 6.90245, -0.293651, 6.42163, 0.0483422, 6.44544, -0.278231, 6.91958, 0.0577043, 6.89286, -0.327394, 6.41353, 0.0144893, 6.43744, -0.280699, 0.1
6.6878,-0.1186, 6.73172, -0.103623, 6.92695, 0.0609873, 6.92096, -0.292003, 6.44141, 0.0503248, 6.4441, -0.272918, 6.92653, 0.0616303, 6.89972, -0.319764, 6.41978, 0.0222289, 6.44544, -0.278231, 0.1
6.79424,-0.0738177, 6.82843, -0.12909, 7.09985, 0.0890961, 6.92553, -0.288607, 6.44486, 0.0523618, 6.62243, -0.252103, 6.92695, 0.0609873, 7.09051, -0.33942, 6.60831, 0.0029081, 6.4441, -0.272918, 0.9
6.81561,-0.0728146, 6.88982, -0.0915724, 7.1006, 0.0889751, 7.05813, -0.264466, 6.5789, 0.0791366, 6.61645, -0.278034, 7.09985, 0.0890961, 7.09232, -0.282134, 6.61646, 0.0588347, 6.62243, -0.252103, 0.5
6.86832,-0.0660444, 6.90132, -0.0678534, 7.1369, 0.096027, 7.04904, -0.259113, 6.55428, 0.0743584, 6.65413, -0.253721, 7.1006, 0.0889751, 7.12082, -0.291873, 6.64388, 0.0517294, 6.61645, -0.278034, 0.3
6.889,-0.0811072, 6.94264, -0.0802671, 7.13629, 0.0969683, 7.14151, -0.255992, 6.65678, 0.0836638, 6.65407, -0.252745, 7.1369, 0.096027, 7.14432, -0.270352, 6.65052, 0.06312, 6.65413, -0.253721, 0.4
6.99678,-0.055965, 7.04852, -0.0488194, 7.31232, 0.106988, 7.14546, -0.254759, 6.66201, 0.0843994, 6.82996, -0.237513, 7.3464, 0.105082, 7.14151, -0.255992, 6.65678, 0.0836638, 6.86405, -0.244037, 0.9
7.06394,-0.0685635, 7.12904, -0.0755355, 7.30796, 0.111398, 7.33717, -0.249708, 6.84429, 0.0905865, 6.83029, -0.238518, 7.31232, 0.106988, 7.37341, -0.260448, 6.89322, 0.0787107, 6.82996, -0.237513, 0.8
7.10047,-0.0558689, 7.13901, -0.0687245, 7.33254, 0.112734, 7.3385, -0.249322, 6.84472, 0.0910398, 6.8539, -0.231827, 7.3691, 0.0983186, 7.33717, -0.249708, 6.84429, 0.0905865, 6.89702, -0.252574, 0.1
7.11952,-0.0783927, 7.17082, -0.0453746, 7.33037, 0.113336, 7.36662, -0.25082, 6.88151, 0.0897628, 6.85166, -0.231323, 7.37325, 0.110627, 7.3385, -0.249322, 6.84472, 0.0910398, 6.89501, -0.234323, 0.2
7.13358,-0.0667184, 7.18645, -0.05904, 7.37229, 0.108674, 7.3676, -0.250275, 6.88209, 0.0900665, 6.89277, -0.234411, 7.38716, 0.102289, 7.36662, -0.25082, 6.88151, 0.0897628, 6.90999, -0.243256, 0.2
7.14345,-0.0788259, 7.18477, -0.0558772, 7.37325, 0.108193, 7.3789, -0.250637, 6.89711, 0.090356, 6.89322, -0.235206, 7.37229, 0.108674, 7.36429, -0.28092, 6.88032, 0.0594211, 6.89277, -0.234411, 0.1
7.15023,-0.0683692, 7.20392, -0.0618222, 7.38589, 0.105594, 7.37953, -0.249877, 6.89728, 0.0908366, 6.90645, -0.237121, 7.39851, 0.0977149, 7.3789, -0.250637, 6.89711, 0.090356, 6.91996, -0.24641, 0.1
7.16924,-0.0837739, 7.21123, -0.0618569, 7.38674, 0.105174, 7.41462, -0.253881, 6.93398, 0.0877866, 6.90494, -0.23356, 7.38589, 0.105594, 7.39292, -0.283594, 6.91108, 0.0571198, 6.90645, -0.237121, 0.2
7.2644,-0.0435897, 7.32002, -0.0415404, 7.57473, 0.121782, 7.42012, -0.251947, 6.93748, 0.0891914, 7.09427, -0.220619, 7.59347, 0.109484, 7.41462, -0.253881, 6.93398, 0.0877866, 7.1105, -0.229084, 0.9
7.31069,-0.0393309, 7.38826, -0.060165, 7.56872, 0.128269, 7.58106, -0.229111, 7.09538, 0.116052, 7.08662, -0.24092, 7.57473, 0.121782, 7.62268, -0.257536, 7.144, 0.0836022, 7.09427, -0.220619, 0.7
7.34893,-0.0456216, 7.40031, -0.043202, 7.59843, 0.12521, 7.57766, -0.222523, 7.0905, 0.115769, 7.11711, -0.226272, 7.63748, 0.124822, 7.58106, -0.229111, 7.09538, 0.116052, 7.15934, -0.244029, 0.2
7.39116,-0.0654323, 7.43223, -0.0444971, 7.59885, 0.124693, 7.65524, -0.231673, 7.17335, 0.109622, 7.11599, -0.226147, 7.59843, 0.12521, 7.64559, -0.255362, 7.15833, 0.0829304, 7.11711, -0.226272, 0.4
7.39652,-0.062303, 7.44622, -0.0555648, 7.62285, 0.115564, 7.65493, -0.231501, 7.1736, 0.109185, 7.14196, -0.230123, 7.64498, 0.11145, 7.65524, -0.231673, 7.17335, 0.109622, 7.16508, -0.240178, 0.1
7.41326,-0.072209, 7.45677, -0.050103, 7.62369, 0.115053, 7.65887, -0.238209, 7.17901, 0.103111, 7.14137, -0.230041, 7.6468, 0.107553, 7.65493, -0.231501, 7.1736, 0.109185, 7.16713, -0.238459, 0.1
7.41186,-0.0668339, 7.46472, -0.0571245, 7.64063, 0.108973, 7.6565, -0.239778, 7.17606, 0.099748, 7.16067, -0.234823, 7.65129, 0.10491, 7.65887, -0.238209, 7.17901, 0.103111, 7.17014, -0.240869, 0.1
7.49649,-0.080536, 7.56698, -0.0290724, 7.64541, 0.108094, 7.81603, -0.249615, 7.33855, 0.0924299, 7.16495, -0.235575, 7.83509, 0.11908, 7.6565, -0.239778, 7.17606, 0.099748, 7.35308, -0.223904, 0.9
7.56359,-0.0708923, 7.62177, -0.0620464, 7.82194, 0.105963, 7.81208, -0.250562, 7.33611, 0.0956698, 7.34051, -0.238104, 7.85977, 0.0999425, 7.81603, -0.249615, 7.33855, 0.0924299, 7.38234, -0.243932, 0.7
7.60932,-0.0877929, 7.65221, -0.0513087, 7.81974, 0.102134, 7.86626, -0.255218, 7.38824, 0.088342, 7.33191, -0.233957, 7.82194, 0.105963, 7.87511, -0.285355, 7.4026, 0.0608765, 7.34051, -0.238104, 0.3
7.61163,-0.0815949, 7.66675, -0.0729947, 7.83992, 0.0948434, 7.8643, -0.254917, 7.3875, 0.0878519, 7.35759, -0.245178, 7.86178, 0.0874722, 7.86626, -0.255218, 7.38824, 0.088342, 7.37666, -0.249571, 0.1
7.63784,-0.0947581, 7.68736, -0.0658667, 7.8414, 0.0941544, 7.89271, -0.261783, 7.41396, 0.0796214, 7.35852, -0.245811, 7.88488, 0.0887748, 7.8643, -0.254917, 7.3875, 0.0878519, 7.40338, -0.251378, 0.2
7.63677,-0.0913562, 7.69324, -0.0816373, 7.86318, 0.0857625, 7.89121, -0.263212, 7.41079, 0.0764516, 7.38222, -0.255874, 7.87747, 0.0811233, 7.89271, -0.261783, 7.41396, 0.0796214, 7.3965, -0.259752, 0.1
7.65346,-0.103479, 7.70031, -0.0788648, 7.86447, 0.0853685, 7.89556, -0.271067, 7.41515, 0.06939, 7.3829, -0.25658, 7.88665, 0.0775767, 7.89121, -0.263212, 7.41079, 0.0764516, 7.40696, -0.264386, 0.1
7.65323,-0.0949538, 7.70698, -0.0868798, 7.88458, 0.0805084, 7.89584, -0.270476, 7.41319, 0.0620875, 7.40459, -0.261596, 7.89258, 0.0743018, 7.89556, -0.271067, 7.41515, 0.06939, 7.41235, -0.268461, 0.1
7.75006,-0.133353, 7.80697, -0.0571548, 7.88939, 0.0784396, 8.06939, -0.298109, 7.58954, 0.0425417, 7.40659, -0.261779, 8.07938, 0.0903755, 7.89584, -0.270476, 7.41319, 0.0620875, 7.59742, -0.251064, 0.9
7.80441,-0.141418, 7.8806, -0.101271, 8.08084, 0.0511383, 8.06676, -0.300598, 7.58207, 0.0429684, 7.60016, -0.291514, 8.13579, 0.0638973, 8.06939, -0.298109, 7.58954, 0.0425417, 7.65616, -0.277325, 0.8
7.85965,-0.143212, 7.89638, -0.111053, 8.0797, 0.0498998, 8.1192, -0.307895, 7.63723, 0.0343864, 7.59471, -0.292361, 8.08084, 0.0511383, 8.13144, -0.34132, 7.65091, 0.00224706, 7.60016, -0.291514, 0.3
7.8802,-0.129779, 7.92951, -0.124943, 8.11818, 0.0449358, 8.11861, -0.307657, 7.63659, 0.0339433, 7.63614, -0.296423, 8.14216, 0.0379045, 8.1192, -0.307895, 7.63723, 0.0343864, 7.65949, -0.305191, 0.2
7.90396,-0.144359, 7.94297, -0.119642, 8.11969, 0.0441117, 8.15114, -0.312769, 7.67039, 0.0285874, 7.63711, -0.297158, 8.11818, 0.0449358, 8.13609, -0.341617, 7.65496, -1.64022e-05, 7.63614, -0.296423, 0.2
7.99517,-0.109023, 8.05344, -0.103013, 8.30027, 0.0528934, 8.15558, -0.311134, 7.67308, 0.029045, 7.82374, -0.287898, 8.32598, 0.0491628, 8.15114, -0.312769, 7.67039, 0.0285874, 7.84214, -0.291844, 0.9
8.0712,-0.131063, 8.13111, -0.126277, 8.30493, 0.0523258, 8.35178, -0.305559, 7.8715, 0.0365453, 7.82583, -0.285414, 8.30027, 0.0528934, 8.378, -0.320639, 7.89898, 0.0195402, 7.82374, -0.287898, 0.8
8.09287,-0.126288, 8.14034, -0.135115, 8.32949, 0.0475613, 8.3532, -0.305418, 7.84275, 0.0168366, 7.84888, -0.290981, 8.36619, 0.0409911, 8.35178, -0.305559, 7.8715, 0.0365453, 7.89223, -0.29775, 0.1
8.12217,-0.148485, 8.15504, -0.119466, 8.3308, 0.0474669, 8.37906, -0.316634, 7.88684, 0.0177011, 7.84753, -0.289254, 8.36968, 0.0475119, 8.3532, -0.305418, 7.84275, 0.0168366, 7.88942, -0.291752, 0.2
8.1378,-0.132954, 8.16876, -0.132107, 8.37787, 0.0416923, 8.38039, -0.31594, 7.88691, 0.018093, 7.89684, -0.297846, 8.38956, 0.0380993, 8.37906, -0.316634, 7.88684, 0.0177011, 7.90734, -0.300013, 0.2
8.23574,-0.171195, 8.27342, -0.101119, 8.38229, 0.0411878, 8.55218, -0.329845, 8.06684, 0.0092212, 7.899, -0.296406, 8.57723, 0.0543198, 8.38039, -0.31594, 7.88691, 0.018093, 8.09416, -0.285195, 0.9
8.31142,-0.174203, 8.36007, -0.138174, 8.60324, 0.016088, 8.56308, -0.335316, 8.08224, 0.0108, 8.09847, -0.319753, 8.65038, 0.0311157, 8.55218, -0.329845, 8.06684, 0.0092212, 8.16934, -0.307649, 0.9
8.43014,-0.192979, 8.45182, -0.166239, 8.61065, 0.0152126, 8.7512, -0.35299, 8.26771, -0.0119261, 8.08663, -0.312278, 8.60324, 0.016088, 8.78821, -0.365936, 8.3088, -0.0198194, 8.09847, -0.319753, 0.9
8.51999,-0.175705, 8.54443, -0.153048, 8.81974, 0.0069981, 8.75608, -0.352207, 8.27087, -0.0111414, 8.32286, -0.331097, 8.88077, 0.00330231, 8.7512, -0.35299, 8.26771, -0.0119261, 8.3598, -0.325708, 0.9
