0.701722,-0.0100626, 0.756594, -0.00345794, 1.0395, 0.173052, 0.893139, -0.160073, 0.414459, 0.173099, 0.567058, -0.163954, 0.897526, 0.19179, 1.08238, -0.164646, 0.603375, 0.168465, 0.416646, -0.135235, 0.9
0.809254,-0.0103941, 0.801216, 0.0128926, 1.0466, 0.173474, 1.10615, -0.170267, 0.633176, 0.168946, 0.570807, -0.164164, 1.0395, 0.173052, 1.10509, -0.147042, 0.624535, 0.18613, 0.567058, -0.163954, 0.9
0.928909,0.0197405, 0.869651, 0.010003, 1.24193, 0.18342, 1.1155, -0.168783, 0.634449, 0.170204, 0.770052, -0.154063, 1.15852, 0.190373, 1.10615, -0.170267, 0.633176, 0.168946, 0.680726, -0.148178, 0.5
1.0387,-0.00417445, 0.999007, 0.0112304, 1.25, 0.182064, 1.33394, -0.172364, 0.855428, 0.167513, 0.77147, -0.155423, 1.24193, 0.18342, 1.32632, -0.153444, 0.847568, 0.185542, 0.770052, -0.154063, 0.9
1.14073,0.0209905, 1.07245, 0.0141291, 1.45656, 0.1922, 1.3425, -0.171269, 0.84889, 0.160062, 0.9779, -0.148817, 1.36981, 0.195015, 1.33394, -0.172364, 0.855428, 0.167513, 0.892335, -0.1419, 0.5
1.24927,-0.00789513, 1.20145, -0.0102719, 1.46426, 0.19074, 1.55458, -0.177289, 1.06887, 0.16095, 0.956463, -0.140119, 1.45656, 0.1922, 1.55331, -0.161359, 1.06982, 0.169972, 0.9779, -0.148817, 0.9
1.35216,0.0149733, 1.25725, 0.0117921, 1.66887, 0.194535, 1.56331, -0.178335, 1.07716, 0.160846, 1.17797, -0.145629, 1.58133, 0.193679, 1.55458, -0.177289, 1.06887, 0.16095, 1.0949, -0.139915, 0.5
1.46783,-0.0150064, 1.40958, -0.0317386, 1.6771, 0.192911, 1.77487, -0.184619, 1.29253, 0.157149, 1.18011, -0.151942, 1.66887, 0.194535, 1.78311, -0.179613, 1.30157, 0.159568, 1.17797, -0.145629, 0.9
1.58057,0.0191849, 1.46951, 0.0061933, 1.88064, 0.191016, 1.783, -0.183805, 1.28702, 0.147126, 1.39328, -0.152557, 1.79968, 0.198023, 1.77487, -0.184619, 1.29253, 0.157149, 1.31822, -0.141966, 0.5
1.68489,-0.0167985, 1.63197, -0.0396928, 1.89457, 0.193946, 1.99284, -0.190492, 1.507, 0.148407, 1.39339, -0.160908, 1.88064, 0.191016, 2.00252, -0.182003, 1.51602, 0.148928, 1.39328, -0.152557, 0.9
1.79692,0.0154603, 1.68378, 0.00543941, 2.10149, 0.192094, 2.00096, -0.189269, 1.50424, 0.141223, 1.6123, -0.156421, 2.01741, 0.198375, 1.99284, -0.190492, 1.507, 0.148407, 1.53333, -0.144928, 0.5
1.90478,-0.0204217, 1.84925, -0.0468409, 2.11135, 0.192731, 2.21079, -0.194392, 1.72516, 0.14468, 1.6196, -0.15806, 2.10149, 0.192094, 2.2212, -0.187797, 1.73382, 0.142694, 1.6123, -0.156421, 0.9
2.00867,0.00762316, 1.9068, 0.00335284, 2.31766, 0.18726, 2.21885, -0.193305, 1.73085, 0.144174, 1.83032, -0.158578, 2.23667, 0.197492, 2.21079, -0.194392, 1.72516, 0.14468, 1.75713, -0.144475, 0.5
2.1168,-0.0187457, 2.06557, -0.0488498, 2.329, 0.189426, 2.42904, -0.197873, 1.9471, 0.144959, 1.83385, -0.157907, 2.31766, 0.18726, 2.44088, -0.192514, 1.95905, 0.144965, 1.83032, -0.158578, 0.9
2.22908,0.00918233, 2.11824, 0.00472936, 2.53312, 0.184794, 2.43699, -0.197078, 1.95262, 0.144505, 2.04471, -0.159436, 2.45466, 0.197339, 2.42904, -0.197873, 1.9471, 0.144959, 1.97404, -0.143575, 0.5
2.34576,-0.0291641, 2.28665, -0.049006, 2.54591, 0.186943, 2.65074, -0.205042, 2.16964, 0.139175, 2.04816, -0.162223, 2.53312, 0.184794, 2.66092, -0.198268, 2.18087, 0.143315, 2.04471, -0.159436, 0.9
2.45318,0.00401471, 2.32856, -0.00884735, 2.74864, 0.178323, 2.65794, -0.204144, 2.16576, 0.130878, 2.25855, -0.166609, 2.65162, 0.186047, 2.65074, -0.205042, 2.16964, 0.139175, 2.16967, -0.154436, 0.4
2.55479,-0.0358677, 2.50589, -0.0608578, 2.76473, 0.182038, 2.86703, -0.213489, 2.38349, 0.127873, 2.24643, -0.176195, 2.74864, 0.178323, 2.88184, -0.205809, 2.39675, 0.129213, 2.25855, -0.166609, 0.9
2.65635,-0.0140472, 2.54799, -0.0125391, 2.97095, 0.174643, 2.87508, -0.212194, 2.38036, 0.120843, 2.47529, -0.174934, 2.88628, 0.17908, 2.86703, -0.213489, 2.38349, 0.127873, 2.39433, -0.165239, 0.5
2.77334,-0.0471963, 2.71704, -0.0750269, 2.97894, 0.173168, 3.07863, -0.216953, 2.59361, 0.122575, 2.46941, -0.189007, 2.97095, 0.174643, 3.09477, -0.214635, 2.60843, 0.118401, 2.47529, -0.174934, 0.9
2.87621,-0.0185604, 2.75902, -0.0285025, 3.18389, 0.162495, 3.08962, -0.2184, 2.59751, 0.115596, 2.69057, -0.18811, 3.08001, 0.166924, 3.07863, -0.216953, 2.59361, 0.122575, 2.59259, -0.179815, 0.4
2.9866,-0.0533869, 2.93358, -0.0795479, 3.19651, 0.164748, 3.29778, -0.227691, 2.81413, 0.113359, 2.68108, -0.195235, 3.18389, 0.162495, 3.30924, -0.220898, 2.82372, 0.113099, 2.69057, -0.18811, 0.9
3.09523,-0.0260863, 2.98036, -0.0305089, 3.39807, 0.152796, 3.3056, -0.22719, 2.81875, 0.111521, 2.90245, -0.196862, 3.31761, 0.161532, 3.29778, -0.227691, 2.81413, 0.113359, 2.82711, -0.184108, 0.5
3.20495,-0.0625185, 3.15498, -0.0872436, 3.41221, 0.155891, 3.51321, -0.234516, 3.03152, 0.108148, 2.89878, -0.203237, 3.39807, 0.152796, 3.52769, -0.232116, 3.04468, 0.106595, 2.90245, -0.196862, 0.9
3.30619,-0.036008, 3.19235, -0.0442802, 3.61159, 0.14383, 3.52163, -0.235146, 3.02482, 0.0961664, 3.11625, -0.205069, 3.51239, 0.149879, 3.51321, -0.234516, 3.03152, 0.108148, 3.02369, -0.195532, 0.4
3.41918,-0.0675149, 3.36328, -0.0983265, 3.62825, 0.14873, 3.72775, -0.241139, 3.2422, 0.0985662, 3.11933, -0.198992, 3.61159, 0.14383, 3.73908, -0.238458, 3.2514, 0.0928547, 3.11625, -0.205069, 0.9
3.52964,-0.037265, 3.40295, -0.0478709, 3.8356, 0.143697, 3.73879, -0.242366, 3.25015, 0.0956579, 3.33329, -0.198727, 3.73018, 0.144425, 3.72775, -0.241139, 3.2422, 0.0985662, 3.24334, -0.196045, 0.4
3.63654,-0.0718757, 3.5855, -0.100751, 3.84353, 0.142539, 3.94124, -0.246164, 3.45964, 0.0968732, 3.33382, -0.199193, 3.8356, 0.143697, 3.96147, -0.246767, 3.47765, 0.0912571, 3.33329, -0.198727, 0.9
3.74355,-0.0403527, 3.65177, -0.0396485, 4.02788, 0.145609, 3.95392, -0.24768, 3.4679, 0.0925768, 3.547, -0.197111, 4.00908, 0.151266, 3.94124, -0.246164, 3.45964, 0.0968732, 3.52149, -0.187361, 0.7
3.85304,-0.0820808, 3.79984, -0.104262, 4.02286, 0.142057, 4.15918, -0.246882, 3.67311, 0.0922217, 3.5409, -0.205449, 4.02788, 0.145609, 4.16131, -0.251742, 3.68353, 0.088515, 3.547, -0.197111, 0.8
3.94734,-0.0539851, 3.85726, -0.0430541, 4.23454, 0.123494, 4.13803, -0.24639, 3.67861, 0.0819279, 3.76233, -0.217127, 4.17007, 0.157587, 4.15918, -0.246882, 3.67311, 0.0922217, 3.69721, -0.191944, 0.6
4.05523,-0.087132, 4.02688, -0.0807652, 4.22016, 0.123936, 4.34727, -0.248475, 3.87721, 0.0863067, 3.76249, -0.21732, 4.23454, 0.123494, 4.37434, -0.233908, 3.9059, 0.0944105, 3.76233, -0.217127, 0.9
4.13136,-0.0625584, 4.08164, -0.0183087, 4.4417, 0.102962, 4.28787, -0.199386, 3.88331, 0.0493696, 3.95536, -0.229124, 4.3936, 0.178703, 4.34727, -0.248475, 3.87721, 0.0863067, 3.93162, -0.16954, 0.8
4.23654,-0.0906641, 4.22404, -0.0310093, 4.38703, 0.0924136, 4.51507, -0.237004, 4.07021, 0.069839, 3.96045, -0.230251, 4.4417, 0.102962, 4.51002, -0.119424, 4.07012, 0.129332, 3.95536, -0.229124, 0.9
4.34262,-0.0615084, 4.32023, -0.0404883, 4.60557, 0.0997296, 4.49083, -0.212847, 4.07536, 0.0514256, 4.15134, -0.234746, 4.58888, 0.154817, 4.51507, -0.237004, 4.07021, 0.069839, 4.13662, -0.180603, 0.9
4.43361,-0.0967957, 4.40325, -0.0238832, 4.59064, 0.0955326, 4.70456, -0.247848, 4.25406, 0.0621181, 4.15423, -0.237002, 4.60557, 0.0997296, 4.60747, -0.136197, 4.17066, 0.128076, 4.15134, -0.234746, 0.5
4.53531,-0.0654978, 4.55743, -0.0670628, 4.79979, 0.101645, 4.70619, -0.246241, 4.25663, 0.0811014, 4.34317, -0.237046, 4.80071, 0.123532, 4.70456, -0.247848, 4.25406, 0.0621181, 4.34671, -0.21605, 0.9
4.61962,-0.0960593, 4.60981, -0.0449838, 4.79577, 0.0999691, 4.91789, -0.264546, 4.45036, 0.0756312, 4.33853, -0.232787, 4.79979, 0.101645, 4.81185, -0.213922, 4.3549, 0.11342, 4.34317, -0.237046, 0.5
4.7323,-0.075873, 4.77046, -0.075406, 5.00761, 0.100837, 4.91487, -0.265491, 4.46357, 0.0624266, 4.53774, -0.239546, 5.0094, 0.108545, 4.91789, -0.264546, 4.45036, 0.0756312, 4.54623, -0.231615, 0.9
4.8348,-0.115192, 4.82699, -0.0631874, 5.01154, 0.0992575, 5.12579, -0.27885, 4.65408, 0.0607571, 4.53688, -0.239069, 5.00761, 0.100837, 5.03975, -0.233966, 4.58035, 0.0939521, 4.53774, -0.239546, 0.6
4.93992,-0.0933989, 4.98364, -0.0875849, 5.20729, 0.0915477, 5.12416, -0.281993, 4.65862, 0.061552, 4.73602, -0.25189, 5.22049, 0.104155, 5.12579, -0.27885, 4.65408, 0.0607571, 4.74964, -0.23818, 0.9
5.03546,-0.129187, 5.03341, -0.0906855, 5.21216, 0.0890974, 5.32589, -0.294223, 4.85348, 0.0480169, 4.7393, -0.253987, 5.20729, 0.0915477, 5.24289, -0.265266, 4.78001, 0.0782791, 4.73602, -0.25189, 0.6
5.13434,-0.106356, 5.19196, -0.104939, 5.40091, 0.0814023, 5.32923, -0.292865, 4.85618, 0.0494626, 4.93358, -0.265527, 5.42393, 0.0955487, 5.32589, -0.294223, 4.85348, 0.0480169, 4.9525, -0.24834, 0.9
5.23926,-0.143652, 5.23831, -0.110178, 5.40446, 0.0790395, 5.53037, -0.304427, 5.05303, 0.0366756, 4.9362, -0.267388, 5.40091, 0.0814023, 5.46465, -0.278592, 4.99866, 0.0637358, 4.93358, -0.265527, 0.7
5.33789,-0.119121, 5.39527, -0.120907, 5.60135, 0.0661856, 5.53438, -0.303179, 5.05554, 0.0280717, 5.13168, -0.278683, 5.61933, 0.0836697, 5.53037, -0.304427, 5.05303, 0.0366756, 5.14959, -0.261179, 0.9
5.42031,-0.145348, 5.43854, -0.125306, 5.60507, 0.0645305, 5.72404, -0.312958, 5.25384, 0.0223458, 5.13393, -0.280166, 5.60135, 0.0661856, 5.66561, -0.285749, 5.1965, 0.0455023, 5.13168, -0.278683, 0.7
5.54177,-0.104965, 5.58074, -0.118322, 5.82152, 0.0694623, 5.73148, -0.310882, 5.25224, 0.0183578, 5.34775, -0.278816, 5.81354, 0.0802542, 5.72404, -0.312958, 5.25384, 0.0223458, 5.34347, -0.2643, 0.9
5.62925,-0.127246, 5.65391, -0.110658, 5.81287, 0.0669493, 5.93892, -0.294252, 5.45253, 0.0301994, 5.35109, -0.283534, 5.82152, 0.0694623, 5.89006, -0.290132, 5.42092, 0.039108, 5.34775, -0.278816, 0.8
5.74401,-0.0938759, 5.78162, -0.103508, 6.02029, 0.0780639, 5.94404, -0.291481, 5.44462, 0.0207415, 5.55439, -0.271465, 6.02134, 0.0752176, 5.93892, -0.294252, 5.45253, 0.0301994, 5.55573, -0.273239, 0.9
5.8494,-0.122799, 5.85084, -0.09979, 6.02307, 0.0765056, 6.14358, -0.2887, 5.64276, 0.0315028, 5.56042, -0.293093, 6.02029, 0.0780639, 6.10097, -0.271069, 5.61617, 0.0411537, 5.55439, -0.271465, 0.8
5.94436,-0.0927815, 5.9848, -0.0977609, 6.22873, 0.0820962, 6.14692, -0.286991, 5.64159, 0.0286892, 5.7586, -0.275494, 6.23031, 0.0740455, 6.14358, -0.2887, 5.64276, 0.0315028, 5.76198, -0.280761, 0.9
6.05222,-0.127385, 6.06476, -0.0995024, 6.2316, 0.079955, 6.33457, -0.297485, 5.85206, 0.0350789, 5.76346, -0.278692, 6.22873, 0.0820962, 6.32561, -0.269945, 5.83632, 0.045735, 5.7586, -0.275494, 0.9
6.15447,-0.0889956, 6.13055, -0.118105, 6.43831, 0.0839998, 6.33734, -0.295547, 5.85472, 0.0368519, 5.96545, -0.267868, 6.3099, 0.0607517, 6.33457, -0.297485, 5.85206, 0.0350789, 5.84061, -0.287858, 0.3
6.25259,-0.118342, 6.27008, -0.0865098, 6.43671, 0.0823476, 6.53107, -0.296104, 6.05544, 0.0429891, 5.97009, -0.279106, 6.43831, 0.0839998, 6.52644, -0.276351, 6.04985, 0.0560478, 5.96545, -0.267868, 0.9
6.35253,-0.0850008, 6.34466, -0.103864, 6.63934, 0.0882475, 6.53612, -0.293545, 6.05859, 0.0449204, 6.17359, -0.264816, 6.53582, 0.0730718, 6.53107, -0.296104, 6.05544, 0.0429891, 6.06722, -0.27712, 0.4
6.45717,-0.109484, 6.46937, -0.0811155, 6.64162, 0.0868665, 6.729, -0.289863, 6.25101, 0.0485345, 6.17589, -0.278554, 6.63934, 0.0882475, 6.72784, -0.273455, 6.25379, 0.0650103, 6.17359, -0.264816, 0.9
6.55581,-0.0753864, 6.54616, -0.0903313, 6.84225, 0.09645, 6.72452, -0.287625, 6.25352, 0.0504445, 6.37097, -0.263611, 6.73695, 0.0845195, 6.729, -0.289863, 6.25101, 0.0485345, 6.26882, -0.267353, 0.4
6.65012,-0.0970025, 6.67183, -0.071695, 6.8385, 0.0944274, 6.92306, -0.279202, 6.43774, 0.0560128, 6.37492, -0.264677, 6.84225, 0.09645, 6.91924, -0.265886, 6.44767, 0.0721827, 6.37097, -0.263611, 0.9
6.75058,-0.0636206, 6.75615, -0.0788858, 7.04086, 0.101126, 6.92628, -0.27764, 6.44052, 0.0573698, 6.56944, -0.250321, 6.95426, 0.0853959, 6.92306, -0.279202, 6.43774, 0.0560128, 6.49078, -0.263665, 0.5
6.84366,-0.0845648, 6.87295, -0.0561133, 7.04032, 0.101773, 7.12172, -0.268612, 6.64153, 0.0703358, 6.57149, -0.250009, 7.04086, 0.101126, 7.11458, -0.261175, 6.63474, 0.0738357, 6.56944, -0.250321, 0.9
6.93436,-0.0626068, 6.98562, -0.0537425, 7.23217, 0.10593, 7.12301, -0.265751, 6.64432, 0.0713413, 6.76638, -0.239354, 7.21468, 0.101794, 7.12172, -0.268612, 6.64153, 0.0703358, 6.74983, -0.245001, 0.8
7.03556,-0.0952383, 7.01391, -0.0354302, 7.23886, 0.104155, 7.3312, -0.265858, 6.85678, 0.0714505, 6.76518, -0.237926, 7.23217, 0.10593, 7.20425, -0.246585, 6.72856, 0.0905069, 6.76638, -0.239354, 0.4
