0.0138302,0.0283393, 0.0881634, -0.0315776, 0.201294, 0.173082, 0.367831, -0.150635, -0.114525, 0.186799, -0.269662, -0.176726, 0.199112, 0.171348, 0.420327, -0.196592, -0.0639872, 0.144026, -0.272692, -0.178363, 1
0.131547,0.0238349, 0.15527, 0.031489, 0.46209, 0.199752, 0.37148, -0.144024, -0.104598, 0.188837, -0.010752, -0.152284, 0.468779, 0.189694, 0.367831, -0.150635, -0.114525, 0.186799, -0.00167513, -0.159184, 1
0.221328,0.0166801, 0.217562, 0.0261176, 0.461941, 0.198131, 0.535625, -0.149278, 0.0566839, 0.186033, -0.00689664, -0.152771, 0.46209, 0.199752, 0.534834, -0.14457, 0.0624759, 0.18829, -0.010752, -0.152284, 0.5
0.267941,0.0167752, 0.266951, 0.0196886, 0.545086, 0.192428, 0.531618, -0.145999, 0.0588705, 0.185977, 0.0737938, -0.157142, 0.532686, 0.192575, 0.535625, -0.149278, 0.0566839, 0.186033, 0.0658102, -0.158987, 0.2
0.408434,-0.0122104, 0.404576, -0.0014785, 0.54621, 0.18366, 0.762847, -0.168033, 0.277137, 0.162874, 0.0821456, -0.159029, 0.545086, 0.192428, 0.747122, -0.175885, 0.270847, 0.156091, 0.0737938, -0.157142, 1
0.509741,0.00454047, 0.527477, 0.0119567, 0.854975, 0.170678, 0.767278, -0.166856, 0.276302, 0.159616, 0.384807, -0.17789, 0.836726, 0.183288, 0.762847, -0.168033, 0.277137, 0.162874, 0.374049, -0.160524, 1
0.574598,0.021817, 0.59873, 0.0118137, 0.858478, 0.17321, 0.882528, -0.14334, 0.39497, 0.187926, 0.388187, -0.176289, 0.854975, 0.170678, 0.898884, -0.174587, 0.41269, 0.151886, 0.384807, -0.17789, 0.4
0.633712,0.0118461, 0.636946, 0.0175797, 0.913339, 0.187803, 0.883327, -0.142193, 0.397631, 0.188033, 0.4406, -0.161308, 0.90791, 0.178243, 0.882528, -0.14334, 0.39497, 0.187926, 0.43917, -0.171153, 0.2
0.669269,0.015424, 0.668205, 0.0143566, 0.910479, 0.184772, 0.940482, -0.148947, 0.456118, 0.184853, 0.442702, -0.161577, 0.913339, 0.187803, 0.926975, -0.153166, 0.441297, 0.17706, 0.4406, -0.161308, 0.2
0.690469,0.0126511, 0.693446, 0.0160962, 0.942736, 0.1863, 0.937598, -0.146987, 0.457291, 0.18466, 0.471094, -0.160994, 0.935705, 0.184859, 0.940482, -0.148947, 0.456118, 0.184853, 0.468387, -0.162269, 0.1
0.709005,0.0125879, 0.707866, 0.0139244, 0.942668, 0.185912, 0.960127, -0.152162, 0.477924, 0.181875, 0.472104, -0.161314, 0.942736, 0.1863, 0.953169, -0.155326, 0.472516, 0.17632, 0.471094, -0.160994, 0.1
0.72237,0.0134498, 0.725761, 0.0155275, 0.966615, 0.18671, 0.960786, -0.152121, 0.478696, 0.181887, 0.493745, -0.16113, 0.963012, 0.18661, 0.960127, -0.152162, 0.477924, 0.181875, 0.49221, -0.161491, 0.1
0.832309,-0.0109609, 0.845716, -0.0125197, 0.973654, 0.185703, 1.17783, -0.167035, 0.694311, 0.169737, 0.499893, -0.162236, 0.966615, 0.18671, 1.17975, -0.173414, 0.69343, 0.160594, 0.493745, -0.16113, 1
0.934811,0.00704867, 0.953984, 0.0123445, 1.27067, 0.173675, 1.18297, -0.166987, 0.698459, 0.168696, 0.796511, -0.176587, 1.2628, 0.186091, 1.17783, -0.167035, 0.694311, 0.169737, 0.790333, -0.162502, 1
1.01086,0.038102, 1.05672, 0.00585604, 1.27577, 0.177613, 1.35435, -0.129281, 0.869199, 0.206358, 0.802078, -0.174026, 1.27067, 0.173675, 1.38334, -0.178174, 0.902041, 0.15751, 0.796511, -0.176587, 0.7
1.07786,0.0171527, 1.08957, 0.0259464, 1.36112, 0.194437, 1.35025, -0.125093, 0.87278, 0.205185, 0.890511, -0.154577, 1.36405, 0.184471, 1.35435, -0.129281, 0.869199, 0.206358, 0.892889, -0.166541, 0.3
1.11457,0.0271604, 1.10619, 0.0325234, 1.35512, 0.18932, 1.38101, -0.138563, 0.899588, 0.194637, 0.89269, -0.153778, 1.36112, 0.194437, 1.3685, -0.141948, 0.891775, 0.18833, 0.890511, -0.154577, 0.1
1.13565,0.0215906, 1.13848, 0.0272051, 1.3845, 0.193275, 1.37836, -0.13695, 0.901001, 0.194309, 0.916544, -0.152427, 1.37258, 0.191992, 1.38101, -0.138563, 0.899588, 0.194637, 0.909845, -0.151752, 0.1
1.15184,0.0223339, 1.15177, 0.0224317, 1.38542, 0.193306, 1.40154, -0.142494, 0.920866, 0.191352, 0.917507, -0.15236, 1.3845, 0.193275, 1.39515, -0.144204, 0.917393, 0.187055, 0.916544, -0.152427, 0.1
1.16471,0.0225025, 1.16882, 0.0246484, 1.40909, 0.195097, 1.40226, -0.142474, 0.921596, 0.191319, 0.937321, -0.151985, 1.40505, 0.194574, 1.40154, -0.142494, 0.920866, 0.191352, 0.936856, -0.151956, 0.1
1.17775,0.0199751, 1.17954, 0.0203546, 1.40991, 0.195118, 1.42454, -0.145344, 0.942226, 0.189617, 0.938037, -0.152114, 1.40909, 0.195097, 1.42171, -0.14651, 0.940703, 0.187283, 0.937321, -0.151985, 0.1
1.27248,0.0369858, 1.30067, 0.0544336, 1.61512, 0.209685, 1.43149, -0.143447, 0.948862, 0.19076, 1.13894, -0.138087, 1.62502, 0.214504, 1.42454, -0.145344, 0.942226, 0.189617, 1.14929, -0.132404, 1
1.38368,0.0217573, 1.41126, 0.00858121, 1.62018, 0.208686, 1.73798, -0.13322, 1.25375, 0.205463, 1.13684, -0.134846, 1.61512, 0.209685, 1.73925, -0.123185, 1.25854, 0.211023, 1.13894, -0.138087, 1
1.46786,-0.02541, 1.54034, 0.0498439, 1.85018, 0.158855, 1.74055, -0.137427, 1.25819, 0.202276, 1.37536, -0.184536, 1.89879, 0.210028, 1.73798, -0.13322, 1.25375, 0.205463, 1.41805, -0.133668, 1
1.59127,-0.00177319, 1.60341, -0.00716766, 1.85365, 0.15982, 1.93072, -0.176094, 1.44758, 0.163189, 1.38113, -0.182586, 1.85018, 0.158855, 1.95405, -0.169568, 1.47396, 0.170135, 1.37536, -0.184536, 0.8
1.66603,-0.0069719, 1.66476, -0.00596974, 1.96125, 0.168428, 1.9308, -0.174114, 1.45111, 0.162852, 1.48766, -0.177842, 1.95708, 0.157902, 1.93072, -0.176094, 1.44758, 0.163189, 1.488, -0.184943, 0.3
1.70497,-0.00499379, 1.69677, -0.000672717, 1.96197, 0.168026, 1.96762, -0.173738, 1.48923, 0.161619, 1.48957, -0.178171, 1.96125, 0.168428, 1.95363, -0.18521, 1.47524, 0.151757, 1.48766, -0.177842, 0.1
1.7346,-0.00302569, 1.73059, -0.000877401, 1.99024, 0.170559, 1.96903, -0.173618, 1.49071, 0.161678, 1.51658, -0.176957, 1.98145, 0.167973, 1.96762, -0.173738, 1.48923, 0.161619, 1.50898, -0.178907, 0.1
1.74869,-0.00586115, 1.75018, -0.00692324, 1.99121, 0.170414, 1.99765, -0.173009, 1.51663, 0.162618, 1.51744, -0.177021, 1.99024, 0.170559, 1.98967, -0.17683, 1.51115, 0.158466, 1.51658, -0.176957, 0.1
1.87024,0.0223631, 1.87467, 0.0294623, 2.19921, 0.188268, 2.0049, -0.170789, 1.52339, 0.164104, 1.72407, -0.16063, 2.20608, 0.189326, 1.99765, -0.173009, 1.51663, 0.162618, 1.72854, -0.15773, 1
1.9588,0.00443317, 1.99583, -0.0142066, 2.20404, 0.187314, 2.31466, -0.150291, 1.83164, 0.187676, 1.72858, -0.16121, 2.19921, 0.188268, 2.31536, -0.147647, 1.83589, 0.187246, 1.72407, -0.16063, 1
2.03515,-0.0361664, 2.08451, 0.0203592, 2.38334, 0.153389, 2.31864, -0.154233, 1.83575, 0.185048, 1.90732, -0.194965, 2.41483, 0.184151, 2.31466, -0.150291, 1.83164, 0.187676, 1.94303, -0.164726, 0.7
2.1147,-0.00771915, 2.1158, -0.00810921, 2.38499, 0.153176, 2.41012, -0.173134, 1.93321, 0.161257, 1.91067, -0.194773, 2.38334, 0.153389, 2.42054, -0.184133, 1.93974, 0.155148, 1.90732, -0.194965, 0.4
2.15837,-0.0143951, 2.15481, -0.0119873, 2.42566, 0.161061, 2.40768, -0.170876, 1.93528, 0.160499, 1.95091, -0.186792, 2.41695, 0.1546, 2.41012, -0.173134, 1.93321, 0.161257, 1.94428, -0.193553, 0.1
2.18127,-0.0112362, 2.17816, -0.0111733, 2.42275, 0.158703, 2.43539, -0.176923, 1.95699, 0.157052, 1.95227, -0.187069, 2.42566, 0.161061, 2.4219, -0.181421, 1.94907, 0.149954, 1.95091, -0.186792, 0.1
2.2001,-0.011537, 2.20124, -0.00892215, 2.44748, 0.161411, 2.43523, -0.176405, 1.95805, 0.156998, 1.97464, -0.185934, 2.44184, 0.159979, 2.43539, -0.176923, 1.95699, 0.157052, 1.97114, -0.186487, 0.1
2.21219,-0.0133833, 2.21461, -0.0135972, 2.44824, 0.161272, 2.45986, -0.178964, 1.97897, 0.155852, 1.97537, -0.186004, 2.44748, 0.161411, 2.45474, -0.180656, 1.97717, 0.152747, 1.97464, -0.185934, 0.1
2.32273,0.0119314, 2.3362, 0.0210364, 2.6554, 0.179862, 2.46682, -0.176917, 1.98572, 0.157291, 2.18218, -0.16957, 2.66302, 0.18073, 2.45986, -0.178964, 1.97897, 0.155852, 2.18631, -0.166154, 1
2.42536,-0.00656601, 2.44899, -0.0229503, 2.66069, 0.1789, 2.7786, -0.161607, 2.29567, 0.176853, 2.18651, -0.170415, 2.6554, 0.179862, 2.77562, -0.155448, 2.29652, 0.178761, 2.18218, -0.16957, 1
2.59166,0.0190346, 2.58535, 0.0180972, 2.93347, 0.191218, 2.78625, -0.158905, 2.30252, 0.17802, 2.45467, -0.157878, 2.93698, 0.183185, 2.7786, -0.161607, 2.29567, 0.176853, 2.46494, -0.166195, 1
2.68298,0.00281309, 2.68295, 0.00891972, 2.93775, 0.190007, 3.00471, -0.15585, 2.52154, 0.182353, 2.45834, -0.158867, 2.93347, 0.191218, 2.98702, -0.148516, 2.50696, 0.188409, 2.45467, -0.157878, 0.6
2.72412,0.00593191, 2.72453, 0.00544649, 3.00612, 0.183768, 3.00555, -0.154339, 2.52328, 0.182619, 2.52978, -0.164732, 2.99418, 0.178772, 3.00471, -0.15585, 2.52154, 0.182353, 2.51834, -0.171165, 0.1
2.76606,0.00603367, 2.7536, 0.0140281, 2.99832, 0.176756, 3.02817, -0.159711, 2.54552, 0.176482, 2.53181, -0.165909, 3.00612, 0.183768, 3.01003, -0.174047, 2.52767, 0.162911, 2.52978, -0.164732, 0.1
2.78143,0.00470737, 2.78539, 0.00902122, 3.03073, 0.177534, 3.02895, -0.159772, 2.54646, 0.176386, 2.55964, -0.16858, 3.01941, 0.17692, 3.02817, -0.159711, 2.54552, 0.176482, 2.55267, -0.166693, 0.1
2.89504,-0.0203488, 2.90744, -0.0190684, 3.03731, 0.176349, 3.24788, -0.175745, 2.76426, 0.16158, 2.56598, -0.169676, 3.03073, 0.177534, 3.24487, -0.184141, 2.75824, 0.152018, 2.55964, -0.16858, 1
2.99925,-0.00686787, 3.01731, 0.00390666, 3.34154, 0.162518, 3.25485, -0.177793, 2.76949, 0.157924, 2.86792, -0.188222, 3.32764, 0.175771, 3.24788, -0.175745, 2.76426, 0.16158, 2.85767, -0.171086, 1
3.07969,0.0346245, 3.13801, -0.00775208, 3.34418, 0.164617, 3.43976, -0.135419, 2.95389, 0.199376, 2.8714, -0.186101, 3.34154, 0.162518, 3.47586, -0.192511, 2.99329, 0.143206, 2.86792, -0.188222, 0.8
3.15961,0.0151677, 3.17434, 0.019724, 3.4561, 0.195195, 3.43175, -0.126213, 2.95768, 0.200983, 2.98255, -0.155555, 3.45714, 0.175488, 3.43976, -0.135419, 2.95389, 0.199376, 2.98689, -0.17421, 0.4
3.20174,0.0269422, 3.19133, 0.032874, 3.4565, 0.194721, 3.47017, -0.14044, 2.99032, 0.191348, 2.98443, -0.155976, 3.4561, 0.195195, 3.45581, -0.142556, 2.98303, 0.184639, 2.98255, -0.155555, 0.1
3.22802,0.0235908, 3.22892, 0.0281794, 3.48434, 0.198283, 3.4673, -0.137763, 2.99185, 0.191852, 3.01122, -0.151219, 3.47398, 0.196584, 3.47017, -0.14044, 2.99032, 0.191348, 3.00173, -0.154473, 0.1
3.24467,0.0236527, 3.24419, 0.0227911, 3.48512, 0.198254, 3.49416, -0.141547, 3.01442, 0.191641, 3.01221, -0.151194, 3.48434, 0.198283, 3.48584, -0.143511, 3.00997, 0.186104, 3.01122, -0.151219, 0.1
3.3595,0.0531423, 3.37063, 0.0578523, 3.69723, 0.217716, 3.50138, -0.140209, 3.02073, 0.192932, 3.22292, -0.132525, 3.69932, 0.217907, 3.49416, -0.141547, 3.01442, 0.191641, 3.22258, -0.131026, 1
3.46321,0.0380621, 3.48748, 0.016996, 3.70375, 0.219647, 3.81204, -0.113788, 3.33195, 0.220826, 3.22641, -0.128685, 3.69723, 0.217716, 3.81047, -0.118406, 3.33192, 0.214735, 3.22292, -0.132525, 1
3.61725,0.0636433, 3.61857, 0.0627686, 3.97047, 0.235983, 3.81209, -0.10356, 3.33965, 0.222446, 3.49305, -0.114411, 3.9781, 0.22456, 3.81204, -0.113788, 3.33195, 0.220826, 3.50314, -0.123552, 1
3.71283,0.0558578, 3.72041, 0.052646, 3.97417, 0.235402, 4.05125, -0.101293, 3.57222, 0.232795, 3.49623, -0.11486, 3.97047, 0.235983, 4.03573, -0.095546, 3.5662, 0.23046, 3.49305, -0.114411, 0.7
3.75886,0.0479689, 3.76238, 0.054132, 4.03949, 0.228528, 4.05087, -0.0998361, 3.57371, 0.232336, 3.56387, -0.120963, 4.03409, 0.224856, 4.05125, -0.101293, 3.57222, 0.232795, 3.56032, -0.126091, 0.1
3.89612,0.0412795, 3.90642, 0.0896016, 4.03558, 0.218013, 4.25798, -0.11918, 3.77628, 0.216131, 3.57133, -0.121986, 4.25539, 0.243561, 4.05087, -0.0998361, 3.57371, 0.232336, 3.77687, -0.105151, 1
3.99598,0.0494996, 4.01933, 0.0577419, 4.3457, 0.219468, 4.26256, -0.118689, 3.78047, 0.216123, 3.87566, -0.128178, 4.32039, 0.222948, 4.25798, -0.11918, 3.77628, 0.216131, 3.85708, -0.117504, 1
4.15984,0.0300769, 4.14576, 0.0467894, 4.34479, 0.222596, 4.50654, -0.130591, 4.02238, 0.205923, 3.88215, -0.129377, 4.3457, 0.219468, 4.50503, -0.136232, 4.02527, 0.19858, 3.87566, -0.128178, 0.9
4.23187,0.0522963, 4.21723, 0.030876, 4.50434, 0.222853, 4.50984, -0.129192, 4.02474, 0.207452, 4.03728, -0.130203, 4.47044, 0.211673, 4.50654, -0.130591, 4.02238, 0.205923, 4.01138, -0.141716, 0.3
4.36074,0.0224637, 4.37674, 0.0823177, 4.5066, 0.222774, 4.73178, -0.138539, 4.24662, 0.198421, 4.04473, -0.131999, 4.72731, 0.241068, 4.50984, -0.129192, 4.02474, 0.207452, 4.25751, -0.111391, 1
4.47479,0.0355299, 4.48869, 0.0472288, 4.82132, 0.205963, 4.7366, -0.137555, 4.25119, 0.198917, 4.35224, -0.149017, 4.79792, 0.22108, 4.73178, -0.138539, 4.24662, 0.198421, 4.33724, -0.134346, 1
4.56368,0.0926606, 4.63732, 0.0289381, 4.82311, 0.209956, 4.95272, -0.0809619, 4.46664, 0.254569, 4.35538, -0.145552, 4.82132, 0.205963, 4.9996, -0.158394, 4.51619, 0.178078, 4.35224, -0.149017, 1
4.68635,0.0704521, 4.72609, 0.0849849, 5.03531, 0.25507, 4.95601, -0.0807945, 4.47185, 0.253486, 4.56364, -0.0976981, 5.05243, 0.233345, 4.95272, -0.0809619, 4.46664, 0.254569, 4.58597, -0.120053, 0.9
4.76601,0.0790556, 4.75483, 0.0879826, 5.03865, 0.251198, 5.07248, -0.0972283, 4.5894, 0.239249, 4.57066, -0.100778, 5.03531, 0.25507, 5.05869, -0.0916554, 4.57864, 0.242625, 4.56364, -0.0976981, 0.3
4.81436,0.0733396, 4.8093, 0.0792762, 5.0844, 0.249334, 5.07315, -0.0967632, 4.59182, 0.238663, 4.6125, -0.100291, 5.06973, 0.248326, 5.07248, -0.0972283, 4.5894, 0.239249, 4.60291, -0.104114, 0.1
4.84369,0.0696289, 4.83738, 0.0735516, 5.08317, 0.248891, 5.10278, -0.099446, 4.62056, 0.236323, 4.61436, -0.100776, 5.0844, 0.249334, 5.08632, -0.107151, 4.60498, 0.228275, 4.6125, -0.100291, 0.1
4.96533,0.100924, 4.97139, 0.105631, 5.30331, 0.267297, 5.11042, -0.0978554, 4.62723, 0.23788, 4.83085, -0.0834533, 5.29976, 0.266537, 5.10278, -0.099446, 4.62056, 0.236323, 4.8271, -0.0827911, 1
5.06542,0.0834766, 5.09549, 0.0646427, 5.30843, 0.266546, 5.42339, -0.0725087, 4.93982, 0.266431, 4.83225, -0.0814972, 5.30331, 0.267297, 5.41785, -0.077308, 4.93691, 0.258427, 4.83085, -0.0834533, 1
5.19405,0.102257, 5.19979, 0.102071, 5.53515, 0.276178, 5.41702, -0.0616064, 4.9442, 0.266912, 5.06021, -0.0744765, 5.54059, 0.266192, 5.42339, -0.0725087, 4.93982, 0.266431, 5.0676, -0.0820103, 0.8
5.23765,0.113047, 5.24306, 0.109419, 5.53413, 0.277905, 5.51979, -0.0526022, 5.04092, 0.280211, 5.062, -0.0737577, 5.53515, 0.276178, 5.5039, -0.0595234, 5.03499, 0.268995, 5.06021, -0.0744765, 0.2
5.28765,0.112087, 5.27396, 0.120845, 5.558, 0.288329, 5.52003, -0.0497915, 5.04277, 0.282541, 5.08454, -0.061246, 5.53413, 0.277905, 5.52986, -0.0711553, 5.05142, 0.261658, 5.062, -0.0737577, 0.1
5.31628,0.113195, 5.31584, 0.108046, 5.5594, 0.288359, 5.57819, -0.0514136, 5.09732, 0.282993, 5.08611, -0.0611574, 5.558, 0.288329, 5.56355, -0.056132, 5.08561, 0.276201, 5.08454, -0.061246, 0.2
5.43881,0.145617, 5.44598, 0.146276, 5.78128, 0.31275, 5.58307, -0.0484312, 5.1048, 0.285175, 5.30411, -0.0351934, 5.77992, 0.306513, 5.57819, -0.0514136, 5.09732, 0.282993, 5.30346, -0.0424825, 1
5.53755,0.131974, 5.5672, 0.108665, 5.7863, 0.311851, 5.89673, -0.0220146, 5.41501, 0.315429, 5.30765, -0.0355745, 5.78128, 0.31275, 5.89232, -0.026243, 5.41615, 0.307363, 5.30411, -0.0351934, 1
5.708,0.155974, 5.69549, 0.15661, 6.05313, 0.328742, 5.8955, -0.0116055, 5.42279, 0.315973, 5.5761, -0.0217915, 6.06055, 0.316587, 5.89673, -0.0220146, 5.41501, 0.315429, 5.58431, -0.0305875, 1
5.85691,0.142221, 5.84821, 0.137563, 6.05992, 0.32783, 6.19731, -0.0132548, 5.71787, 0.321417, 5.58246, -0.0227499, 6.05313, 0.328742, 6.18508, -0.00998068, 5.71401, 0.317597, 5.5761, -0.0217915, 1
5.9962,0.164592, 5.99636, 0.164261, 6.34678, 0.33723, 6.20394, -0.0116824, 5.72354, 0.322782, 5.87049, -0.0159866, 6.33842, 0.33269, 6.19731, -0.0132548, 5.71787, 0.321417, 5.86272, -0.0179489, 1
6.14166,0.145463, 6.14222, 0.146986, 6.35364, 0.335873, 6.49916, -0.0117649, 6.01849, 0.326116, 5.8766, -0.0172312, 6.34678, 0.33723, 6.48805, -0.0142579, 6.00957, 0.320207, 5.87049, -0.0159866, 1
6.30992,0.169007, 6.28579, 0.169322, 6.64649, 0.342016, 6.50709, -0.0100052, 6.02522, 0.327534, 6.17272, -0.0120059, 6.63394, 0.338791, 6.49916, -0.0117649, 6.01849, 0.326116, 6.15873, -0.0143557, 1
6.4582,0.15028, 6.45153, 0.148909, 6.65373, 0.340579, 6.80092, -0.00872308, 6.31979, 0.330355, 6.17903, -0.0133572, 6.64649, 0.342016, 6.79466, -0.00872038, 6.31466, 0.328819, 6.17272, -0.0120059, 1
6.60658,0.173235, 6.59766, 0.173292, 6.94761, 0.346103, 6.80899, -0.00696671, 6.32668, 0.33183, 6.47484, -0.00843594, 6.93414, 0.344117, 6.80092, -0.00872308, 6.31979, 0.330355, 6.46107, -0.00995616, 1
