0.315502,-0.0270585, 0.312262, -0.0254099, 0.557496, 0.0992974, 0.55331, -0.159056, 0.0527239, 0.100364, 0.0566123, -0.152168, 0.554912, 0.101444, 0.556666, -0.15754, 0.0526048, 0.0957931, 0.0583664, -0.160311, 0.1,0.0282708, 0.0197171
0.340147,-0.0249473, 0.337028, -0.0268946, 0.54144, 0.100028, 0.602083, -0.156861, 0.0986203, 0.102216, 0.04209, -0.154007, 0.556722, 0.102161, 0.609897, -0.158058, 0.107, 0.0967824, 0.0563837, -0.158254, 0.5,0.245401, 0.20766
0.441109,-0.0191604, 0.43769, -0.0244426, 0.75261, 0.10883, 0.588712, -0.147371, 0.0880304, 0.108712, 0.253821, -0.150098, 0.769475, 0.102329, 0.607806, -0.154811, 0.105461, 0.0989744, 0.271704, -0.154722, 0.5,0.529202, 0.511839
0.565678,-0.019128, 0.60231, -0.0186911, 0.714146, 0.110528, 0.905092, -0.154262, 0.402769, 0.100295, 0.21641, -0.149059, 0.764823, 0.107705, 0.962375, -0.146031, 0.46126, 0.108821, 0.264034, -0.148661, 0.5,0.653448, 0.580123
0.769211,-0.0241099, 0.736552, -0.0185314, 1.09693, 0.0942452, 0.939478, -0.153661, 0.434279, 0.107173, 0.595068, -0.166165, 1.15359, 0.116439, 0.903868, -0.148136, 0.403162, 0.108675, 0.657295, -0.145904, 0.5,0.514912, 0.565536
0.88864,-0.0202821, 0.912251, -0.0233101, 1.04879, 0.109115, 1.1656, -0.155975, 0.663748, 0.106503, 0.546476, -0.150591, 1.11098, 0.102493, 1.24223, -0.142031, 0.736479, 0.118525, 0.608423, -0.153539, 0.6,0.538914, 0.508064
1.10073,-0.0133117, 1.03048, -0.0201507, 1.43816, 0.111875, 1.26455, -0.147258, 0.762956, 0.114017, 0.94078, -0.143507, 1.46857, 0.111454, 1.24725, -0.14657, 0.743775, 0.109626, 0.969694, -0.148503, 0.6,0.569593, 0.605678
1.23718,-0.00265369, 1.26508, -0.0132446, 1.41539, 0.125448, 1.56274, -0.137479, 1.06301, 0.11994, 0.915976, -0.137719, 1.40284, 0.117189, 1.6049, -0.14341, 1.10239, 0.116541, 0.900177, -0.144198, 0.5,0.54064, 0.582814
1.41177,0.00632261, 1.38694, -0.00235566, 1.73327, 0.13805, 1.58293, -0.131656, 1.08518, 0.129279, 1.23421, -0.123833, 1.76227, 0.127363, 1.57395, -0.136265, 1.07366, 0.123015, 1.26273, -0.136596, 0.7,0.524632, 0.568776
1.553,0.0118288, 1.56464, 0.00675781, 1.72934, 0.142283, 1.87707, -0.128087, 1.3772, 0.136921, 1.23203, -0.119238, 1.73082, 0.132579, 1.92361, -0.132632, 1.42515, 0.127313, 1.23056, -0.125418, 0.5,0.492842, 0.618345
1.66401,0.00684698, 1.7377, 0.00725047, 1.9583, 0.129401, 1.8748, -0.130992, 1.37347, 0.13679, 1.46413, -0.131033, 2.08359, 0.133584, 1.92361, -0.132632, 1.42515, 0.127313, 1.58334, -0.124414, 0.6,0.262702, 0.581958
1.72052,0.00963778, 1.74701, 0.00697227, 1.92602, 0.136232, 2.00295, -0.13075, 1.5047, 0.13823, 1.43597, -0.127026, 1.95189, 0.135639, 2.03925, -0.122784, 1.53766, 0.144021, 1.45037, -0.122386, 0.3,0.309837, 0.404258
1.83455,0.0176389, 1.81246, 0.00969941, 2.12875, 0.14759, 2.02762, -0.121641, 1.52954, 0.142599, 1.6311, -0.115996, 2.15434, 0.141149, 2.0408, -0.121172, 1.53909, 0.14198, 1.66378, -0.121873, 0.5,0.331233, 0.373988
1.92218,0.0263752, 1.94227, 0.0171774, 2.11394, 0.154611, 2.22134, -0.100862, 1.72003, 0.15515, 1.61869, -0.110815, 2.13114, 0.145262, 2.26629, -0.121765, 1.76931, 0.144641, 1.63025, -0.114393, 0.6,0.429062, 0.51173
2.07078,0.0357913, 2.07205, 0.0252782, 2.36396, 0.167211, 2.17448, -0.100999, 1.67311, 0.160438, 1.87626, -0.103947, 2.43151, 0.14903, 2.21363, -0.107317, 1.71428, 0.156735, 1.93326, -0.112022, 0.9,0.701452, 0.693088
2.19367,0.0359619, 2.28177, 0.0338532, 2.51631, 0.1453, 2.38211, -0.101747, 1.88644, 0.163625, 2.0178, -0.109208, 2.44358, 0.158973, 2.74047, -0.103014, 2.24284, 0.164484, 1.94897, -0.0939026, 0.8,0.464487, 0.919151
2.60812,0.0226865, 2.34893, 0.0338023, 2.7515, 0.140932, 2.95706, -0.115751, 2.45702, 0.145186, 2.25176, -0.118794, 2.72342, 0.165037, 2.5009, -0.103415, 2.00524, 0.169906, 2.2333, -0.0998255, 0.8,0.787295, 0.700354
2.79856,0.0394807, 2.84392, 0.0206405, 3.18759, 0.17396, 2.91704, -0.0995936, 2.417, 0.1643, 2.69327, -0.0823589, 3.25117, 0.1438, 2.95371, -0.10909, 2.45612, 0.153114, 2.74889, -0.112199, 0.5,0.892405, 0.801712
3.03575,0.063855, 3.02101, 0.0373172, 3.22212, 0.200761, 3.37482, -0.0492459, 2.87369, 0.203873, 2.73515, -0.0704238, 3.23687, 0.168042, 3.45866, -0.104746, 2.96204, 0.16614, 2.73466, -0.082159, 0.5,0.542965, 0.605291
3.19047,0.0668942, 3.17243, 0.0611974, 3.51287, 0.200113, 3.38183, -0.056278, 2.88118, 0.204514, 3.01182, -0.060982, 3.49186, 0.179545, 3.36391, -0.0698826, 2.86715, 0.196204, 3.00024, -0.0822837, 0.5,0.497163, 0.433437
3.30166,0.0667201, 3.33425, 0.06437, 3.49313, 0.202585, 3.61903, -0.059517, 3.12052, 0.19359, 2.99756, -0.0647213, 3.48726, 0.190137, 3.67691, -0.070805, 3.1806, 0.198217, 2.98174, -0.0684842, 0.5,0.484988, 0.496511
3.43297,0.0637688, 3.43706, 0.0641948, 3.7496, 0.186004, 3.61945, -0.0646346, 3.12224, 0.197579, 3.24832, -0.0673443, 3.81029, 0.192377, 3.63934, -0.0677321, 3.14315, 0.19869, 3.30954, -0.0662359, 0.4,0.425149, 0.47206
3.56252,0.0620041, 3.55401, 0.0617505, 3.77209, 0.194632, 3.85741, -0.0781972, 3.35902, 0.176707, 3.27418, -0.0681906, 3.74188, 0.189112, 3.88303, -0.0689689, 3.38956, 0.200927, 3.23517, -0.0635758, 0.4,0.280178, 0.39488
3.61392,0.049015, 3.64062, 0.0596567, 3.86257, 0.170973, 3.87811, -0.0879412, 3.37953, 0.169943, 3.36423, -0.0900605, 3.96351, 0.190647, 3.86316, -0.0760346, 3.3719, 0.186567, 3.46095, -0.0630958, 0.4,-0.0827563, 0.347963
3.59541,0.0555115, 3.6081, 0.0491397, 3.85663, 0.177582, 3.82508, -0.0787258, 3.32806, 0.180846, 3.35977, -0.0824639, 3.86056, 0.172179, 3.84014, -0.0829199, 3.3486, 0.186189, 3.3546, -0.0715692, 0.3,-0.0780481, 0.199245
3.57351,0.0597552, 3.61096, 0.0551554, 3.80812, 0.18781, 3.82394, -0.0767644, 3.32605, 0.184949, 3.30946, -0.0730713, 3.8615, 0.173591, 3.82252, -0.0821181, 3.32745, 0.188995, 3.3589, -0.0750059, 0.4,-0.0529416, 0.262017
3.56714,0.0611886, 3.59524, 0.059297, 3.80658, 0.189009, 3.80596, -0.0700302, 3.30701, 0.186164, 3.30956, -0.0721361, 3.80801, 0.179019, 3.85766, -0.0841933, 3.36547, 0.187948, 3.30226, -0.0677531, 0.4,-0.0115261, 0.326338
3.56143,0.0622883, 3.59888, 0.0604324, 3.80214, 0.189193, 3.8042, -0.0737504, 3.30695, 0.188482, 3.3015, -0.0662341, 3.86653, 0.178468, 3.79855, -0.0799606, 3.3056, 0.189711, 3.36338, -0.0708139, 0.4,-0.0196258, 0.337853
