-0.0182238,0.00358566, 0.0801503, -0.0282394, 0.207287, 0.170983, 0.235356, -0.169642, -0.241923, 0.17337, -0.268361, -0.172023, 0.207004, 0.170657, 0.390161, -0.194879, -0.0890392, 0.150289, -0.268848, -0.172362, 0.9
0.0042503,0.00330708, 0.0977395, 0.00827656, 0.2528, 0.173435, 0.235985, -0.169282, -0.240379, 0.173548, -0.22491, -0.169167, 0.379214, 0.204221, 0.235356, -0.169642, -0.241923, 0.17337, -0.0974759, -0.140018, 0.9
0.0288478,-0.00493204, 0.11892, 3.73476e-05, 0.253995, 0.173159, 0.2844, -0.173257, -0.193408, 0.1693, -0.223837, -0.169482, 0.2528, 0.173435, 0.407312, -0.146054, -0.068426, 0.196776, -0.22491, -0.169167, 0.9
0.0520013,0.000990083, 0.14329, 0.00395775, 0.306003, 0.170846, 0.285689, -0.173348, -0.192667, 0.16903, -0.172506, -0.171318, 0.430841, 0.197487, 0.2844, -0.173257, -0.193408, 0.1693, -0.0474919, -0.146463, 0.9
0.0780035,-0.00744074, 0.166656, -0.00285011, 0.306931, 0.170626, 0.33484, -0.176228, -0.14402, 0.166004, -0.17174, -0.17123, 0.306003, 0.170846, 0.45952, -0.150367, -0.0180452, 0.192011, -0.172506, -0.171318, 0.9
0.104524,-0.000825021, 0.194585, 0.00197549, 0.358766, 0.169509, 0.336349, -0.175761, -0.142733, 0.166403, -0.120222, -0.172534, 0.483038, 0.193906, 0.33484, -0.176228, -0.14402, 0.166004, 0.00392018, -0.149165, 0.9
0.130185,-0.00932762, 0.219401, -0.0050959, 0.360022, 0.168825, 0.386189, -0.178158, -0.0929669, 0.163951, -0.119417, -0.172605, 0.358766, 0.169509, 0.511924, -0.152493, 0.0337014, 0.189671, -0.120222, -0.172534, 0.9
0.1551,-0.00221575, 0.245908, -0.000176393, 0.411518, 0.167905, 0.38773, -0.177731, -0.0917578, 0.164331, -0.0678292, -0.173991, 0.534823, 0.191721, 0.386189, -0.178158, -0.0929669, 0.163951, 0.0549118, -0.150885, 0.9
0.182046,-0.0108564, 0.269813, -0.00676744, 0.412763, 0.167559, 0.438127, -0.179461, -0.0409036, 0.162868, -0.0675166, -0.173713, 0.411518, 0.167905, 0.564306, -0.153885, 0.08571, 0.188177, -0.0678292, -0.173991, 0.9
0.207345,-0.003499, 0.298318, -0.0015506, 0.463427, 0.166726, 0.439169, -0.179092, -0.0401677, 0.162769, -0.0168727, -0.174363, 0.587311, 0.190087, 0.438127, -0.179461, -0.0409036, 0.162868, 0.106564, -0.152311, 0.9
0.232848,-0.0121597, 0.322145, -0.00817503, 0.46484, 0.16599, 0.489571, -0.181186, 0.0101826, 0.160856, -0.0155465, -0.174906, 0.463427, 0.166726, 0.616166, -0.155111, 0.137735, 0.186751, -0.0168727, -0.174363, 0.9
0.260163,-0.0047427, 0.350857, -0.00290795, 0.515645, 0.165442, 0.491089, -0.180501, 0.0116535, 0.161309, 0.0348793, -0.175336, 0.63923, 0.188294, 0.489571, -0.181186, 0.0101826, 0.160856, 0.158373, -0.1537, 0.9
0.284304,-0.0134108, 0.374536, -0.00955844, 0.517065, 0.164691, 0.541529, -0.182523, 0.0620713, 0.159455, 0.0361919, -0.175883, 0.515645, 0.165442, 0.668315, -0.15585, 0.189787, 0.185961, 0.0348793, -0.175336, 0.9
0.311882,-0.00593136, 0.401212, -0.00387049, 0.567911, 0.164162, 0.543105, -0.182062, 0.0632899, 0.159871, 0.0879579, -0.177421, 0.691737, 0.186702, 0.541529, -0.182523, 0.0620713, 0.159455, 0.210404, -0.154928, 0.9
0.337561,-0.0148391, 0.42619, -0.0108109, 0.569162, 0.163461, 0.593523, -0.183803, 0.113939, 0.158063, 0.0881753, -0.177044, 0.567911, 0.164162, 0.720468, -0.157215, 0.241568, 0.184718, 0.0879579, -0.177421, 0.9
0.363216,-0.00714211, 0.453626, -0.00549297, 0.619548, 0.163004, 0.594799, -0.183122, 0.115155, 0.158547, 0.138666, -0.177728, 0.743481, 0.185431, 0.593523, -0.183803, 0.113939, 0.158063, 0.262019, -0.156135, 0.9
0.389277,-0.0160965, 0.477854, -0.0120081, 0.621148, 0.162485, 0.645605, -0.184592, 0.166405, 0.157543, 0.139882, -0.178192, 0.619548, 0.163004, 0.772205, -0.158579, 0.293484, 0.18309, 0.138666, -0.177728, 0.9
0.414488,-0.00842396, 0.505595, -0.00667626, 0.671596, 0.161755, 0.646817, -0.184381, 0.16712, 0.157231, 0.190704, -0.178978, 0.795525, 0.184374, 0.645605, -0.184592, 0.166405, 0.157543, 0.313791, -0.157359, 0.9
0.441211,-0.0173559, 0.528919, -0.0133278, 0.673027, 0.160998, 0.697309, -0.186331, 0.217664, 0.155479, 0.192018, -0.17953, 0.671596, 0.161755, 0.824309, -0.159672, 0.345538, 0.18194, 0.190704, -0.178978, 0.9
0.466625,-0.00965148, 0.557594, -0.00791547, 0.723792, 0.160493, 0.698864, -0.185862, 0.218883, 0.155943, 0.243787, -0.181096, 0.847412, 0.182859, 0.697309, -0.186331, 0.217664, 0.155479, 0.365936, -0.158723, 0.9
0.491946,-0.018459, 0.581612, -0.0144236, 0.725119, 0.159973, 0.749595, -0.187472, 0.27029, 0.154828, 0.24359, -0.180421, 0.723792, 0.160493, 0.876074, -0.161718, 0.39702, 0.180087, 0.243787, -0.181096, 0.9
0.517822,-0.0109467, 0.608862, -0.00883131, 0.775684, 0.158995, 0.750803, -0.187176, 0.270731, 0.15459, 0.295599, -0.182342, 0.899861, 0.181635, 0.749595, -0.187472, 0.27029, 0.154828, 0.417886, -0.159799, 0.9
0.544548,-0.0197982, 0.620846, -0.0129362, 0.776842, 0.158546, 0.801223, -0.188818, 0.321461, 0.152997, 0.295554, -0.181601, 0.775684, 0.158995, 0.906871, -0.161425, 0.428198, 0.180341, 0.295599, -0.182342, 0.8
0.570695,-0.0120173, 0.636554, -0.0139423, 0.827612, 0.157551, 0.802801, -0.18837, 0.3227, 0.153388, 0.347529, -0.183605, 0.912616, 0.174181, 0.801223, -0.188818, 0.321461, 0.152997, 0.431383, -0.166945, 0.7
0.596137,-0.0209579, 0.636471, -0.0114779, 0.828945, 0.15759, 0.853404, -0.189363, 0.374099, 0.152651, 0.347383, -0.182669, 0.827612, 0.157551, 0.901024, -0.167481, 0.422639, 0.174277, 0.347529, -0.183605, 0.5
0.622372,-0.0132429, 0.649883, -0.0161994, 0.879471, 0.156876, 0.85481, -0.189503, 0.374718, 0.152274, 0.39951, -0.184495, 0.912275, 0.16386, 0.853404, -0.189363, 0.374099, 0.152651, 0.430923, -0.177103, 0.4
0.649069,-0.0222808, 0.66234, -0.015753, 0.880932, 0.156394, 0.905469, -0.191166, 0.426105, 0.151179, 0.399362, -0.183884, 0.879471, 0.156876, 0.918976, -0.180102, 0.439907, 0.161676, 0.39951, -0.184495, 0.3
0.674535,-0.0144331, 0.762487, 0.00587967, 0.931128, 0.154619, 0.906678, -0.190836, 0.42656, 0.150911, 0.451093, -0.186277, 1.08008, 0.176362, 0.905469, -0.191166, 0.426105, 0.151179, 0.595722, -0.164221, 0.9
0.700264,-0.0234117, 0.789492, -0.0192419, 0.932748, 0.154919, 0.95716, -0.192465, 0.477352, 0.149338, 0.451486, -0.185184, 0.931128, 0.154619, 1.08388, -0.166561, 0.604712, 0.175186, 0.451093, -0.186277, 0.9
0.725922,-0.0164408, 0.816504, -0.0139105, 0.96919, 0.15282, 0.958588, -0.191867, 0.478646, 0.149762, 0.50291, -0.187192, 1.10731, 0.176527, 0.95716, -0.192465, 0.477352, 0.149338, 0.6256, -0.164635, 0.9
0.746756,-0.0242056, 0.839001, -0.0207575, 0.966453, 0.153079, 1.00227, -0.192625, 0.526426, 0.148038, 0.503986, -0.187659, 0.96919, 0.15282, 1.12932, -0.164963, 0.651288, 0.176666, 0.50291, -0.187192, 0.9
0.769458,-0.020087, 0.862159, -0.0165226, 1.01902, 0.149202, 1.00509, -0.192516, 0.526898, 0.14857, 0.55136, -0.192498, 1.14217, 0.179105, 1.00227, -0.192625, 0.526426, 0.148038, 0.679802, -0.164148, 0.9
0.795433,-0.0272696, 0.877277, -0.0191218, 1.02252, 0.14892, 1.05754, -0.196739, 0.578411, 0.144948, 0.551593, -0.19378, 1.01902, 0.149202, 1.17092, -0.172527, 0.693555, 0.168559, 0.55136, -0.192498, 0.9
0.8226,-0.0233816, 0.893742, -0.0202641, 1.07816, 0.147716, 1.05908, -0.196421, 0.577517, 0.144079, 0.603566, -0.194314, 1.19366, 0.171858, 1.05754, -0.196739, 0.578411, 0.144948, 0.722571, -0.173139, 0.9
0.85162,-0.0308737, 0.919382, -0.0304625, 1.08013, 0.146991, 1.11098, -0.199785, 0.628992, 0.140317, 0.605045, -0.194755, 1.07816, 0.147716, 1.23901, -0.153304, 0.758625, 0.187197, 0.603566, -0.194314, 0.9
0.878012,-0.024505, 0.942699, -0.028371, 1.13223, 0.147329, 1.11231, -0.199127, 0.630242, 0.140701, 0.657754, -0.195162, 1.24669, 0.172145, 1.11098, -0.199785, 0.628992, 0.140317, 0.770912, -0.171548, 0.9
0.904574,-0.0331887, 0.936452, -0.0255622, 1.13207, 0.147245, 1.16473, -0.20125, 0.684519, 0.140016, 0.659006, -0.195601, 1.13223, 0.147329, 1.23181, -0.144171, 0.752619, 0.195656, 0.657754, -0.195162, 0.6
0.93055,-0.0259729, 0.956771, -0.0316968, 1.1876, 0.145806, 1.16515, -0.201873, 0.68589, 0.139373, 0.712342, -0.196745, 1.24705, 0.162203, 1.16473, -0.20125, 0.684519, 0.140016, 0.773525, -0.182468, 0.6
0.958713,-0.0350335, 0.951352, -0.0274773, 1.18482, 0.14651, 1.21785, -0.203134, 0.738841, 0.138595, 0.713475, -0.197117, 1.1876, 0.145806, 1.22922, -0.155561, 0.752652, 0.185685, 0.712342, -0.196745, 0.3
0.98493,-0.0269138, 0.972036, -0.0351408, 1.24107, 0.143114, 1.21899, -0.204303, 0.734574, 0.134543, 0.765239, -0.199139, 1.24563, 0.150774, 1.21785, -0.203134, 0.738841, 0.138595, 0.774216, -0.194686, 0.3
1.01119,-0.0374, 0.978866, -0.0325054, 1.23674, 0.146047, 1.26935, -0.207518, 0.78977, 0.133964, 0.765918, -0.197609, 1.24107, 0.143114, 1.25042, -0.166023, 0.76831, 0.172824, 0.765239, -0.199139, 0.1
1.03772,-0.0283832, 1.07173, -0.0166741, 1.29487, 0.143038, 1.27095, -0.207002, 0.790993, 0.134424, 0.819157, -0.199771, 1.3938, 0.159818, 1.26935, -0.207518, 0.78977, 0.133964, 0.920357, -0.185256, 0.7
1.06195,-0.03714, 1.106, -0.038781, 1.28925, 0.14527, 1.31811, -0.205886, 0.840505, 0.13522, 0.818072, -0.198497, 1.29487, 0.143038, 1.41676, -0.158592, 0.938361, 0.182834, 0.819157, -0.199771, 0.7
1.08312,-0.0270502, 1.11563, -0.0379104, 1.33816, 0.140754, 1.28599, -0.203867, 0.844739, 0.134311, 0.866759, -0.199414, 1.40187, 0.159174, 1.31811, -0.205886, 0.840505, 0.13522, 0.930556, -0.186323, 0.6
1.10203,-0.0340849, 1.16793, -0.04415, 1.34021, 0.140482, 1.34604, -0.201911, 0.887481, 0.138298, 0.861919, -0.197401, 1.33816, 0.140754, 1.48701, -0.164719, 1.04341, 0.173459, 0.866759, -0.199414, 0.9
1.12944,-0.027047, 1.139, -0.051769, 1.39236, 0.141871, 1.34921, -0.20166, 0.886723, 0.138798, 0.913215, -0.198001, 1.4099, 0.160499, 1.34604, -0.201911, 0.887481, 0.138298, 0.930622, -0.17716, 0.5
1.15535,-0.0328741, 1.207, -0.0538001, 1.38956, 0.144123, 1.41028, -0.203005, 0.939408, 0.137236, 0.914766, -0.196008, 1.39236, 0.141871, 1.55787, -0.1486, 1.09404, 0.191858, 0.913215, -0.198001, 0.9
1.18437,-0.0259334, 1.22372, -0.0379142, 1.44465, 0.143378, 1.41016, -0.202687, 0.939984, 0.137325, 0.967228, -0.197384, 1.54349, 0.171335, 1.41028, -0.203005, 0.939408, 0.137236, 1.06685, -0.170041, 0.9
1.21085,-0.0357536, 1.23276, -0.0350252, 1.44081, 0.146326, 1.46772, -0.20671, 0.988242, 0.138345, 0.965444, -0.193086, 1.44465, 0.143378, 1.56045, -0.120272, 1.09237, 0.21974, 0.967228, -0.197384, 0.7
1.23452,-0.0283463, 1.24975, -0.0398438, 1.49727, 0.147093, 1.46949, -0.206113, 0.989891, 0.138673, 1.01258, -0.197638, 1.56564, 0.163692, 1.46772, -0.20671, 0.988242, 0.138345, 1.08903, -0.177385, 0.7
1.2647,-0.036308, 1.25379, -0.0365492, 1.49148, 0.151402, 1.52308, -0.204606, 1.04333, 0.13776, 1.01562, -0.198246, 1.49727, 0.147093, 1.56494, -0.127821, 1.08823, 0.216965, 1.01258, -0.197638, 0.4
1.29081,-0.0253455, 1.27914, -0.0406535, 1.546, 0.148315, 1.51772, -0.206689, 1.04565, 0.138303, 1.0691, -0.197345, 1.56544, 0.161009, 1.52308, -0.204606, 1.04333, 0.13776, 1.08841, -0.189843, 0.4
1.31632,-0.0360512, 1.29368, -0.0327743, 1.54749, 0.147655, 1.57469, -0.205811, 1.09866, 0.137641, 1.06902, -0.19678, 1.546, 0.148315, 1.57204, -0.157401, 1.10172, 0.187591, 1.0691, -0.197345, 0.2
1.34426,-0.0269504, 1.3038, -0.0394712, 1.60308, 0.143904, 1.57511, -0.20668, 1.0988, 0.136743, 1.12435, -0.199062, 1.57041, 0.144628, 1.57469, -0.205811, 1.09866, 0.137641, 1.0918, -0.200699, 0.1
1.37127,-0.0368547, 1.40913, -0.0549281, 1.60391, 0.14481, 1.6308, -0.20617, 1.15314, 0.13658, 1.12551, -0.198602, 1.60308, 0.143904, 1.74113, -0.188562, 1.26264, 0.154861, 1.12435, -0.199062, 0.7
1.39622,-0.0296981, 1.4351, -0.0356729, 1.65176, 0.139851, 1.62588, -0.208539, 1.15032, 0.133301, 1.17938, -0.200698, 1.73208, 0.160185, 1.6308, -0.20617, 1.15314, 0.13658, 1.25273, -0.184364, 0.7
1.41701,-0.0400216, 1.44217, -0.0353296, 1.62212, 0.139635, 1.67145, -0.207666, 1.19315, 0.131954, 1.18036, -0.200357, 1.65176, 0.139851, 1.73632, -0.160116, 1.26292, 0.181723, 1.17938, -0.200698, 0.5
1.43826,-0.0351743, 1.50056, -0.0306348, 1.68293, 0.133684, 1.6751, -0.207494, 1.20116, 0.132195, 1.22161, -0.206567, 1.8086, 0.172546, 1.67145, -0.207666, 1.19315, 0.131954, 1.36564, -0.171835, 0.9
1.4668,-0.0434794, 1.45396, -0.0254043, 1.68596, 0.133336, 1.72978, -0.212442, 1.2528, 0.128763, 1.22308, -0.207, 1.68293, 0.133684, 1.72326, -0.1458, 1.2535, 0.193889, 1.22161, -0.206567, 0.3
1.49327,-0.0395078, 1.53455, -0.0260732, 1.74671, 0.131728, 1.72712, -0.213564, 1.25259, 0.126406, 1.27512, -0.207108, 1.87456, 0.157349, 1.72978, -0.212442, 1.2528, 0.128763, 1.40871, -0.185091, 0.9
1.52043,-0.0478848, 1.56838, -0.0520744, 1.74823, 0.131342, 1.77974, -0.215138, 1.30281, 0.125667, 1.27352, -0.20627, 1.74671, 0.131728, 1.91308, -0.141169, 1.43981, 0.198801, 1.27512, -0.207108, 0.9
1.54832,-0.0388014, 1.58425, -0.0523887, 1.80778, 0.12924, 1.77884, -0.218944, 1.30267, 0.120391, 1.32411, -0.211082, 1.90748, 0.155472, 1.77974, -0.215138, 1.30281, 0.125667, 1.43144, -0.183984, 0.9
1.57549,-0.0504638, 1.58695, -0.0465507, 1.80761, 0.132109, 1.82925, -0.226698, 1.35128, 0.122993, 1.32628, -0.211569, 1.80778, 0.12924, 1.91114, -0.134896, 1.43796, 0.204438, 1.32411, -0.211082, 0.6
1.6021,-0.0413166, 1.60507, -0.0500378, 1.85531, 0.131322, 1.83055, -0.226158, 1.35427, 0.123728, 1.37991, -0.211715, 1.91346, 0.139423, 1.82925, -0.226698, 1.35128, 0.122993, 1.4315, -0.20615, 0.6
1.6284,-0.0533734, 1.62399, -0.0461432, 1.85675, 0.130662, 1.8868, -0.223964, 1.4095, 0.122209, 1.38177, -0.212457, 1.85531, 0.131322, 1.9172, -0.168959, 1.44321, 0.180927, 1.37991, -0.211715, 0.4
1.65513,-0.0434939, 1.63706, -0.0550304, 1.91201, 0.126143, 1.88642, -0.224705, 1.40777, 0.120001, 1.43474, -0.215764, 1.91332, 0.13107, 1.8868, -0.223964, 1.4095, 0.122209, 1.43865, -0.213928, 0.3
1.68439,-0.0541827, 1.6495, -0.0491693, 1.91421, 0.12769, 1.93911, -0.225628, 1.46408, 0.118966, 1.43725, -0.214642, 1.91201, 0.126143, 1.92053, -0.185961, 1.44386, 0.158745, 1.43474, -0.215764, 0.1
1.70964,-0.0449898, 1.74409, -0.0339661, 1.96951, 0.126713, 1.93665, -0.225908, 1.46537, 0.119492, 1.49276, -0.216189, 2.06789, 0.141437, 1.93911, -0.225628, 1.46408, 0.118966, 1.58772, -0.201494, 0.7
1.73415,-0.0526865, 1.76634, -0.0532516, 1.97101, 0.126202, 1.98842, -0.222421, 1.51711, 0.119828, 1.49229, -0.215681, 1.96951, 0.126713, 2.06728, -0.176592, 1.59746, 0.168807, 1.49276, -0.216189, 0.6
1.75987,-0.0489688, 1.77747, -0.0540431, 2.01889, 0.119095, 1.99055, -0.222163, 1.51737, 0.118675, 1.54348, -0.219354, 2.06325, 0.138041, 1.98842, -0.222421, 1.51711, 0.119828, 1.58395, -0.204684, 0.5
1.78702,-0.0555873, 1.78857, -0.0512078, 2.02231, 0.118977, 2.0487, -0.227138, 1.57383, 0.117013, 1.54172, -0.218846, 2.01889, 0.119095, 2.07394, -0.191315, 1.60137, 0.149523, 1.54348, -0.219354, 0.4
1.81421,-0.050397, 1.78658, -0.0606936, 2.07637, 0.117603, 2.04328, -0.227284, 1.56858, 0.114464, 1.59602, -0.221377, 2.07143, 0.12313, 2.0487, -0.227138, 1.57383, 0.117013, 1.59018, -0.215457, 0.3
1.84073,-0.0576074, 1.87567, -0.0778717, 2.07871, 0.119909, 2.10403, -0.227104, 1.62704, 0.115064, 1.5992, -0.21876, 2.07637, 0.117603, 2.23139, -0.185803, 1.75502, 0.155945, 1.59602, -0.221377, 0.8
1.87219,-0.0491627, 1.9074, -0.0582199, 2.13542, 0.119122, 2.09813, -0.228085, 1.62723, 0.112613, 1.65034, -0.221615, 2.23797, 0.144093, 2.10403, -0.227104, 1.62704, 0.115064, 1.75628, -0.195492, 0.9
1.89323,-0.0589262, 1.90988, -0.0558675, 2.13307, 0.122531, 2.15287, -0.228335, 1.67309, 0.113187, 1.62595, -0.213066, 2.13542, 0.119122, 2.23035, -0.145316, 1.76182, 0.195382, 1.65034, -0.221615, 0.6
1.92059,-0.0507963, 1.92148, -0.0547934, 2.18289, 0.124092, 2.15736, -0.234007, 1.67537, 0.113812, 1.68687, -0.220762, 2.25482, 0.125786, 2.15287, -0.228335, 1.67309, 0.113187, 1.74592, -0.208838, 0.6
1.94936,-0.0632787, 1.94255, -0.0602881, 2.18224, 0.12489, 2.2097, -0.23042, 1.72967, 0.113734, 1.68953, -0.221512, 2.18289, 0.124092, 2.24837, -0.164852, 1.76822, 0.182968, 1.68687, -0.220762, 0.4
1.97462,-0.0528392, 1.95559, -0.067635, 2.22988, 0.121373, 2.21082, -0.232385, 1.73236, 0.112774, 1.7508, -0.223691, 2.24313, 0.128712, 2.2097, -0.23042, 1.72967, 0.113734, 1.74942, -0.217766, 0.3
2.00269,-0.0633164, 1.96784, -0.0584144, 2.23152, 0.120756, 2.26555, -0.232901, 1.78688, 0.110791, 1.75233, -0.224261, 2.22988, 0.121373, 2.24048, -0.192108, 1.76377, 0.153051, 1.7508, -0.223691, 0.1
2.02999,-0.0552411, 2.07473, -0.0386852, 2.28604, 0.117692, 2.26438, -0.233951, 1.78679, 0.109842, 1.80967, -0.225845, 2.41332, 0.137318, 2.26555, -0.232901, 1.78688, 0.110791, 1.9306, -0.208325, 0.8
2.05589,-0.0637679, 2.10001, -0.0621171, 2.28668, 0.11744, 2.31416, -0.232634, 1.836, 0.10963, 1.81073, -0.226156, 2.28604, 0.117692, 2.40721, -0.183414, 1.93137, 0.16038, 1.80967, -0.225845, 0.7
2.07738,-0.0559011, 2.10976, -0.0645785, 2.33595, 0.113105, 2.2852, -0.232005, 1.84126, 0.108296, 1.85732, -0.227233, 2.39842, 0.131532, 2.31416, -0.232634, 1.836, 0.10963, 1.92195, -0.213196, 0.6
2.09956,-0.061462, 2.11714, -0.0603543, 2.33861, 0.113002, 2.34612, -0.229825, 1.8836, 0.111577, 1.85845, -0.226122, 2.33595, 0.113105, 2.40078, -0.189356, 1.95644, 0.150945, 1.85732, -0.227233, 0.5
2.12882,-0.0551274, 2.12073, -0.0711564, 2.39282, 0.114481, 2.3491, -0.229588, 1.88512, 0.111933, 1.91302, -0.226146, 2.40117, 0.129763, 2.34612, -0.229825, 1.8836, 0.111577, 1.91908, -0.209002, 0.4
2.15391,-0.0607821, 2.20462, -0.0843938, 2.38987, 0.115518, 2.40992, -0.230839, 1.93519, 0.107666, 1.91069, -0.22245, 2.39282, 0.114481, 2.55916, -0.182732, 2.0932, 0.158789, 1.91302, -0.226146, 0.9
2.18235,-0.0538542, 2.22172, -0.0657919, 2.44372, 0.114528, 2.41162, -0.230534, 1.93637, 0.107945, 1.96451, -0.225127, 2.54476, 0.141943, 2.40992, -0.230839, 1.93519, 0.107666, 2.06379, -0.197162, 0.9
2.20788,-0.0617232, 2.23227, -0.0633088, 2.44131, 0.118291, 2.46431, -0.229425, 1.98724, 0.110414, 1.96819, -0.222461, 2.44372, 0.114528, 2.56385, -0.150073, 2.091, 0.188405, 1.96451, -0.225127, 0.7
2.23874,-0.0546248, 2.25116, -0.0645479, 2.49625, 0.122019, 2.46939, -0.234664, 1.98971, 0.110069, 2.01663, -0.22681, 2.56895, 0.136641, 2.46431, -0.229425, 1.98724, 0.110414, 2.09493, -0.206097, 0.7
2.26548,-0.064093, 2.25585, -0.0646421, 2.4941, 0.123258, 2.5223, -0.230609, 2.04212, 0.110666, 2.01932, -0.227307, 2.49625, 0.122019, 2.56578, -0.154169, 2.08928, 0.190564, 2.01663, -0.22681, 0.4
2.29268,-0.0535885, 2.28147, -0.0686228, 2.55081, 0.119686, 2.52302, -0.233723, 2.04509, 0.108654, 2.07566, -0.227399, 2.56745, 0.133477, 2.5223, -0.230609, 2.04212, 0.110666, 2.09167, -0.218483, 0.4
2.31888,-0.0637301, 2.28402, -0.0588188, 2.55208, 0.118833, 2.57476, -0.235222, 2.10117, 0.107935, 2.0749, -0.226424, 2.55081, 0.119686, 2.5586, -0.183787, 2.08306, 0.158591, 2.07566, -0.227399, 0.1
2.34712,-0.0551961, 2.30795, -0.0650901, 2.60954, 0.115684, 2.57634, -0.234723, 2.10254, 0.108401, 2.13121, -0.227825, 2.5767, 0.116707, 2.57476, -0.235222, 2.10117, 0.107935, 2.09879, -0.229157, 0.1
2.37827,-0.0644454, 2.41225, -0.0836888, 2.60983, 0.115972, 2.63308, -0.235159, 2.15869, 0.107876, 2.13188, -0.227485, 2.60954, 0.115684, 2.7454, -0.216753, 2.26931, 0.126371, 2.13121, -0.227825, 0.7
2.40137,-0.0585539, 2.44334, -0.0628322, 2.6601, 0.111775, 2.63462, -0.2348, 2.15996, 0.108185, 2.18574, -0.229753, 2.74004, 0.133456, 2.63308, -0.235159, 2.15869, 0.107876, 2.26108, -0.211153, 0.7
2.42728,-0.063114, 2.43707, -0.0599797, 2.66271, 0.111575, 2.68604, -0.231738, 2.21328, 0.109191, 2.1863, -0.22895, 2.6601, 0.111775, 2.72193, -0.189587, 2.24963, 0.153398, 2.18574, -0.229753, 0.4
2.45635,-0.0582126, 2.45512, -0.0702666, 2.71916, 0.113634, 2.68932, -0.231536, 2.21083, 0.109699, 2.24203, -0.228042, 2.73538, 0.131936, 2.68604, -0.231738, 2.21328, 0.109191, 2.25736, -0.209177, 0.4
2.48435,-0.0639227, 2.53611, -0.0875624, 2.71607, 0.113231, 2.74134, -0.233902, 2.26441, 0.104293, 2.24132, -0.227176, 2.71916, 0.113634, 2.89703, -0.187906, 2.41742, 0.15333, 2.24203, -0.228042, 0.9
2.51346,-0.0575063, 2.55433, -0.0698739, 2.77658, 0.11233, 2.74323, -0.233628, 2.26568, 0.104579, 2.29917, -0.229014, 2.87204, 0.141876, 2.74134, -0.233902, 2.26441, 0.104293, 2.39565, -0.200084, 0.9
2.53898,-0.066813, 2.57513, -0.0704684, 2.77039, 0.114518, 2.80378, -0.234948, 2.31822, 0.10587, 2.29623, -0.225333, 2.77658, 0.11233, 2.91647, -0.153373, 2.44098, 0.184833, 2.29917, -0.229014, 0.8
2.56741,-0.0535753, 2.59138, -0.0716526, 2.8278, 0.11976, 2.79947, -0.238336, 2.29657, 0.0961648, 2.34385, -0.22837, 2.90984, 0.135616, 2.80378, -0.234948, 2.31822, 0.10587, 2.43464, -0.206422, 0.8
2.58933,-0.0676375, 2.58342, -0.0668824, 2.82898, 0.119009, 2.8539, -0.236704, 2.35802, 0.103611, 2.34548, -0.229157, 2.8278, 0.11976, 2.90988, -0.146154, 2.41201, 0.188347, 2.34385, -0.22837, 0.4
2.61998,-0.0559445, 2.60047, -0.0676887, 2.88195, 0.113439, 2.85065, -0.241457, 2.36092, 0.104247, 2.40121, -0.230975, 2.89794, 0.119608, 2.8539, -0.236704, 2.35802, 0.103611, 2.41428, -0.23041, 0.4
2.64477,-0.0684301, 2.61941, -0.0634604, 2.88244, 0.115112, 2.90559, -0.238832, 2.42221, 0.104947, 2.39452, -0.225617, 2.88195, 0.113439, 2.90921, -0.191659, 2.42188, 0.154044, 2.40121, -0.230975, 0.2
2.67278,-0.0578741, 2.63129, -0.069972, 2.9353, 0.113791, 2.90695, -0.237992, 2.42385, 0.105614, 2.45386, -0.228265, 2.90497, 0.108445, 2.90559, -0.238832, 2.42221, 0.104947, 2.41705, -0.232904, 0.1
2.7015,-0.067839, 2.73801, -0.0859804, 2.93681, 0.112909, 2.95875, -0.239062, 2.48122, 0.103804, 2.45531, -0.228863, 2.9353, 0.113791, 3.07456, -0.221264, 2.58951, 0.122341, 2.45386, -0.228265, 0.7
2.72733,-0.0607688, 2.76743, -0.0655266, 2.98648, 0.108484, 2.96046, -0.238604, 2.48258, 0.104211, 2.51298, -0.231684, 3.06722, 0.128339, 2.95875, -0.239062, 2.48122, 0.103804, 2.58483, -0.214495, 0.7
2.74903,-0.0703028, 2.77446, -0.0657482, 2.95491, 0.107578, 3.00421, -0.238057, 2.52495, 0.102022, 2.51292, -0.231333, 2.98648, 0.108484, 3.06948, -0.192988, 2.59374, 0.149827, 2.51298, -0.231684, 0.5
2.77185,-0.0669048, 2.83378, -0.0608777, 3.01793, 0.101518, 3.01054, -0.238075, 2.53552, 0.102342, 2.55801, -0.239218, 3.14303, 0.141905, 3.00421, -0.238057, 2.52495, 0.102022, 2.69989, -0.2015, 0.9
2.79964,-0.0740246, 2.85991, -0.0733449, 3.02093, 0.101009, 3.0644, -0.244387, 2.58709, 0.0957182, 2.55768, -0.239318, 3.01793, 0.101518, 3.18498, -0.188567, 2.71131, 0.15185, 2.55801, -0.239218, 0.9
2.82504,-0.0711474, 2.87137, -0.0754659, 3.08529, 0.098012, 3.06434, -0.244381, 2.58526, 0.09467, 2.61283, -0.243039, 3.18501, 0.12781, 3.0644, -0.244387, 2.58709, 0.0957182, 2.72121, -0.215464, 0.9
2.85514,-0.0786773, 2.89167, -0.0808037, 3.08564, 0.0987366, 3.11393, -0.248998, 2.63794, 0.0896257, 2.61035, -0.238764, 3.08529, 0.098012, 3.23016, -0.173373, 2.75289, 0.165679, 2.61283, -0.243039, 0.8
2.88059,-0.0730611, 2.92078, -0.0808259, 3.14453, 0.0966658, 3.1149, -0.248643, 2.63855, 0.0896491, 2.66154, -0.242832, 3.24735, 0.12417, 3.11393, -0.248998, 2.63794, 0.0896257, 2.7702, -0.214909, 0.9
2.909,-0.0796315, 2.9101, -0.0782465, 3.14325, 0.101588, 3.1746, -0.25123, 2.68943, 0.0917949, 2.66398, -0.24326, 3.14453, 0.0966658, 3.23027, -0.167995, 2.75701, 0.170297, 2.66154, -0.242832, 0.5
2.93858,-0.0728019, 2.92891, -0.0780552, 3.2008, 0.0964557, 3.16952, -0.256297, 2.69248, 0.0923152, 2.72154, -0.246192, 3.23545, 0.106259, 3.1746, -0.25123, 2.68943, 0.0917949, 2.75586, -0.240597, 0.5
2.96669,-0.0839013, 2.94956, -0.0771603, 3.19765, 0.0985058, 3.22596, -0.255316, 2.75048, 0.091053, 2.72123, -0.24426, 3.2008, 0.0964557, 3.23834, -0.205677, 2.76332, 0.142935, 2.72154, -0.246192, 0.3
2.99363,-0.0748651, 2.96408, -0.0858192, 3.25484, 0.0969149, 3.22256, -0.255725, 2.75036, 0.0905549, 2.77876, -0.246467, 3.23633, 0.0968019, 3.22596, -0.255316, 2.75048, 0.091053, 2.75991, -0.247245, 0.2
3.02276,-0.0844092, 2.98628, -0.0829073, 3.25117, 0.0976053, 3.27926, -0.255692, 2.80383, 0.0872583, 2.77995, -0.246711, 3.25484, 0.0969149, 3.25886, -0.222261, 2.78804, 0.124018, 2.77876, -0.246467, 0.1
3.05031,-0.0762027, 3.08385, -0.063718, 3.30811, 0.0928626, 3.28092, -0.255213, 2.80516, 0.0876894, 2.83602, -0.248557, 3.40654, 0.11198, 3.27926, -0.255692, 2.80383, 0.0872583, 2.93248, -0.2335, 0.7
3.0749,-0.0840741, 3.1074, -0.084295, 3.30634, 0.0939207, 3.33277, -0.253248, 2.86074, 0.0882116, 2.83686, -0.248442, 3.30811, 0.0928626, 3.4098, -0.207331, 2.93602, 0.135571, 2.83602, -0.248557, 0.6
3.10193,-0.0789402, 3.11801, -0.0863577, 3.35987, 0.0896377, 3.33566, -0.253049, 2.86045, 0.0876144, 2.88921, -0.251275, 3.39935, 0.1082, 3.33277, -0.253248, 2.86074, 0.0882116, 2.92985, -0.236116, 0.5
3.13147,-0.0859362, 3.11874, -0.0788568, 3.36334, 0.0894776, 3.39559, -0.255746, 2.9181, 0.0859105, 2.88981, -0.251288, 3.35987, 0.0896377, 3.40002, -0.220094, 2.92652, 0.120569, 2.88921, -0.251275, 0.3
3.15948,-0.0810878, 3.20175, -0.0673201, 3.41792, 0.0905273, 3.38924, -0.256106, 2.91485, 0.0836681, 2.94663, -0.250192, 3.54602, 0.11115, 3.39559, -0.255746, 2.9181, 0.0859105, 3.06897, -0.230512, 0.9
3.18737,-0.0882499, 3.22324, -0.0912308, 3.4197, 0.090026, 3.45123, -0.257398, 2.97468, 0.0833497, 2.94784, -0.250591, 3.41792, 0.0905273, 3.56035, -0.183904, 3.08776, 0.15587, 2.94663, -0.250192, 0.8
3.21596,-0.0805417, 3.25275, -0.0894869, 3.47938, 0.0879704, 3.44797, -0.257609, 2.96974, 0.0793077, 2.99717, -0.253442, 3.57912, 0.114757, 3.45123, -0.257398, 2.97468, 0.0833497, 3.10558, -0.227663, 0.9
3.24595,-0.0909555, 3.24324, -0.0854283, 3.48034, 0.0914143, 3.5041, -0.264374, 3.02343, 0.082585, 2.99992, -0.254037, 3.47938, 0.0879704, 3.56222, -0.174457, 3.08739, 0.16246, 2.99717, -0.253442, 0.5
3.27675,-0.0820653, 3.26566, -0.0896452, 3.53796, 0.0871184, 3.50583, -0.263892, 3.02633, 0.0832101, 3.05821, -0.256093, 3.56958, 0.096267, 3.5041, -0.264374, 3.02343, 0.082585, 3.08862, -0.250928, 0.5
3.30212,-0.0923386, 3.28774, -0.0864975, 3.53494, 0.0886064, 3.55909, -0.263604, 3.08551, 0.0820196, 3.05871, -0.254932, 3.53796, 0.0871184, 3.57614, -0.214646, 3.09864, 0.132457, 3.05821, -0.256093, 0.3
3.3304,-0.0841917, 3.30057, -0.0944416, 3.59184, 0.0874615, 3.56022, -0.262852, 3.08706, 0.0825518, 3.11589, -0.255904, 3.57322, 0.0887553, 3.55909, -0.263604, 3.08551, 0.0820196, 3.0969, -0.256019, 0.2
3.36087,-0.0926946, 3.40717, -0.111188, 3.59015, 0.0874703, 3.61896, -0.26305, 3.14415, 0.08093, 3.11682, -0.256005, 3.59184, 0.0874615, 3.74441, -0.243232, 3.26921, 0.102172, 3.11589, -0.255904, 0.8
3.3888,-0.0861534, 3.43869, -0.0900969, 3.63725, 0.0827578, 3.62055, -0.262374, 3.14568, 0.081337, 3.173, -0.256891, 3.73983, 0.108628, 3.61896, -0.26305, 3.14415, 0.08093, 3.26578, -0.236677, 0.8
3.41303,-0.0930214, 3.43442, -0.0875697, 3.63917, 0.0822792, 3.67157, -0.261946, 3.20095, 0.0802506, 3.17427, -0.257375, 3.63725, 0.0827578, 3.72149, -0.210129, 3.24975, 0.133581, 3.173, -0.256891, 0.5
3.4404,-0.0895769, 3.45376, -0.0930736, 3.69544, 0.078631, 3.67475, -0.261813, 3.20059, 0.0797273, 3.22613, -0.261593, 3.73735, 0.0987308, 3.67157, -0.261946, 3.20095, 0.0802506, 3.2723, -0.243415, 0.5
3.46631,-0.095103, 3.45491, -0.0894825, 3.69823, 0.0784624, 3.73101, -0.264661, 3.2541, 0.076945, 3.22749, -0.261869, 3.69544, 0.078631, 3.73663, -0.226407, 3.264, 0.115134, 3.22613, -0.261593, 0.3
3.4969,-0.0918919, 3.53849, -0.076178, 3.75846, 0.0787263, 3.72881, -0.265449, 3.25318, 0.074664, 3.28426, -0.261053, 3.88413, 0.102002, 3.73101, -0.264661, 3.2541, 0.076945, 3.41024, -0.239829, 0.9
3.52543,-0.0985259, 3.57312, -0.104399, 3.7575, 0.0781683, 3.78831, -0.268061, 3.30529, 0.0689168, 3.28534, -0.261323, 3.75846, 0.0787263, 3.91995, -0.196979, 3.44564, 0.143134, 3.28426, -0.261053, 0.9
3.55362,-0.0912926, 3.59181, -0.103555, 3.81782, 0.080565, 3.78763, -0.267848, 3.30477, 0.067414, 3.33542, -0.263663, 3.91219, 0.10396, 3.78831, -0.268061, 3.30529, 0.0689168, 3.43886, -0.237599, 0.9
3.58063,-0.10019, 3.58218, -0.0975068, 3.81834, 0.0805583, 3.8482, -0.272016, 3.36028, 0.0703811, 3.33783, -0.264435, 3.81782, 0.080565, 3.90397, -0.184079, 3.42481, 0.151183, 3.33542, -0.263663, 0.5
3.61339,-0.0928252, 3.60393, -0.10008, 3.87682, 0.0762528, 3.84414, -0.275085, 3.36335, 0.0709742, 3.3973, -0.267075, 3.90898, 0.08554, 3.8482, -0.272016, 3.36028, 0.0703811, 3.42806, -0.261259, 0.5
3.64073,-0.103548, 3.62528, -0.0976695, 3.87302, 0.0776087, 3.89896, -0.274321, 3.42136, 0.0692485, 3.39762, -0.266043, 3.87682, 0.0762528, 3.91547, -0.226018, 3.43679, 0.120042, 3.3973, -0.267075, 0.3
3.66967,-0.0948957, 3.63965, -0.105981, 3.93232, 0.0748918, 3.90044, -0.273824, 3.42004, 0.0681824, 3.45474, -0.267804, 3.91007, 0.0769855, 3.89896, -0.274321, 3.42136, 0.0692485, 3.43483, -0.268151, 0.2
3.69816,-0.104259, 3.7342, -0.120107, 3.92686, 0.0772321, 3.95828, -0.27392, 3.47935, 0.0679488, 3.45609, -0.26752, 3.93232, 0.0748918, 4.06534, -0.251004, 3.58377, 0.0910015, 3.45474, -0.267804, 0.7
3.72338,-0.0975746, 3.69014, -0.123242, 3.98317, 0.0724891, 3.95903, -0.273659, 3.47765, 0.066421, 3.51172, -0.269473, 3.92777, 0.076992, 3.95828, -0.27392, 3.47935, 0.0679488, 3.45927, -0.27002, 0.1
3.74626,-0.107241, 3.76583, -0.119697, 3.95194, 0.0715799, 4.00716, -0.273762, 3.53262, 0.0656247, 3.51258, -0.269219, 3.98317, 0.0724891, 4.08095, -0.255677, 3.59918, 0.0844039, 3.51172, -0.269473, 0.5
3.76855,-0.103277, 3.83162, -0.0975608, 4.01661, 0.0656535, 4.00924, -0.27364, 3.53301, 0.0656039, 3.5565, -0.275074, 4.14011, 0.106148, 4.00716, -0.273762, 3.53262, 0.0656247, 3.69976, -0.239398, 0.9
3.79692,-0.109772, 3.79798, -0.0957739, 4.02004, 0.0653863, 4.06639, -0.279428, 3.58824, 0.061561, 3.55744, -0.276369, 4.01661, 0.0656535, 4.07853, -0.217408, 3.60599, 0.121836, 3.5565, -0.275074, 0.4
3.82553,-0.107579, 3.86884, -0.0960546, 4.08286, 0.0631058, 4.06575, -0.2798, 3.58428, 0.0583875, 3.61143, -0.275919, 4.20522, 0.0912636, 4.06639, -0.279428, 3.58824, 0.061561, 3.7402, -0.252947, 0.9
3.85423,-0.115514, 3.88952, -0.117298, 4.0794, 0.0626145, 4.11964, -0.282237, 3.6396, 0.0576866, 3.61035, -0.275239, 4.08286, 0.0631058, 4.22967, -0.207626, 3.75041, 0.130562, 3.61143, -0.275919, 0.8
3.88006,-0.109275, 3.92019, -0.116251, 4.13702, 0.0584332, 4.11643, -0.28558, 3.63748, 0.0527449, 3.66242, -0.280772, 4.24712, 0.0891042, 4.11964, -0.282237, 3.6396, 0.0576866, 3.77691, -0.251375, 0.9
3.90877,-0.116827, 3.91047, -0.114586, 4.14325, 0.0633551, 4.17342, -0.285923, 3.69051, 0.0551407, 3.66493, -0.281004, 4.13702, 0.0584332, 4.23143, -0.205828, 3.75584, 0.132498, 3.66242, -0.280772, 0.5
3.94037,-0.110556, 3.9313, -0.115345, 4.20205, 0.0594398, 4.17268, -0.292765, 3.69396, 0.0556768, 3.72486, -0.283747, 4.23814, 0.0709192, 4.17342, -0.285923, 3.69051, 0.0551407, 3.75964, -0.275673, 0.5
3.97012,-0.120826, 3.95293, -0.114945, 4.20311, 0.0587249, 4.2296, -0.291908, 3.75338, 0.053536, 3.72525, -0.283277, 4.20205, 0.0594398, 4.24312, -0.245442, 3.76637, 0.103, 3.72486, -0.283747, 0.3
3.99934,-0.113387, 3.96925, -0.123067, 4.26034, 0.0576761, 4.23116, -0.291175, 3.75532, 0.0539828, 3.7824, -0.28363, 4.24274, 0.0598894, 4.2296, -0.291908, 3.75338, 0.053536, 3.76482, -0.283394, 0.2
4.02959,-0.121445, 4.07661, -0.140245, 4.26182, 0.0572189, 4.29206, -0.290741, 3.81448, 0.0530934, 3.78366, -0.284044, 4.26034, 0.0576761, 4.41536, -0.273167, 3.93737, 0.071991, 3.7824, -0.28363, 0.8
4.05507,-0.116148, 4.10857, -0.118627, 4.30388, 0.0537084, 4.292, -0.291054, 3.81528, 0.0523836, 3.84028, -0.28585, 4.41274, 0.0788003, 4.29206, -0.290741, 3.81448, 0.0530934, 3.93373, -0.263971, 0.8
4.07918,-0.12491, 4.12066, -0.124525, 4.28507, 0.0521782, 4.33995, -0.291546, 3.86249, 0.0490459, 3.84142, -0.286304, 4.40002, 0.0776368, 4.292, -0.291054, 3.81528, 0.0523836, 3.9372, -0.266422, 0.7
4.10073,-0.121789, 4.12913, -0.131713, 4.35004, 0.0468927, 4.3424, -0.29159, 3.86782, 0.049178, 3.88848, -0.294557, 4.40248, 0.0795125, 4.33995, -0.291546, 3.86249, 0.0490459, 3.95971, -0.263701, 0.6
4.13013,-0.127928, 4.11676, -0.11923, 4.35325, 0.0465554, 4.39733, -0.298257, 3.91947, 0.0419767, 3.88891, -0.294813, 4.35004, 0.0468927, 4.39695, -0.250276, 3.92467, 0.0904918, 3.88848, -0.294557, 0.3
4.15663,-0.125767, 4.20104, -0.110966, 4.42096, 0.0442653, 4.39873, -0.298101, 3.91684, 0.0405419, 3.94824, -0.297316, 4.54259, 0.0724298, 4.39733, -0.298257, 3.91947, 0.0419767, 4.07535, -0.271144, 0.9
4.18996,-0.133774, 4.22184, -0.134887, 4.41319, 0.0438274, 4.44927, -0.303505, 3.97134, 0.0353324, 3.94313, -0.293812, 4.42096, 0.0442653, 4.56209, -0.228246, 4.08234, 0.110397, 3.94824, -0.297316, 0.8
4.21443,-0.125787, 4.2529, -0.135995, 4.47911, 0.0424934, 4.45085, -0.303085, 3.96651, 0.0332429, 3.9953, -0.298387, 4.57553, 0.0694817, 4.44927, -0.303505, 3.97134, 0.0353324, 4.1042, -0.270659, 0.9
4.24469,-0.137004, 4.24257, -0.131245, 4.47631, 0.0450394, 4.50442, -0.310689, 4.02215, 0.036184, 3.99792, -0.299105, 4.47911, 0.0424934, 4.56391, -0.21979, 4.08344, 0.116538, 3.9953, -0.298387, 0.5
4.27325,-0.128441, 4.26438, -0.136244, 4.53628, 0.0398549, 4.50609, -0.310233, 4.02503, 0.0367737, 4.05727, -0.302522, 4.56713, 0.0506927, 4.50442, -0.310689, 4.02215, 0.036184, 4.08839, -0.295565, 0.5
4.3003,-0.138503, 4.28581, -0.133151, 4.53589, 0.0411716, 4.56531, -0.307889, 4.08606, 0.0366746, 4.05794, -0.301218, 4.53628, 0.0398549, 4.57726, -0.262681, 4.09825, 0.0843248, 4.05727, -0.302522, 0.3
4.33233,-0.131384, 4.29018, -0.144178, 4.59409, 0.0395188, 4.56465, -0.308735, 4.0877, 0.0357884, 4.11552, -0.301634, 4.55443, 0.0394685, 4.56531, -0.307889, 4.08606, 0.0366746, 4.07692, -0.304253, 0.1
4.36049,-0.139228, 4.39797, -0.158277, 4.59567, 0.0390204, 4.6257, -0.308706, 4.14767, 0.0346831, 4.11693, -0.302103, 4.59409, 0.0395188, 4.73065, -0.295279, 4.25149, 0.0492442, 4.11552, -0.301634, 0.7
4.38858,-0.134233, 4.42808, -0.13655, 4.65061, 0.0354092, 4.62605, -0.308692, 4.14853, 0.034387, 4.17736, -0.305288, 4.72962, 0.0576316, 4.6257, -0.308706, 4.14767, 0.0346831, 4.25007, -0.28484, 0.7
4.41238,-0.142632, 4.44203, -0.1429, 4.61832, 0.0339189, 4.67427, -0.309469, 4.19804, 0.0310121, 4.17533, -0.304444, 4.72891, 0.0561554, 4.62605, -0.308692, 4.14853, 0.034387, 4.25644, -0.288818, 0.6
4.43421,-0.13991, 4.49822, -0.135933, 4.6838, 0.0287008, 4.67659, -0.309429, 4.2017, 0.0311851, 4.22613, -0.31283, 4.80489, 0.0698454, 4.67427, -0.309469, 4.19804, 0.0310121, 4.3611, -0.273091, 0.9
4.46508,-0.146197, 4.45259, -0.128689, 4.68718, 0.0283316, 4.73126, -0.316311, 4.2512, 0.0229518, 4.22313, -0.312909, 4.6838, 0.0287008, 4.72284, -0.254135, 4.2519, 0.0864795, 4.22613, -0.31283, 0.3
4.49166,-0.143943, 4.53382, -0.129131, 4.74548, 0.0263352, 4.73353, -0.315945, 4.25126, 0.0224321, 4.27702, -0.312567, 4.87661, 0.0544536, 4.73126, -0.316311, 4.2512, 0.0229518, 4.40967, -0.28906, 0.9
4.52384,-0.151914, 4.56837, -0.156079, 4.7473, 0.0256168, 4.78944, -0.321194, 4.30695, 0.0175766, 4.27846, -0.313007, 4.74548, 0.0263352, 4.9186, -0.247322, 4.43805, 0.0910556, 4.27702, -0.312567, 0.9
4.54634,-0.147023, 4.58805, -0.157334, 4.8032, 0.0213814, 4.78547, -0.321384, 4.30236, 0.0139666, 4.32881, -0.318187, 4.90617, 0.0520645, 4.78944, -0.321194, 4.30695, 0.0175766, 4.43638, -0.289102, 0.9
4.57729,-0.154743, 4.62443, -0.163955, 4.81132, 0.0267798, 4.84636, -0.325978, 4.35839, 0.0169241, 4.3336, -0.31833, 4.8032, 0.0213814, 4.98643, -0.248382, 4.50493, 0.0869691, 4.32881, -0.318187, 0.9
4.6085,-0.14742, 4.64953, -0.152628, 4.87099, 0.0226249, 4.84207, -0.329169, 4.3616, 0.0175389, 4.39332, -0.320452, 4.97415, 0.0451142, 4.84636, -0.325978, 4.35839, 0.0169241, 4.49598, -0.302521, 0.9
4.63775,-0.157932, 4.69528, -0.157424, 4.87253, 0.0217424, 4.90092, -0.328516, 4.42304, 0.0160484, 4.39548, -0.321109, 4.87099, 0.0226249, 5.02953, -0.272315, 4.55048, 0.0743931, 4.39332, -0.320452, 0.9
4.66743,-0.150944, 4.72656, -0.154267, 4.93387, 0.0185731, 4.90244, -0.328121, 4.42466, 0.0163765, 4.45556, -0.323733, 5.03955, 0.0446351, 4.90092, -0.328516, 4.42304, 0.0160484, 4.56179, -0.300086, 0.9
4.69866,-0.158515, 4.74015, -0.154817, 4.93394, 0.0189267, 4.96291, -0.328132, 4.48485, 0.0147343, 4.45411, -0.321276, 4.93387, 0.0185731, 5.0469, -0.276294, 4.57117, 0.0682042, 4.45556, -0.323733, 0.7
4.72872,-0.152397, 4.75384, -0.159438, 4.99442, 0.0177044, 4.96421, -0.32754, 4.48645, 0.0151017, 4.51512, -0.323202, 5.04647, 0.034986, 4.96291, -0.328132, 4.48485, 0.0147343, 4.56623, -0.306516, 0.6
4.75858,-0.15928, 4.76368, -0.156458, 4.99552, 0.0170773, 5.02028, -0.329061, 4.54409, 0.0123834, 4.51672, -0.323609, 4.99442, 0.0177044, 5.05368, -0.288023, 4.57769, 0.054618, 4.51512, -0.323202, 0.4
4.79022,-0.153358, 4.77656, -0.162066, 5.05642, 0.0161885, 5.02196, -0.328694, 4.54553, 0.0127376, 4.57743, -0.325457, 5.0529, 0.0245513, 5.02028, -0.329061, 4.54409, 0.0123834, 4.57366, -0.316954, 0.3
4.81813,-0.160998, 4.88176, -0.179967, 5.0511, 0.0172161, 5.08369, -0.329408, 4.60592, 0.0127158, 4.57469, -0.323033, 5.05642, 0.0161885, 5.22417, -0.309444, 4.74566, 0.0319885, 4.57743, -0.325457, 0.9
4.84867,-0.154703, 4.91082, -0.157756, 5.11139, 0.0140966, 5.08358, -0.329725, 4.60646, 0.0120122, 4.63349, -0.326688, 5.22085, 0.0423084, 5.08369, -0.329408, 4.60592, 0.0127158, 4.74362, -0.299625, 0.9
4.87923,-0.163172, 4.9457, -0.163909, 5.11372, 0.0150603, 5.14145, -0.333129, 4.66089, 0.0119721, 4.63621, -0.325882, 5.11139, 0.0140966, 5.26969, -0.283889, 4.79365, 0.0578472, 4.63349, -0.326688, 0.9
4.9079,-0.15593, 4.97309, -0.160381, 5.17334, 0.0150654, 5.14325, -0.332702, 4.66327, 0.0123142, 4.68906, -0.329271, 5.28194, 0.0412454, 5.14145, -0.333129, 4.66089, 0.0119721, 4.80352, -0.301365, 0.9
4.93985,-0.16377, 5.00968, -0.169293, 5.17066, 0.0181079, 5.19602, -0.333145, 4.72108, 0.0115081, 4.69287, -0.329803, 5.17334, 0.0150654, 5.33431, -0.281814, 4.85587, 0.0632026, 4.68906, -0.329271, 0.9
4.96782,-0.155814, 5.04879, -0.159277, 5.22801, 0.0150442, 5.19721, -0.332642, 4.72283, 0.0120685, 4.74995, -0.33, 5.34196, 0.0458551, 5.19602, -0.333145, 4.72108, 0.0115081, 4.86309, -0.303177, 0.9
4.99576,-0.16403, 5.08106, -0.162234, 5.22711, 0.0147857, 5.25445, -0.333368, 4.77861, 0.0102862, 4.74853, -0.327988, 5.22801, 0.0150442, 5.37824, -0.304011, 4.90478, 0.0407001, 4.74995, -0.33, 0.9
5.02374,-0.157407, 5.11314, -0.154736, 5.28547, 0.0123971, 5.25606, -0.332965, 4.78002, 0.0106467, 4.80654, -0.330186, 5.40401, 0.0386068, 5.25445, -0.333368, 4.77861, 0.0102862, 4.92486, -0.305255, 0.9
5.05204,-0.16495, 5.13994, -0.161986, 5.28509, 0.0121785, 5.31281, -0.334123, 4.83647, 0.00890765, 4.80728, -0.329953, 5.28547, 0.0123971, 5.43459, -0.311142, 4.9594, 0.0324694, 4.80654, -0.330186, 0.9
5.08062,-0.159193, 5.17106, -0.155296, 5.34195, 0.0106579, 5.31418, -0.333547, 4.83785, 0.00926487, 4.86403, -0.331188, 5.46215, 0.0365348, 5.31281, -0.334123, 4.83647, 0.00890765, 4.98383, -0.306732, 0.9
5.10925,-0.1662, 5.19741, -0.163363, 5.34365, 0.0100229, 5.3713, -0.335227, 4.89456, 0.00753171, 4.86564, -0.33162, 5.34195, 0.0106579, 5.49251, -0.313516, 5.01698, 0.0292959, 4.86403, -0.331188, 0.9
5.14075,-0.16093, 5.231, -0.156607, 5.40057, 0.00885168, 5.37279, -0.334662, 4.89605, 0.00786268, 4.92243, -0.332687, 5.52057, 0.0348377, 5.3713, -0.335227, 4.89456, 0.00753171, 5.04204, -0.307927, 0.9
5.16868,-0.16763, 5.25762, -0.164962, 5.40226, 0.00841571, 5.43122, -0.336372, 4.95319, 0.00640946, 4.92384, -0.333079, 5.40057, 0.00885168, 5.55103, -0.315326, 5.07508, 0.0271987, 4.92243, -0.332687, 0.9
5.19668,-0.162371, 5.28882, -0.157884, 5.46063, 0.00707406, 5.43136, -0.336202, 4.95423, 0.00643111, 4.98179, -0.334935, 5.57929, 0.033395, 5.43122, -0.336372, 4.95319, 0.00640946, 5.10035, -0.309199, 0.9
5.22718,-0.169077, 5.31437, -0.166231, 5.46072, 0.00686096, 5.48977, -0.337638, 5.0117, 0.00506265, 4.98235, -0.334652, 5.46063, 0.00707406, 5.60948, -0.317921, 5.13313, 0.0247118, 4.98179, -0.334935, 0.9
5.25549,-0.163792, 5.34734, -0.159481, 5.51904, 0.005363, 5.48978, -0.337632, 5.01143, 0.00423872, 5.04026, -0.33652, 5.63727, 0.0317629, 5.48977, -0.337638, 5.0117, 0.00506265, 5.1584, -0.310875, 0.9
5.28523,-0.170668, 5.37257, -0.167863, 5.51905, 0.00521857, 5.54631, -0.33946, 5.06878, 0.00285771, 5.0396, -0.33553, 5.51904, 0.005363, 5.6682, -0.318391, 5.19064, 0.0234797, 5.04026, -0.33652, 0.9
5.31215,-0.165294, 5.40471, -0.16087, 5.57728, 0.0036914, 5.54798, -0.339155, 5.07018, 0.00311189, 5.09794, -0.33777, 5.69607, 0.029702, 5.54631, -0.33946, 5.06878, 0.00285771, 5.21607, -0.312072, 0.9
5.3409,-0.171729, 5.42965, -0.169242, 5.57779, 0.00391881, 5.60631, -0.340094, 5.128, 0.0021926, 5.0986, -0.337378, 5.57728, 0.0036914, 5.72641, -0.320608, 5.2494, 0.0216588, 5.09794, -0.33777, 0.9
5.37454,-0.166867, 5.46156, -0.161895, 5.63495, 0.00279029, 5.60645, -0.340227, 5.1294, 0.00220022, 5.15643, -0.338856, 5.75495, 0.0289326, 5.60631, -0.340094, 5.128, 0.0021926, 5.2752, -0.313395, 0.9
5.40018,-0.173104, 5.49109, -0.170994, 5.63665, 0.00239689, 5.6651, -0.341922, 5.18695, 0.000844013, 5.15782, -0.339202, 5.63495, 0.00279029, 5.7853, -0.320826, 5.30901, 0.0216015, 5.15643, -0.338856, 0.9
5.42931,-0.16834, 5.52106, -0.163355, 5.69492, 0.00106175, 5.66543, -0.341797, 5.18821, 0.000990288, 5.21594, -0.340895, 5.81368, 0.0278169, 5.6651, -0.341922, 5.18695, 0.000844013, 5.33429, -0.31484, 0.9
5.46097,-0.174566, 5.5469, -0.172201, 5.69546, 0.000945803, 5.72399, -0.343228, 5.24589, -0.000432817, 5.21686, -0.340807, 5.69492, 0.00106175, 5.84398, -0.323732, 5.36752, 0.0190557, 5.21594, -0.340895, 0.9
5.49212,-0.169798, 5.58127, -0.165014, 5.75273, -0.000112382, 5.72432, -0.342944, 5.24739, -0.000251909, 5.27455, -0.341987, 5.87219, 0.0266179, 5.72399, -0.343228, 5.24589, -0.000432817, 5.39302, -0.316221, 0.9
5.52011,-0.175952, 5.60875, -0.173867, 5.75413, -0.000654926, 5.78151, -0.344845, 5.30459, -0.00190637, 5.27593, -0.342356, 5.75273, -0.000112382, 5.90312, -0.32377, 5.42696, 0.0189214, 5.27455, -0.341987, 0.9
5.55002,-0.17117, 5.64006, -0.166523, 5.81154, -0.00153529, 5.78304, -0.344349, 5.30615, -0.00160522, 5.33333, -0.343435, 5.93068, 0.0251445, 5.78151, -0.344845, 5.30459, -0.00190637, 5.4519, -0.317659, 0.9
5.57941,-0.17741, 5.66725, -0.175109, 5.81312, -0.00198592, 5.84154, -0.346169, 5.36349, -0.0033406, 5.33485, -0.343807, 5.81154, -0.00153529, 5.96168, -0.325957, 5.48555, 0.0167865, 5.33333, -0.343435, 0.9
5.60895,-0.172617, 5.69946, -0.167953, 5.87059, -0.00301993, 5.84222, -0.345744, 5.36531, -0.00306516, 5.39249, -0.344919, 5.98971, 0.0238138, 5.84154, -0.346169, 5.36349, -0.0033406, 5.51086, -0.319113, 0.9
5.6354,-0.178662, 5.72572, -0.176646, 5.87199, -0.00353822, 5.89943, -0.347722, 5.42249, -0.00479287, 5.39387, -0.345279, 5.87059, -0.00301993, 6.02099, -0.326794, 5.54485, 0.015885, 5.39249, -0.344919, 0.9
5.6662,-0.17403, 5.75593, -0.169105, 5.93052, -0.00467318, 5.90111, -0.347431, 5.42394, -0.00454996, 5.45172, -0.346754, 6.04877, 0.022229, 5.89943, -0.347722, 5.42249, -0.00479287, 5.57009, -0.320612, 0.9
5.69472,-0.180164, 5.78384, -0.177865, 5.93092, -0.0047612, 5.95906, -0.34819, 5.48104, -0.00589827, 5.45258, -0.346635, 5.93052, -0.00467318, 6.07963, -0.329561, 5.60321, 0.0133203, 5.45172, -0.346754, 0.9
5.72583,-0.17548, 5.81562, -0.170513, 5.98835, -0.0058933, 5.95999, -0.34863, 5.48308, -0.00594646, 5.51028, -0.347812, 6.10782, 0.0209874, 5.95906, -0.34819, 5.48104, -0.00589827, 5.62893, -0.321981, 0.9
5.75608,-0.181739, 5.84249, -0.1795, 5.98976, -0.00635869, 6.01767, -0.350531, 5.54025, -0.00776403, 5.51168, -0.348179, 5.98835, -0.0058933, 6.1388, -0.329708, 5.66265, 0.0129759, 5.51028, -0.347812, 0.9
5.78742,-0.1771, 5.87624, -0.172214, 6.04801, -0.00747455, 6.01943, -0.350069, 5.54209, -0.00748137, 5.56943, -0.349327, 6.16653, 0.0194021, 6.01767, -0.350531, 5.54025, -0.00776403, 5.68788, -0.323539, 0.9
5.81358,-0.183053, 5.90376, -0.181135, 6.04945, -0.00801207, 6.07708, -0.351951, 5.59964, -0.00908525, 5.57082, -0.349688, 6.04801, -0.00747455, 6.19833, -0.33085, 5.72173, 0.0117381, 5.56943, -0.349327, 0.9
5.84368,-0.178461, 5.9336, -0.173606, 6.10792, -0.00902212, 6.07878, -0.351667, 5.60109, -0.00884952, 5.6289, -0.351122, 6.22616, 0.0178948, 6.07708, -0.351951, 5.59964, -0.00908525, 5.74694, -0.324868, 0.9
5.87223,-0.184413, 5.96143, -0.182261, 6.1089, -0.00924897, 6.13733, -0.353147, 5.65903, -0.0103887, 5.63015, -0.351246, 6.10792, -0.00902212, 6.25742, -0.334154, 5.78048, 0.00866284, 5.6289, -0.351122, 0.9
5.90328,-0.179921, 5.96808, -0.181906, 6.1665, -0.010314, 6.13794, -0.35289, 5.66052, -0.010203, 5.68815, -0.352439, 6.24249, 0.0111115, 6.13733, -0.353147, 5.65903, -0.0103887, 5.76404, -0.332041, 0.7
5.93261,-0.185915, 5.9835, -0.181247, 6.16821, -0.0106682, 6.19665, -0.354392, 5.71837, -0.0117675, 5.68958, -0.352748, 6.1665, -0.010314, 6.25888, -0.339919, 5.78252, 0.00276792, 5.68815, -0.352439, 0.6
5.96277,-0.18137, 5.99004, -0.184567, 6.22616, -0.0117785, 6.19734, -0.354392, 5.71985, -0.0116284, 5.74752, -0.353917, 6.24923, 0.00042661, 6.19665, -0.354392, 5.71837, -0.0117675, 5.77104, -0.342542, 0.4
5.99162,-0.18733, 5.99327, -0.180206, 6.2276, -0.01214, 6.25596, -0.356202, 5.7777, -0.0133163, 5.74905, -0.354264, 6.22616, -0.0117785, 6.24201, -0.349792, 5.76582, -0.00702834, 5.74752, -0.353917, 0.2
6.02324,-0.182851, 6.10811, -0.156315, 6.28527, -0.0131807, 6.25672, -0.355755, 5.7793, -0.0130615, 5.80699, -0.355366, 6.43272, 0.0121073, 6.25596, -0.356202, 5.7777, -0.0133163, 5.95085, -0.33025, 0.9
6.04954,-0.188598, 6.14009, -0.186875, 6.28682, -0.0137195, 6.3145, -0.357682, 5.83705, -0.0147753, 5.80851, -0.355732, 6.28527, -0.0131807, 6.43571, -0.337112, 5.95905, 0.00558085, 5.80699, -0.355366, 0.9
6.08079,-0.184248, 6.17021, -0.179124, 6.34538, -0.0148989, 6.31619, -0.357409, 5.83851, -0.0145506, 5.8665, -0.35704, 6.46359, 0.0123761, 6.3145, -0.357682, 5.83705, -0.0147753, 5.98471, -0.330734, 0.9
6.11453,-0.193056, 6.19764, -0.188225, 6.34752, -0.0153105, 6.35959, -0.367466, 5.89868, -0.0183858, 5.86787, -0.357122, 6.34538, -0.0148989, 6.49524, -0.338915, 6.01828, 0.00394259, 5.8665, -0.35704, 0.9
6.14216,-0.185453, 6.22956, -0.186799, 6.4021, -0.0186649, 6.36019, -0.36606, 5.90004, -0.0178552, 5.92474, -0.357958, 6.51808, 0.00785327, 6.35959, -0.367466, 5.89868, -0.0183858, 6.03719, -0.334339, 0.9
6.16273,-0.197259, 6.25486, -0.191902, 6.3727, -0.0165354, 6.41716, -0.361511, 5.94817, -0.0179868, 5.92565, -0.355309, 6.4021, -0.0186649, 6.53346, -0.334775, 6.07555, 0.0134297, 5.92474, -0.357958, 0.9
6.18789,-0.18858, 6.29021, -0.190778, 6.43522, -0.0214324, 6.41647, -0.360862, 5.9494, -0.0212715, 5.97015, -0.362035, 6.55357, 0.012989, 6.41716, -0.361511, 5.94817, -0.0179868, 6.10721, -0.329262, 0.9
6.21362,-0.197195, 6.31882, -0.190949, 6.43616, -0.0220631, 6.46927, -0.363784, 5.99676, -0.0230877, 5.97159, -0.362575, 6.43522, -0.0214324, 6.5883, -0.355838, 6.12212, -0.0162471, 5.97015, -0.362035, 0.9
6.2395,-0.192616, 6.32887, -0.189677, 6.49439, -0.023902, 6.47063, -0.363436, 5.99809, -0.0228347, 6.02054, -0.365039, 6.57703, -0.00245195, 6.46927, -0.363784, 5.99676, -0.0230877, 6.11359, -0.344648, 0.7
6.26604,-0.198831, 6.33725, -0.188948, 6.49605, -0.0243849, 6.52395, -0.366316, 6.04857, -0.0250651, 6.02218, -0.365447, 6.49439, -0.023902, 6.58174, -0.374279, 6.10995, -0.0336776, 6.02054, -0.365039, 0.6
6.29237,-0.194018, 6.34669, -0.190992, 6.55039, -0.0256812, 6.52549, -0.365951, 6.05006, -0.0247501, 6.07469, -0.366838, 6.58481, -0.0154444, 6.52395, -0.366316, 6.04857, -0.0250651, 6.11195, -0.357126, 0.4
6.32094,-0.200624, 6.34145, -0.187926, 6.55201, -0.0261685, 6.57942, -0.368372, 6.10249, -0.0266445, 6.07611, -0.367246, 6.55039, -0.0256812, 6.56112, -0.386344, 6.08677, -0.0451438, 6.07469, -0.366838, 0.2
6.34757,-0.195831, 6.44857, -0.166451, 6.6062, -0.0273809, 6.58088, -0.368028, 6.10382, -0.0263503, 6.12893, -0.368497, 6.74335, -0.0071126, 6.57942, -0.368372, 6.10249, -0.0266445, 6.26513, -0.348114, 0.8
6.37468,-0.202294, 6.38744, -0.175545, 6.60794, -0.0277775, 6.63467, -0.370197, 6.15681, -0.0283789, 6.13036, -0.368871, 6.6062, -0.0273809, 6.58481, -0.367635, 6.11148, -0.0259575, 6.12893, -0.368497, 0.1
6.40265,-0.197487, 6.4655, -0.175366, 6.66211, -0.0288685, 6.63637, -0.369861, 6.1584, -0.0280979, 6.18392, -0.370101, 6.73865, -0.0177046, 6.63467, -0.370197, 6.15681, -0.0283789, 6.25965, -0.358604, 0.5
6.4279,-0.203727, 6.50019, -0.199691, 6.66359, -0.0293978, 6.68978, -0.373381, 6.21185, -0.0301258, 6.18535, -0.370517, 6.66211, -0.0288685, 6.75423, -0.392041, 6.27604, -0.0502778, 6.18392, -0.370101, 0.6
6.45887,-0.198844, 6.51096, -0.195294, 6.69415, -0.0254122, 6.69322, -0.371641, 6.21352, -0.0298104, 6.2381, -0.370721, 6.75422, -0.0211736, 6.68978, -0.373381, 6.21185, -0.0301258, 6.27724, -0.363048, 0.4
6.48336,-0.210334, 6.52099, -0.195564, 6.69453, -0.0262596, 6.74077, -0.374852, 6.26438, -0.0305226, 6.23871, -0.371147, 6.69415, -0.0254122, 6.74174, -0.390872, 6.26394, -0.0490412, 6.2381, -0.370721, 0.3
6.50473,-0.202044, 6.62937, -0.178601, 6.75169, -0.0349129, 6.73942, -0.373769, 6.26457, -0.0305532, 6.28352, -0.376183, 6.90973, -0.000323715, 6.74077, -0.374852, 6.26438, -0.0305226, 6.45257, -0.347057, 0.9
6.52889,-0.209724, 6.65382, -0.19914, 6.75253, -0.0354055, 6.78577, -0.37738, 6.30919, -0.0347757, 6.28496, -0.376717, 6.75169, -0.0349129, 6.90043, -0.398179, 6.42641, -0.054964, 6.28352, -0.376183, 0.9
6.5541,-0.205507, 6.67881, -0.192132, 6.80696, -0.0374541, 6.787, -0.377058, 6.31053, -0.0345345, 6.33102, -0.378289, 6.92355, -0.0152816, 6.78577, -0.37738, 6.30919, -0.0347757, 6.45721, -0.357665, 0.8
6.57908,-0.212109, 6.68251, -0.19673, 6.80844, -0.0380246, 6.8356, -0.379848, 6.35791, -0.0391215, 6.33238, -0.378682, 6.80696, -0.0374541, 6.90726, -0.411677, 6.43149, -0.0691531, 6.33102, -0.378289, 0.7
6.60276,-0.207958, 6.69575, -0.196473, 6.86054, -0.0404787, 6.83703, -0.379603, 6.36125, -0.0411169, 6.38184, -0.380922, 6.92659, -0.0292407, 6.8356, -0.379848, 6.35791, -0.0391215, 6.45162, -0.369343, 0.5
6.62866,-0.219631, 6.70413, -0.198888, 6.8611, -0.0412626, 6.88926, -0.384998, 6.41021, -0.0457108, 6.35899, -0.36918, 6.86054, -0.0404787, 6.91278, -0.42543, 6.43597, -0.0869443, 6.38184, -0.380922, 0.5
6.6525,-0.210229, 6.78001, -0.175601, 6.91209, -0.0430282, 6.88993, -0.386754, 6.40841, -0.047269, 6.42379, -0.378203, 7.08248, -0.040055, 6.88926, -0.384998, 6.41021, -0.0457108, 6.57943, -0.366368, 0.9
6.6789,-0.220661, 6.72136, -0.18941, 6.91411, -0.0436358, 6.94238, -0.387825, 6.46208, -0.0467936, 6.42439, -0.378672, 6.91209, -0.0430282, 6.92462, -0.390831, 6.44622, -0.0513456, 6.42379, -0.378203, 0.3
6.70827,-0.213668, 6.79649, -0.188989, 6.96777, -0.0452412, 6.94387, -0.387777, 6.4623, -0.0472188, 6.4839, -0.384299, 7.08757, -0.0346514, 6.94212, -0.388297, 6.46108, -0.0476793, 6.59632, -0.368977, 0.7
6.73405,-0.221859, 6.81978, -0.212679, 6.9694, -0.0458201, 6.9962, -0.389951, 6.51575, -0.0485393, 6.48518, -0.384812, 6.96778, -0.0452478, 7.07523, -0.401639, 6.59404, -0.0610813, 6.48391, -0.384306, 0.7
6.76317,-0.215782, 6.82801, -0.212287, 7.02286, -0.0470366, 6.9978, -0.389565, 6.51702, -0.0482068, 6.54161, -0.388026, 7.07841, -0.0371758, 6.9962, -0.389951, 6.51575, -0.0485393, 6.59509, -0.376306, 0.5
6.78938,-0.223324, 6.83678, -0.212558, 7.02818, -0.0512206, 7.02543, -0.394958, 6.56994, -0.0504282, 6.54255, -0.3878, 7.02286, -0.0470366, 7.07352, -0.407459, 6.5933, -0.0661002, 6.54161, -0.388026, 0.4
6.81631,-0.212988, 6.86318, -0.214648, 7.07435, -0.0492054, 7.02597, -0.394097, 6.57068, -0.0498937, 6.59441, -0.389896, 7.02818, -0.0512206, 7.07154, -0.422285, 6.61444, -0.0777556, 6.54255, -0.3878, 0.4
6.83522,-0.222473, 6.95077, -0.221702, 7.07349, -0.0499977, 7.08261, -0.388463, 6.61479, -0.0471181, 6.59512, -0.390367, 7.07435, -0.0492054, 7.21099, -0.433339, 6.75221, -0.0891354, 6.59441, -0.389896, 0.9
6.86286,-0.215824, 6.99418, -0.200066, 7.11915, -0.0482471, 7.0834, -0.388119, 6.6163, -0.0467529, 6.64074, -0.389787, 7.25567, -0.0300987, 7.08261, -0.388463, 6.61479, -0.0471181, 6.77702, -0.369765, 0.9
6.88447,-0.221707, 7.01194, -0.210807, 7.11979, -0.0484597, 7.13622, -0.388204, 6.66263, -0.0474336, 6.64123, -0.389717, 7.11915, -0.0482471, 7.25048, -0.41684, 6.78313, -0.0754741, 6.64074, -0.389787, 0.9
6.91015,-0.21625, 7.01332, -0.210412, 7.16734, -0.0475577, 7.13766, -0.387841, 6.66393, -0.0471136, 6.6873, -0.389251, 7.24212, -0.0351714, 7.13622, -0.388204, 6.66263, -0.0474336, 6.76483, -0.376008, 0.6
6.93387,-0.221352, 7.02517, -0.211476, 7.16887, -0.0478108, 7.18996, -0.387632, 6.7126, -0.0471658, 6.69266, -0.384693, 7.16734, -0.0475577, 7.2484, -0.429831, 6.77476, -0.0891036, 6.6873, -0.389251, 0.6
6.96067,-0.20999, 7.02566, -0.213696, 7.22049, -0.0414416, 7.19071, -0.386659, 6.69404, -0.0544158, 6.74045, -0.379471, 7.23273, -0.0452204, 7.18996, -0.387632, 6.7126, -0.0471658, 6.75893, -0.382803, 0.3
6.98355,-0.220228, 7.02224, -0.214125, 7.22182, -0.0420966, 7.24495, -0.38652, 6.75846, -0.0480743, 6.73943, -0.379892, 7.22049, -0.0414416, 7.24479, -0.41291, 6.7501, -0.0806666, 6.74045, -0.379471, 0.2
7.01193,-0.211305, 7.12003, -0.185294, 7.27336, -0.0432711, 7.24672, -0.386283, 6.75757, -0.0487643, 6.79252, -0.383329, 7.41254, -0.0269835, 7.24495, -0.38652, 6.75846, -0.0480743, 6.92817, -0.364388, 0.8
7.03723,-0.219727, 7.05352, -0.19357, 7.27487, -0.0434439, 7.29935, -0.387678, 6.8161, -0.0470566, 6.79263, -0.382957, 7.27336, -0.0432711, 7.25599, -0.383393, 6.77119, -0.0458745, 6.79252, -0.383329, 0.1
7.06699,-0.212938, 7.12946, -0.192093, 7.32689, -0.0441736, 7.30108, -0.38726, 6.81737, -0.046697, 6.84614, -0.385, 7.40514, -0.0363997, 7.29935, -0.387678, 6.8161, -0.0470566, 6.92164, -0.375549, 0.5
7.09326,-0.220678, 7.16478, -0.21613, 7.32852, -0.0445487, 7.35442, -0.388214, 6.87361, -0.0466714, 6.84741, -0.385319, 7.32689, -0.0441736, 7.42093, -0.407863, 6.93725, -0.0672991, 6.84614, -0.385, 0.6
7.12231,-0.214591, 7.17529, -0.212213, 7.38109, -0.045344, 7.35974, -0.384733, 6.87389, -0.0471072, 6.90137, -0.387261, 7.41722, -0.0381899, 7.35442, -0.388214, 6.87361, -0.0466714, 6.93727, -0.379446, 0.4
7.14735,-0.225661, 7.19686, -0.214008, 7.36111, -0.0420473, 7.40463, -0.388854, 6.92573, -0.0463203, 6.9006, -0.386434, 7.38109, -0.045344, 7.43001, -0.407294, 6.94546, -0.0696676, 6.90137, -0.387261, 0.4
7.16738,-0.21679, 7.29326, -0.197232, 7.41682, -0.0488417, 7.40151, -0.386886, 6.92556, -0.0470978, 6.94549, -0.390745, 7.57032, -0.0160014, 7.40463, -0.388854, 6.92573, -0.0463203, 7.10846, -0.36166, 0.9
7.19403,-0.224438, 7.31601, -0.214186, 7.41749, -0.0493559, 7.4476, -0.391024, 6.97041, -0.0497777, 6.94685, -0.391153, 7.41682, -0.0488417, 7.56429, -0.410677, 7.0889, -0.0708894, 6.94549, -0.390745, 0.9
7.21668,-0.219322, 7.34311, -0.207122, 7.46932, -0.0510401, 7.44874, -0.390584, 6.97188, -0.0494554, 6.99302, -0.392187, 7.58698, -0.0295567, 7.4476, -0.391024, 6.97041, -0.0497777, 7.11732, -0.372029, 0.8
7.24096,-0.226145, 7.34392, -0.210962, 7.4707, -0.0515842, 7.49696, -0.393722, 7.01842, -0.0521258, 6.99436, -0.39263, 7.46932, -0.0510401, 7.56998, -0.423858, 7.09381, -0.0827288, 6.99302, -0.392187, 0.7
7.26606,-0.218617, 7.3444, -0.214617, 7.52225, -0.052572, 7.49826, -0.393305, 7.02013, -0.051704, 7.04314, -0.39278, 7.5634, -0.0457425, 7.49696, -0.393722, 7.01842, -0.0521258, 7.08891, -0.386783, 0.4
7.29136,-0.22926, 7.37018, -0.215518, 7.52407, -0.0532011, 7.54965, -0.395503, 7.07316, -0.0547407, 7.0304, -0.379156, 7.52225, -0.052572, 7.58673, -0.445791, 7.1082, -0.10419, 7.04314, -0.39278, 0.5
7.31547,-0.220006, 7.36963, -0.21453, 7.57678, -0.0533981, 7.54987, -0.394436, 7.06981, -0.0560582, 7.09023, -0.387509, 7.59073, -0.0627849, 7.54965, -0.395503, 7.07316, -0.0547407, 7.09901, -0.387574, 0.2
7.34373,-0.22873, 7.3711, -0.218496, 7.57849, -0.0539883, 7.60247, -0.396357, 7.1229, -0.0555305, 7.09056, -0.388007, 7.57678, -0.0533981, 7.58812, -0.43234, 7.10797, -0.0939625, 7.09023, -0.387509, 0.2
7.36964,-0.221938, 7.46219, -0.195783, 7.63014, -0.0538527, 7.60423, -0.39589, 7.12393, -0.055118, 7.1472, -0.392582, 7.75216, -0.0423018, 7.60247, -0.396357, 7.1229, -0.0555305, 7.26228, -0.375429, 0.7
7.39632,-0.229702, 7.49319, -0.224238, 7.63197, -0.0543951, 7.65677, -0.397919, 7.17706, -0.0562675, 7.14863, -0.39305, 7.63014, -0.0538527, 7.75849, -0.41104, 7.27813, -0.0702684, 7.1472, -0.392582, 0.8
7.42378,-0.223559, 7.5031, -0.220324, 7.68387, -0.0547317, 7.65839, -0.397534, 7.17832, -0.055942, 7.20298, -0.395539, 7.75666, -0.0419208, 7.65677, -0.397919, 7.17706, -0.0562675, 7.27416, -0.380854, 0.6
7.45603,-0.235746, 7.50987, -0.220397, 7.6923, -0.0568813, 7.69202, -0.416318, 7.23594, -0.059301, 7.20417, -0.3957, 7.68387, -0.0547317, 7.75239, -0.411668, 7.27311, -0.0700756, 7.20298, -0.395539, 0.5
7.48207,-0.227718, 7.52181, -0.229873, 7.74218, -0.0680346, 7.69309, -0.415738, 7.23735, -0.0588567, 7.25842, -0.400049, 7.75693, -0.0585537, 7.69202, -0.416318, 7.23594, -0.059301, 7.26917, -0.396517, 0.3
7.50176,-0.238324, 7.615, -0.248785, 7.74025, -0.0687111, 7.74837, -0.409879, 7.28068, -0.061214, 7.25899, -0.400786, 7.74218, -0.0680346, 7.88909, -0.44754, 7.43058, -0.0906591, 7.25842, -0.400049, 0.9
7.52789,-0.231231, 7.65947, -0.220539, 7.78517, -0.0659308, 7.74901, -0.409404, 7.2821, -0.0609046, 7.30533, -0.403449, 7.92141, -0.0465491, 7.74837, -0.409879, 7.28068, -0.061214, 7.44011, -0.378576, 0.9
7.55035,-0.238763, 7.67629, -0.228793, 7.78576, -0.0663113, 7.80169, -0.407709, 7.3279, -0.063525, 7.30583, -0.403402, 7.78517, -0.0659308, 7.91845, -0.432649, 7.4519, -0.0841492, 7.30533, -0.403449, 0.9
7.57565,-0.232564, 7.67845, -0.228084, 7.83102, -0.0655718, 7.80324, -0.407233, 7.32932, -0.0631201, 7.35239, -0.404619, 7.90805, -0.053574, 7.80169, -0.407709, 7.3279, -0.063525, 7.42962, -0.390581, 0.6
7.59968,-0.238563, 7.68977, -0.228752, 7.83241, -0.0659318, 7.85411, -0.405933, 7.37661, -0.0641036, 7.35919, -0.400751, 7.83102, -0.0655718, 7.91385, -0.446158, 7.44022, -0.102046, 7.35239, -0.404619, 0.6
7.62623,-0.227169, 7.70277, -0.227756, 7.88448, -0.0592564, 7.85537, -0.405393, 7.36059, -0.0703152, 7.40653, -0.397502, 7.91789, -0.0599302, 7.85411, -0.405933, 7.37661, -0.0641036, 7.44686, -0.395895, 0.4
7.64877,-0.237787, 7.70101, -0.230993, 7.88534, -0.0601056, 7.90906, -0.405201, 7.42255, -0.066028, 7.40517, -0.397472, 7.88448, -0.0592564, 7.92674, -0.429138, 7.43416, -0.0940598, 7.40653, -0.397502, 0.3
7.67702,-0.229021, 7.78469, -0.206176, 7.93669, -0.0609705, 7.91103, -0.404689, 7.42311, -0.0656386, 7.45673, -0.40087, 8.07172, -0.0444603, 7.90906, -0.405201, 7.42255, -0.066028, 7.59008, -0.381859, 0.8
7.70426,-0.237647, 7.80221, -0.230472, 7.9383, -0.0612508, 7.96079, -0.405401, 7.48009, -0.0646754, 7.45716, -0.40073, 7.93669, -0.0609705, 8.06707, -0.413361, 7.58028, -0.0743107, 7.45673, -0.40087, 0.8
7.73005,-0.230444, 7.82289, -0.225219, 7.98959, -0.0616758, 7.96249, -0.404884, 7.48143, -0.0642224, 7.50948, -0.402649, 8.08158, -0.0465113, 7.96079, -0.405401, 7.48009, -0.0646754, 7.60094, -0.386413, 0.7
7.75497,-0.238111, 7.82881, -0.22792, 7.99117, -0.0621461, 8.01449, -0.406637, 7.53473, -0.0647345, 7.51066, -0.403065, 7.98959, -0.0616758, 8.07703, -0.415187, 7.59702, -0.0745257, 7.50948, -0.402649, 0.6
7.78823,-0.226785, 7.83667, -0.229781, 8.03017, -0.0471489, 8.01767, -0.405628, 7.53617, -0.0643246, 7.56732, -0.402092, 8.07887, -0.0556565, 8.01449, -0.406637, 7.53473, -0.0647345, 7.59942, -0.396953, 0.4
7.81358,-0.236202, 7.85941, -0.225329, 8.0286, -0.046271, 8.07422, -0.394561, 7.59016, -0.0616304, 7.5689, -0.402416, 8.03017, -0.0471489, 8.09004, -0.421054, 7.6098, -0.0797498, 7.56732, -0.402092, 0.4
7.83676,-0.22658, 7.95487, -0.198639, 8.08268, -0.0531332, 8.07224, -0.393967, 7.59074, -0.0609901, 7.61257, -0.401532, 8.2402, -0.0294752, 8.07422, -0.394561, 7.59016, -0.0616304, 7.77933, -0.386481, 0.9
7.86029,-0.234574, 7.98259, -0.220303, 8.08324, -0.0536144, 8.1185, -0.398398, 7.6388, -0.060457, 7.61385, -0.401837, 8.08268, -0.0531332, 8.23033, -0.417886, 7.74911, -0.0849089, 7.61257, -0.401532, 0.9
7.88358,-0.228022, 8.0078, -0.214871, 8.13549, -0.0576732, 8.11778, -0.398882, 7.63782, -0.0610192, 7.65986, -0.40158, 8.25427, -0.0381262, 8.1185, -0.398398, 7.6388, -0.060457, 7.786, -0.38694, 0.8
7.90825,-0.235747, 8.02186, -0.221849, 8.13697, -0.0582355, 8.16295, -0.401995, 7.6848, -0.0629297, 7.66119, -0.40208, 8.13549, -0.0576732, 8.25859, -0.433065, 7.77884, -0.0952013, 7.65986, -0.40158, 0.8
7.9324,-0.227729, 8.02267, -0.223235, 8.1882, -0.0600726, 8.16428, -0.401464, 7.68667, -0.0623949, 7.70887, -0.401525, 8.24708, -0.051374, 8.16295, -0.401995, 7.6848, -0.0629297, 7.77301, -0.39508, 0.5
7.95872,-0.238489, 8.02502, -0.219314, 8.19021, -0.0606057, 8.21387, -0.403952, 7.73832, -0.0652457, 7.69703, -0.38879, 8.1882, -0.0600726, 8.23004, -0.44644, 7.75289, -0.107371, 7.70887, -0.401525, 0.4
7.98272,-0.228722, 8.0345, -0.22107, 8.24168, -0.0614381, 8.21527, -0.403383, 7.73613, -0.0648056, 7.75503, -0.395832, 8.25987, -0.0706091, 8.21387, -0.403952, 7.73832, -0.0652457, 7.76815, -0.397452, 0.2
8.00801,-0.237671, 8.0263, -0.224351, 8.24356, -0.0619593, 8.26742, -0.405088, 7.78808, -0.0642235, 7.75532, -0.396246, 8.24168, -0.0614381, 8.23163, -0.439078, 7.75283, -0.1005, 7.75503, -0.395832, 0.1
8.0347,-0.230256, 8.12649, -0.201669, 8.29444, -0.0623358, 8.26895, -0.404928, 7.78729, -0.0650933, 7.81137, -0.401045, 8.42087, -0.0515459, 8.26742, -0.405088, 7.78808, -0.0642235, 7.93034, -0.384811, 0.7
8.06136,-0.239125, 8.15818, -0.23272, 8.29421, -0.0628978, 8.31991, -0.407121, 7.8397, -0.0657185, 7.81086, -0.400314, 8.29444, -0.0623358, 8.42214, -0.41894, 7.94056, -0.0791053, 7.81137, -0.401045, 0.8
8.0859,-0.232206, 8.16798, -0.229508, 8.34543, -0.0634367, 8.32149, -0.406719, 7.84087, -0.0653736, 7.86426, -0.403507, 8.41942, -0.0516962, 8.31991, -0.407121, 7.8397, -0.0657185, 7.93701, -0.389491, 0.6
8.11795,-0.243647, 8.17218, -0.229192, 8.34742, -0.0641362, 8.37281, -0.413254, 7.89569, -0.067784, 7.8655, -0.403843, 8.34543, -0.0634367, 8.41485, -0.420439, 7.93511, -0.0790934, 7.86426, -0.403507, 0.5
8.14067,-0.233995, 8.25544, -0.217484, 8.37841, -0.0592977, 8.35966, -0.418599, 7.89681, -0.0679281, 7.91715, -0.405108, 8.54544, -0.0476927, 8.37281, -0.413254, 7.89569, -0.067784, 8.06182, -0.387342, 0.9
8.16407,-0.24788, 8.27505, -0.236283, 8.3781, -0.0600347, 8.41051, -0.412137, 7.94016, -0.0681419, 7.9178, -0.406131, 8.37841, -0.0592977, 8.52637, -0.414134, 8.065, -0.0634629, 7.91715, -0.405108, 0.9
8.18427,-0.235711, 8.31445, -0.231976, 8.43061, -0.0665789, 8.41037, -0.41138, 7.94083, -0.0674408, 7.95891, -0.409146, 8.56543, -0.0374441, 8.41051, -0.412137, 7.94016, -0.0681419, 8.10577, -0.385176, 0.9
8.20705,-0.245031, 8.33217, -0.233521, 8.43165, -0.0673241, 8.45787, -0.412259, 7.98407, -0.0696925, 7.96035, -0.409742, 8.43061, -0.0665789, 8.57475, -0.430855, 8.10584, -0.0869162, 7.95891, -0.409146, 0.9
8.22976,-0.238087, 8.34429, -0.230535, 8.48241, -0.0693578, 8.459, -0.411856, 7.98507, -0.0693452, 8.00661, -0.411508, 8.57908, -0.0524951, 8.45787, -0.412259, 7.98407, -0.0696925, 8.10916, -0.395441, 0.7
8.25328,-0.246887, 8.35711, -0.233219, 8.48165, -0.070216, 8.50894, -0.41368, 8.03192, -0.0717921, 8.00687, -0.411554, 8.48241, -0.0693578, 8.58356, -0.447761, 8.1099, -0.10525, 8.00661, -0.411508, 0.7
8.27746,-0.240127, 8.34602, -0.237887, 8.53222, -0.0724798, 8.50852, -0.413214, 8.02757, -0.0809194, 8.05398, -0.413752, 8.5548, -0.069433, 8.50894, -0.41368, 8.03192, -0.0717921, 8.08213, -0.410307, 0.3
8.29945,-0.25176, 8.3669, -0.236696, 8.53359, -0.0731116, 8.55785, -0.420276, 8.07726, -0.0821786, 8.03447, -0.399306, 8.53222, -0.0724798, 8.57679, -0.464669, 8.09484, -0.132374, 8.05398, -0.413752, 0.4
8.32214,-0.2414, 8.35311, -0.233694, 8.58302, -0.0731988, 8.55866, -0.419461, 8.07494, -0.0831226, 8.09516, -0.408564, 8.58199, -0.0969644, 8.55785, -0.420276, 8.07726, -0.0821786, 8.08532, -0.42197, 0.1
8.34996,-0.253344, 8.4568, -0.261193, 8.5844, -0.0737415, 8.60939, -0.420893, 8.12734, -0.0815577, 8.09591, -0.409111, 8.58302, -0.0731988, 8.74424, -0.469007, 8.25679, -0.132668, 8.09516, -0.408564, 0.9
8.37523,-0.243973, 8.48064, -0.236918, 8.63333, -0.0754391, 8.61129, -0.420435, 8.12846, -0.0809538, 8.15072, -0.413515, 8.75181, -0.0630389, 8.60939, -0.420893, 8.12734, -0.0815577, 8.26395, -0.398448, 0.8
8.40225,-0.254135, 8.488, -0.240903, 8.63506, -0.0760597, 8.66046, -0.421871, 8.18068, -0.0808263, 8.15187, -0.414133, 8.63333, -0.0754391, 8.74012, -0.425602, 8.2585, -0.0861206, 8.15072, -0.413515, 0.7
8.42972,-0.246065, 8.49401, -0.244396, 8.68562, -0.0765139, 8.6609, -0.421229, 8.18208, -0.0803659, 8.20512, -0.417438, 8.74251, -0.0697814, 8.66046, -0.421871, 8.18068, -0.0808263, 8.26031, -0.408035, 0.5
8.45069,-0.251737, 8.51413, -0.24614, 8.69961, -0.090021, 8.71072, -0.420989, 8.23234, -0.0786874, 8.20638, -0.417716, 8.68562, -0.0765139, 8.75732, -0.437699, 8.27877, -0.0968354, 8.20512, -0.417438, 0.5
8.48058,-0.244992, 8.53012, -0.241385, 8.73707, -0.0847075, 8.6925, -0.421554, 8.23223, -0.0788419, 8.25633, -0.421144, 8.69961, -0.090021, 8.75711, -0.451023, 8.27795, -0.108722, 8.20638, -0.417716, 0.4
8.49811,-0.252784, 8.61513, -0.2535, 8.73628, -0.0853042, 8.74566, -0.419554, 8.27471, -0.077921, 8.25689, -0.42148, 8.73707, -0.0847075, 8.8766, -0.464376, 8.41292, -0.121664, 8.25633, -0.421144, 0.9
8.52413,-0.247662, 8.65685, -0.231732, 8.77789, -0.081018, 8.74553, -0.418658, 8.27519, -0.0781308, 8.29823, -0.420188, 8.91625, -0.0630281, 8.74566, -0.419554, 8.27471, -0.077921, 8.43665, -0.398706, 0.9
8.54378,-0.253409, 8.67222, -0.24263, 8.77895, -0.0814456, 8.79575, -0.420653, 8.31996, -0.0791786, 8.29943, -0.420529, 8.77789, -0.081018, 8.91174, -0.447087, 8.44126, -0.10656, 8.29823, -0.420188, 0.9
8.56952,-0.248001, 8.68368, -0.238918, 8.82329, -0.079988, 8.79728, -0.420222, 8.32146, -0.0788211, 8.34428, -0.420436, 8.92239, -0.065382, 8.79575, -0.420653, 8.31996, -0.0791786, 8.44384, -0.404233, 0.7
8.59281,-0.256478, 8.68395, -0.240381, 8.82449, -0.0804329, 8.84772, -0.42213, 8.3697, -0.0810775, 8.34542, -0.420908, 8.82329, -0.079988, 8.90319, -0.455691, 8.42794, -0.11429, 8.34428, -0.420436, 0.6
8.61897,-0.248734, 8.69736, -0.241297, 8.87233, -0.0811149, 8.84716, -0.421712, 8.36101, -0.0895926, 8.38851, -0.420037, 8.92181, -0.0776464, 8.84772, -0.42213, 8.3697, -0.0810775, 8.44366, -0.416812, 0.4
8.6379,-0.259811, 8.70597, -0.242529, 8.87355, -0.0818085, 8.89567, -0.427631, 8.41306, -0.0897507, 8.37414, -0.407666, 8.87233, -0.0811149, 8.91288, -0.465083, 8.42651, -0.132963, 8.38851, -0.420037, 0.4
8.66061,-0.249261, 8.78736, -0.215071, 8.92156, -0.0810529, 8.89695, -0.427271, 8.41225, -0.0895686, 8.43358, -0.416239, 9.09214, -0.0812678, 8.89567, -0.427631, 8.41306, -0.0897507, 8.59162, -0.405796, 0.9
8.6882,-0.260753, 8.71645, -0.226871, 8.92319, -0.0813747, 8.94556, -0.428156, 8.46451, -0.0885481, 8.43275, -0.415336, 8.92156, -0.0810529, 8.91311, -0.426076, 8.43231, -0.0883744, 8.43358, -0.416239, 0.2
8.71305,-0.250783, 8.80284, -0.22617, 8.97119, -0.0823338, 8.94725, -0.427569, 8.46548, -0.0879022, 8.48744, -0.420098, 9.09683, -0.0757792, 8.94556, -0.428156, 8.46451, -0.0885481, 8.60463, -0.408753, 0.7
8.74056,-0.261044, 8.82342, -0.250725, 8.97298, -0.0829218, 8.99702, -0.428939, 8.51719, -0.0875845, 8.48865, -0.420596, 8.97119, -0.0823338, 9.07946, -0.437295, 8.59827, -0.0976286, 8.48744, -0.420098, 0.7
8.76541,-0.252541, 8.83208, -0.2514, 9.02187, -0.0822958, 8.9972, -0.428079, 8.51861, -0.0871137, 8.54165, -0.42389, 9.07966, -0.0768882, 8.99702, -0.428939, 8.51719, -0.0875845, 8.59624, -0.414619, 0.5
8.79191,-0.261588, 8.83795, -0.249987, 9.02805, -0.0874782, 9.04792, -0.429873, 8.56935, -0.0876478, 8.54286, -0.42432, 9.02187, -0.0822958, 9.07386, -0.442737, 8.59583, -0.101772, 8.54165, -0.42389, 0.4
8.81617,-0.250403, 8.85301, -0.250294, 9.0726, -0.0861359, 9.02561, -0.432958, 8.56968, -0.0877498, 8.59381, -0.427635, 9.02805, -0.0874782, 9.07332, -0.454012, 8.59376, -0.111787, 8.54286, -0.42432, 0.3
8.83589,-0.260678, 8.94929, -0.261866, 9.06978, -0.0871494, 9.08044, -0.427816, 8.61055, -0.0855367, 8.5933, -0.427978, 9.0726, -0.0861359, 9.2117, -0.475661, 8.75191, -0.130453, 8.59381, -0.427635, 0.9
8.85991,-0.253484, 8.99279, -0.238733, 9.11229, -0.0856265, 9.08128, -0.427373, 8.61209, -0.0850085, 8.63401, -0.426452, 9.25105, -0.0680123, 9.08044, -0.427816, 8.61055, -0.0855367, 8.77455, -0.408576, 0.9
8.88145,-0.260723, 9.00808, -0.248489, 9.11339, -0.086198, 9.13154, -0.428326, 8.65656, -0.0859752, 8.63512, -0.426779, 9.11229, -0.0856265, 9.24641, -0.454156, 8.7772, -0.111792, 8.63401, -0.426452, 0.9
8.90518,-0.254334, 9.00802, -0.249334, 9.15805, -0.0858682, 9.13292, -0.427912, 8.65776, -0.0856113, 8.67962, -0.426892, 9.23604, -0.0744468, 9.13154, -0.428326, 8.65656, -0.0859752, 8.75929, -0.414955, 0.6
8.92907,-0.263775, 9.01907, -0.249551, 9.1595, -0.0864045, 9.18147, -0.429398, 8.70367, -0.0883706, 8.6808, -0.42704, 9.15805, -0.0858682, 9.2408, -0.467537, 8.76574, -0.125236, 8.67962, -0.426892, 0.6
8.95197,-0.254817, 9.02095, -0.252234, 9.20906, -0.0880982, 9.18248, -0.428932, 8.69383, -0.0999448, 8.72988, -0.42919, 9.23436, -0.0883002, 9.18147, -0.429398, 8.70367, -0.0883706, 8.75718, -0.427761, 0.3
8.97302,-0.266747, 9.04135, -0.253976, 9.20883, -0.087917, 9.23107, -0.434953, 8.74683, -0.0987055, 8.71325, -0.413901, 9.20906, -0.0880982, 9.25778, -0.477527, 8.76864, -0.14854, 8.72988, -0.42919, 0.4
8.99684,-0.25557, 9.12285, -0.2222, 9.25724, -0.0874394, 9.23256, -0.434281, 8.74618, -0.0982331, 8.77082, -0.422515, 9.42596, -0.0885386, 9.23107, -0.434953, 8.74683, -0.0987055, 8.92954, -0.41355, 0.9
9.02431,-0.267641, 9.04018, -0.231402, 9.25831, -0.0877822, 9.28087, -0.434986, 8.79914, -0.095845, 8.77077, -0.422438, 9.25724, -0.0874394, 9.22981, -0.429373, 8.74804, -0.0933256, 8.77082, -0.422515, 0.1
9.04943,-0.25727, 9.12616, -0.233533, 9.30805, -0.0892264, 9.28256, -0.434468, 8.80015, -0.095405, 8.8253, -0.427993, 9.41318, -0.0856387, 9.28087, -0.434986, 8.79914, -0.095845, 8.9241, -0.419473, 0.6
9.07488,-0.267691, 9.15897, -0.260379, 9.30828, -0.0892776, 9.33069, -0.435558, 8.85211, -0.0946536, 8.82557, -0.427738, 9.30805, -0.0892264, 9.41825, -0.44844, 8.93601, -0.109377, 8.8253, -0.427993, 0.7
9.10366,-0.259191, 9.16715, -0.257945, 9.36046, -0.0906103, 9.33247, -0.43485, 8.85362, -0.0941108, 8.87751, -0.430663, 9.41443, -0.0834553, 9.33069, -0.435558, 8.85211, -0.0946536, 8.93273, -0.422106, 0.5
9.12812,-0.268501, 9.17613, -0.256934, 9.3616, -0.0912018, 9.37498, -0.439244, 8.90362, -0.0950134, 8.87863, -0.431231, 9.36046, -0.0906103, 9.41131, -0.449993, 8.93285, -0.109254, 8.87751, -0.430663, 0.4
9.15218,-0.255639, 9.20017, -0.259665, 9.40556, -0.0905926, 9.35903, -0.441072, 8.90424, -0.0945864, 8.92772, -0.433826, 9.3616, -0.0912018, 9.42087, -0.463225, 8.94813, -0.118994, 8.87863, -0.431231, 0.4
9.17068,-0.267015, 9.28525, -0.265044, 9.40349, -0.0918561, 9.41274, -0.434035, 8.94464, -0.0909105, 8.92843, -0.434165, 9.40556, -0.0905926, 9.54346, -0.475929, 9.08548, -0.129443, 8.92772, -0.433826, 0.9
9.19403,-0.258784, 9.32947, -0.244172, 9.44626, -0.0908542, 9.41362, -0.433569, 8.94596, -0.0903425, 8.96861, -0.431986, 9.58491, -0.073956, 9.41274, -0.434035, 8.94464, -0.0909105, 9.10992, -0.41601, 0.9
9.21494,-0.266126, 9.34301, -0.253966, 9.44737, -0.0912535, 9.46516, -0.433825, 8.99114, -0.0908995, 8.96955, -0.432292, 9.44626, -0.0908542, 9.57904, -0.461458, 9.11138, -0.118232, 8.96861, -0.431986, 0.9
9.23917,-0.259578, 9.34316, -0.2545, 9.49191, -0.0908237, 9.46584, -0.433639, 8.99135, -0.090724, 9.01321, -0.432032, 9.56972, -0.0797495, 9.46516, -0.433825, 8.99114, -0.0908995, 9.09346, -0.420735, 0.6
9.26355,-0.269259, 9.3528, -0.25498, 9.49324, -0.0913905, 9.51472, -0.43514, 9.03694, -0.0936072, 9.01435, -0.432625, 9.49191, -0.0908237, 9.57422, -0.472681, 9.09982, -0.129767, 9.01321, -0.432032, 0.6
9.2844,-0.260566, 9.36714, -0.254371, 9.54231, -0.0930855, 9.51533, -0.434379, 9.02716, -0.105172, 9.06309, -0.434462, 9.58888, -0.0905962, 9.51472, -0.43514, 9.03694, -0.0936072, 9.11105, -0.430597, 0.4
9.30663,-0.27168, 9.3745, -0.256985, 9.54219, -0.0926239, 9.56384, -0.440069, 9.08004, -0.103579, 9.04945, -0.421621, 9.54231, -0.0930855, 9.58835, -0.47779, 9.10018, -0.148584, 9.06309, -0.434462, 0.4
9.33128,-0.260688, 9.45712, -0.227704, 9.58957, -0.0919004, 9.56572, -0.439547, 9.07954, -0.102991, 9.10491, -0.428133, 9.75763, -0.0918934, 9.56384, -0.440069, 9.08004, -0.103579, 9.26402, -0.42004, 0.9
9.35663,-0.272484, 9.38597, -0.239508, 9.5914, -0.0926151, 9.61394, -0.44019, 9.13192, -0.100872, 9.1054, -0.428824, 9.58957, -0.0919004, 9.5849, -0.435661, 9.10287, -0.0991045, 9.10491, -0.428133, 0.2
9.38293,-0.261891, 9.4591, -0.241787, 9.64088, -0.0936218, 9.61514, -0.439642, 9.13302, -0.100492, 9.159, -0.433336, 9.74111, -0.0896974, 9.61394, -0.44019, 9.13192, -0.100872, 9.25396, -0.425288, 0.6
9.40828,-0.272513, 9.49265, -0.264966, 9.64112, -0.0935339, 9.66316, -0.440413, 9.18464, -0.0995405, 9.15927, -0.432918, 9.64088, -0.0936218, 9.75116, -0.453483, 9.26925, -0.114333, 9.159, -0.433336, 0.7
9.43307,-0.263851, 9.49995, -0.262901, 9.69027, -0.0946132, 9.66474, -0.439918, 9.18576, -0.0990891, 9.20995, -0.435591, 9.74648, -0.0878261, 9.66316, -0.440413, 9.18464, -0.0995405, 9.26565, -0.427454, 0.5
9.45929,-0.273111, 9.50555, -0.261416, 9.69483, -0.0975226, 9.70917, -0.443189, 9.23562, -0.0998815, 9.21132, -0.435991, 9.69027, -0.0946132, 9.74154, -0.454052, 9.26322, -0.113223, 9.20995, -0.435591, 0.4
9.48346,-0.26158, 9.51987, -0.261835, 9.73877, -0.0965537, 9.69222, -0.444656, 9.23617, -0.0995663, 9.26067, -0.438718, 9.69483, -0.0975226, 9.73491, -0.466393, 9.26044, -0.123085, 9.21132, -0.435991, 0.3
9.50209,-0.271784, 9.61601, -0.27298, 9.73609, -0.097208, 9.74537, -0.438798, 9.27454, -0.0967646, 9.25892, -0.437933, 9.73877, -0.0965537, 9.8777, -0.486114, 9.41779, -0.141024, 9.26067, -0.438718, 0.9
9.52559,-0.263501, 9.66043, -0.24903, 9.77936, -0.0959783, 9.74611, -0.438384, 9.27577, -0.0963145, 9.30102, -0.436955, 9.91739, -0.0798374, 9.74537, -0.438798, 9.27454, -0.0967646, 9.44034, -0.420288, 0.9
9.54644,-0.270888, 9.67436, -0.258879, 9.77943, -0.0959902, 9.79463, -0.438376, 9.32021, -0.0964388, 9.30049, -0.436654, 9.77936, -0.0959783, 9.91181, -0.465614, 9.44155, -0.123544, 9.30102, -0.436955, 0.9
9.56988,-0.263869, 9.68523, -0.255974, 9.82315, -0.094904, 9.79615, -0.437862, 9.3215, -0.0959763, 9.34366, -0.435594, 9.92226, -0.0821112, 9.79463, -0.438376, 9.32021, -0.0964388, 9.44434, -0.422519, 0.7
9.59346,-0.273181, 9.68392, -0.256488, 9.82446, -0.0954293, 9.8447, -0.439492, 9.36692, -0.09809, 9.34484, -0.436148, 9.82315, -0.094904, 9.9022, -0.471446, 9.42814, -0.12956, 9.34366, -0.435594, 0.6
9.61579,-0.264179, 9.69719, -0.257679, 9.87117, -0.096144, 9.84558, -0.438728, 9.36061, -0.104827, 9.39152, -0.43744, 9.92003, -0.0939119, 9.8447, -0.439492, 9.36692, -0.09809, 9.44157, -0.433657, 0.4
9.63732,-0.275488, 9.70526, -0.25931, 9.87227, -0.0966142, 9.89323, -0.444229, 9.4092, -0.107044, 9.37466, -0.423668, 9.87117, -0.096144, 9.91533, -0.483321, 9.43023, -0.149419, 9.39152, -0.43744, 0.4
9.65955,-0.264499, 9.7867, -0.231049, 9.91916, -0.0960653, 9.89461, -0.443619, 9.40846, -0.107366, 9.43192, -0.431549, 10.0892, -0.0971628, 9.89323, -0.444229, 9.4092, -0.107044, 9.59056, -0.423016, 0.9
9.68649,-0.276834, 9.71446, -0.243016, 9.92067, -0.0960197, 9.94196, -0.444546, 9.4605, -0.105087, 9.4318, -0.431355, 9.91916, -0.0960653, 9.91255, -0.439695, 9.43049, -0.103441, 9.43192, -0.431549, 0.2
9.71112,-0.266012, 9.80022, -0.242376, 9.96823, -0.0967916, 9.94367, -0.443878, 9.46145, -0.104485, 9.48495, -0.436139, 10.0927, -0.0914314, 9.94196, -0.444546, 9.4605, -0.105087, 9.60215, -0.42592, 0.7
9.73605,-0.276808, 9.82095, -0.266345, 9.96931, -0.0976318, 9.99244, -0.445116, 9.5121, -0.103734, 9.48567, -0.436151, 9.96823, -0.0967916, 10.0765, -0.451994, 9.59495, -0.112602, 9.48495, -0.436139, 0.7
9.76265,-0.267712, 9.82882, -0.267359, 10.0174, -0.097955, 9.99271, -0.444293, 9.51352, -0.103284, 9.5368, -0.439054, 10.0749, -0.0925136, 9.99244, -0.445116, 9.5121, -0.103734, 9.59228, -0.431197, 0.5
9.78994,-0.28186, 9.83438, -0.265556, 10.0196, -0.0988186, 10.0386, -0.456195, 9.56623, -0.106413, 9.53775, -0.439675, 10.0174, -0.097955, 10.0686, -0.45696, 9.59027, -0.115951, 9.5368, -0.439054, 0.4
9.81469,-0.273046, 9.92571, -0.253634, 10.0734, -0.113083, 10.026, -0.464943, 9.56773, -0.106694, 9.58853, -0.444547, 10.2175, -0.0865971, 10.0386, -0.456195, 9.56623, -0.106413, 9.73349, -0.427036, 0.9
9.83454,-0.285745, 9.95021, -0.277672, 10.0709, -0.11321, 10.0771, -0.458014, 9.60784, -0.10904, 9.58767, -0.444081, 10.0734, -0.113083, 10.2047, -0.463107, 9.74714, -0.104858, 9.58853, -0.444547, 0.9
9.85747,-0.276989, 9.98952, -0.267536, 10.1114, -0.110326, 10.0778, -0.457392, 9.60923, -0.108612, 9.63013, -0.446624, 10.2511, -0.0948184, 10.0771, -0.458014, 9.60784, -0.10904, 9.76808, -0.425718, 0.9
9.87992,-0.285933, 10.0044, -0.2751, 10.1125, -0.110954, 10.1264, -0.455278, 9.6514, -0.111257, 9.63107, -0.446223, 10.1114, -0.110326, 10.2464, -0.476275, 9.77852, -0.127495, 9.63013, -0.446624, 0.9
9.90328,-0.277044, 10.0409, -0.264709, 10.1554, -0.109293, 10.1278, -0.454778, 9.65254, -0.110813, 9.67511, -0.448478, 10.2982, -0.0931741, 10.1264, -0.455278, 9.6514, -0.111257, 9.8171, -0.428342, 0.9
9.92558,-0.287679, 10.053, -0.273602, 10.1569, -0.109857, 10.1757, -0.454981, 9.69463, -0.113871, 9.67621, -0.448235, 10.1554, -0.109293, 10.2933, -0.479519, 9.81864, -0.135555, 9.67511, -0.448478, 0.9
9.94815,-0.278155, 10.0898, -0.263985, 10.2027, -0.110212, 10.1773, -0.454436, 9.69396, -0.120102, 9.72034, -0.449828, 10.3488, -0.0944691, 10.1757, -0.454981, 9.69463, -0.113871, 9.86835, -0.432079, 0.9
9.96906,-0.289556, 10.0992, -0.273224, 10.204, -0.110888, 10.2258, -0.458478, 9.74438, -0.119792, 9.7105, -0.439283, 10.2027, -0.110212, 10.3391, -0.480976, 9.85601, -0.146643, 9.72034, -0.449828, 0.9
9.9938,-0.278821, 10.1217, -0.260643, 10.2509, -0.109867, 10.2268, -0.458921, 9.74174, -0.121195, 9.7655, -0.445928, 10.3994, -0.109773, 10.2258, -0.458478, 9.74438, -0.119792, 9.90708, -0.437942, 0.9
10.0197,-0.29135, 10.132, -0.276663, 10.2527, -0.110627, 10.2749, -0.459585, 9.79323, -0.119019, 9.76596, -0.446573, 10.2509, -0.109867, 10.3927, -0.466396, 9.90849, -0.12867, 9.7655, -0.445928, 0.9
10.0441,-0.28057, 10.1375, -0.278654, 10.3008, -0.112277, 10.2754, -0.45883, 9.79381, -0.119096, 9.81833, -0.451528, 10.3953, -0.103892, 10.2749, -0.459585, 9.79323, -0.119019, 9.90972, -0.44001, 0.7
10.0684,-0.291386, 10.1535, -0.281014, 10.3014, -0.111953, 10.3228, -0.459774, 9.84184, -0.120273, 9.81877, -0.451197, 10.3008, -0.112277, 10.4085, -0.466342, 9.92764, -0.126608, 9.81833, -0.451528, 0.7
10.0932,-0.28223, 10.1475, -0.28547, 10.3493, -0.113027, 10.3244, -0.45924, 9.84299, -0.119812, 9.86865, -0.453814, 10.3843, -0.11027, 10.3228, -0.459774, 9.84184, -0.120273, 9.90319, -0.449778, 0.4
10.1182,-0.292603, 10.164, -0.283329, 10.3496, -0.113371, 10.3713, -0.460716, 9.89137, -0.120552, 9.86788, -0.452441, 10.348, -0.112814, 10.4031, -0.475365, 9.92214, -0.135725, 9.8668, -0.451744, 0.4
10.1435,-0.28331, 10.159, -0.288012, 10.3977, -0.114586, 10.3729, -0.460229, 9.89202, -0.120614, 9.9175, -0.455174, 10.3799, -0.120457, 10.3713, -0.460716, 9.89137, -0.120552, 9.89985, -0.459596, 0.1
10.1672,-0.293705, 10.272, -0.30681, 10.3979, -0.11469, 10.4199, -0.461774, 9.93994, -0.121854, 9.91682, -0.453927, 10.3977, -0.114586, 10.5648, -0.499091, 10.0805, -0.159475, 9.9175, -0.455174, 0.9
10.1909,-0.284668, 10.3072, -0.277151, 10.4456, -0.115192, 10.4214, -0.461234, 9.94106, -0.121367, 9.96556, -0.45617, 10.58, -0.0971753, 10.4199, -0.461774, 9.93994, -0.121854, 10.0991, -0.436897, 0.9
10.215,-0.295236, 10.3243, -0.285141, 10.4461, -0.116061, 10.4698, -0.4636, 9.99046, -0.121744, 9.96553, -0.455349, 10.4456, -0.115192, 10.5914, -0.461227, 10.1119, -0.121359, 9.96556, -0.45617, 0.9
10.2388,-0.286482, 10.3558, -0.278573, 10.4932, -0.117114, 10.4703, -0.4629, 9.98999, -0.122777, 10.0144, -0.45726, 10.6287, -0.0987487, 10.4698, -0.4636, 9.99046, -0.121744, 10.1483, -0.438558, 0.9
10.2659,-0.293926, 10.3728, -0.287071, 10.4949, -0.117596, 10.5193, -0.462157, 10.0278, -0.128247, 10.0331, -0.451243, 10.4932, -0.117114, 10.6409, -0.463615, 10.1615, -0.123492, 10.0144, -0.45726, 0.9
10.2965,-0.278947, 10.4077, -0.280565, 10.5503, -0.110014, 10.5209, -0.461424, 10.027, -0.128851, 10.0766, -0.446911, 10.6664, -0.0997551, 10.5193, -0.462157, 10.0278, -0.128247, 10.2061, -0.436329, 0.9
10.317,-0.292288, 10.4251, -0.291793, 10.5518, -0.110726, 10.5754, -0.460702, 10.0901, -0.121936, 10.0746, -0.446136, 10.5503, -0.110014, 10.7151, -0.436986, 10.224, -0.104413, 10.0766, -0.446911, 0.9
10.3445,-0.280117, 10.4432, -0.282677, 10.6031, -0.110709, 10.5765, -0.460309, 10.0848, -0.125989, 10.1244, -0.449759, 10.7243, -0.0938619, 10.5754, -0.460702, 10.0901, -0.121936, 10.2475, -0.430829, 0.9
10.3715,-0.292369, 10.4631, -0.288755, 10.6049, -0.111579, 10.6275, -0.461162, 10.1392, -0.124966, 10.1248, -0.44977, 10.6031, -0.110709, 10.763, -0.43113, 10.2732, -0.0968107, 10.1244, -0.449759, 0.9
10.3967,-0.281624, 10.4892, -0.282834, 10.6543, -0.113578, 10.6291, -0.46064, 10.1402, -0.124506, 10.1746, -0.453445, 10.7763, -0.0944934, 10.6275, -0.461162, 10.1392, -0.124966, 10.2962, -0.434043, 0.9
10.4225,-0.292876, 10.5114, -0.288825, 10.6568, -0.112715, 10.6793, -0.461419, 10.1961, -0.121837, 10.1736, -0.450634, 10.6543, -0.113578, 10.8116, -0.431971, 10.3242, -0.0958375, 10.1746, -0.453445, 0.9
10.4493,-0.282719, 10.5392, -0.28276, 10.7066, -0.11382, 10.6811, -0.460902, 10.196, -0.122471, 10.2257, -0.453918, 10.8302, -0.094857, 10.6793, -0.461419, 10.1961, -0.121837, 10.3467, -0.433792, 0.9
10.4743,-0.293299, 10.5636, -0.28895, 10.7084, -0.113823, 10.7315, -0.462038, 10.2485, -0.122509, 10.2252, -0.452439, 10.7066, -0.11382, 10.8613, -0.4334, 10.3774, -0.094969, 10.2257, -0.453918, 0.9
10.5019,-0.284004, 10.5906, -0.283379, 10.7585, -0.114174, 10.7331, -0.461493, 10.2497, -0.122005, 10.2776, -0.454911, 10.8824, -0.0947431, 10.7315, -0.462038, 10.2485, -0.122509, 10.3988, -0.434324, 0.9
10.5273,-0.294138, 10.6163, -0.289753, 10.7599, -0.114951, 10.7835, -0.462898, 10.3017, -0.122464, 10.2773, -0.454166, 10.7585, -0.114174, 10.9122, -0.43501, 10.43, -0.0955219, 10.2776, -0.454911, 0.9
