-0.00760741,0.0105643, 0.079793, -0.0291128, 0.20765, 0.171527, 0.270375, -0.165231, -0.206981, 0.178211, -0.267358, -0.171738, 0.206959, 0.170599, 0.401051, -0.193807, -0.0783674, 0.151122, -0.268751, -0.17253, 0.9
0.0413895,0.00832529, 0.10886, 0.0186666, 0.306674, 0.1777, 0.271848, -0.16471, -0.204266, 0.17802, -0.17066, -0.165648, 0.445185, 0.186124, 0.270375, -0.165231, -0.206981, 0.178211, -0.0289944, -0.157156, 0.9
0.0930108,-0.00578282, 0.163563, -0.00558659, 0.305682, 0.176303, 0.376555, -0.173414, -0.104144, 0.167641, -0.167712, -0.166582, 0.306674, 0.1777, 0.518719, -0.169715, 0.0435674, 0.173016, -0.17066, -0.165648, 0.9
0.151219,0.0043757, 0.207584, 0.011799, 0.420833, 0.173815, 0.379284, -0.172783, -0.105576, 0.165651, -0.0559378, -0.169426, 0.551128, 0.183858, 0.376555, -0.173414, -0.104144, 0.167641, 0.0791156, -0.159794, 0.9
0.20387,-0.0120551, 0.273945, -0.0119611, 0.420089, 0.174177, 0.485378, -0.178475, -0.00353519, 0.157486, -0.0579016, -0.166756, 0.420833, 0.173815, 0.627585, -0.176283, 0.144007, 0.162151, -0.0559378, -0.169426, 0.9
0.258075,0.00283214, 0.319391, 0.00771323, 0.529721, 0.173729, 0.488184, -0.177561, -0.000976052, 0.158429, 0.0485595, -0.165263, 0.666469, 0.180406, 0.485378, -0.178475, -0.00353519, 0.157486, 0.190135, -0.161483, 0.9
0.311913,-0.015457, 0.3818, -0.0149986, 0.533048, 0.172417, 0.595126, -0.181627, 0.111451, 0.158447, 0.051392, -0.166424, 0.529721, 0.173729, 0.736951, -0.18044, 0.249273, 0.15555, 0.0485595, -0.165263, 0.9
0.367826,0.00178087, 0.428085, 0.00564993, 0.64607, 0.170723, 0.598331, -0.180518, 0.10551, 0.153105, 0.165663, -0.170555, 0.780032, 0.177791, 0.595126, -0.181627, 0.111451, 0.158447, 0.300234, -0.162136, 0.9
0.421953,-0.0176536, 0.492753, -0.0168499, 0.649683, 0.169376, 0.706073, -0.183461, 0.217996, 0.153543, 0.159123, -0.164784, 0.64607, 0.170723, 0.847059, -0.183409, 0.355848, 0.150214, 0.165663, -0.170555, 0.9
0.480029,0.000905066, 0.540084, 0.0045069, 0.759716, 0.168868, 0.709313, -0.182379, 0.214822, 0.150361, 0.275721, -0.170571, 0.896998, 0.174061, 0.706073, -0.183461, 0.217996, 0.153543, 0.408516, -0.161144, 0.9
0.533703,-0.0190852, 0.567917, -0.0102773, 0.763347, 0.167502, 0.817301, -0.184561, 0.322368, 0.147497, 0.269232, -0.164641, 0.759716, 0.168868, 0.892542, -0.178375, 0.400987, 0.154365, 0.275721, -0.170571, 0.6
0.589697,8.9322e-05, 0.600666, -0.00441784, 0.871808, 0.167713, 0.820327, -0.183135, 0.324915, 0.148686, 0.385207, -0.169983, 0.907882, 0.165596, 0.817301, -0.184561, 0.322368, 0.147497, 0.415755, -0.168014, 0.5
0.644879,-0.0201348, 0.623788, -0.00668988, 0.875102, 0.166335, 0.928065, -0.185308, 0.44143, 0.152708, 0.379335, -0.16492, 0.871808, 0.167713, 0.891536, -0.177369, 0.398524, 0.154451, 0.385207, -0.169983, 0.2
0.698965,-0.00124454, 0.759653, 0.0155955, 0.967708, 0.166231, 0.931629, -0.184125, 0.43449, 0.146537, 0.493307, -0.168578, 1.08455, 0.174712, 0.928065, -0.185308, 0.44143, 0.152708, 0.586768, -0.157012, 0.9
0.744901,-0.0172876, 0.823344, -0.0212605, 0.970497, 0.165323, 1.02678, -0.182827, 0.5427, 0.153275, 0.491385, -0.166306, 0.967708, 0.166231, 1.18073, -0.185912, 0.685388, 0.144749, 0.493307, -0.168578, 0.9
0.798213,-0.00354317, 0.864999, 0.00303699, 1.07458, 0.163226, 1.032, -0.182225, 0.549505, 0.152764, 0.604091, -0.173757, 1.21647, 0.171136, 1.02678, -0.182827, 0.5427, 0.153275, 0.739155, -0.161296, 0.9
0.860413,-0.0197142, 0.893193, -0.00988586, 1.08021, 0.162592, 1.14382, -0.187403, 0.662648, 0.152286, 0.606112, -0.175091, 1.07458, 0.163226, 1.23678, -0.183284, 0.756533, 0.151704, 0.604091, -0.173757, 0.7
0.914624,-0.00592622, 0.909053, -0.00912415, 1.19684, 0.162217, 1.14073, -0.189275, 0.657636, 0.147549, 0.71967, -0.178757, 1.23069, 0.162299, 1.14382, -0.187403, 0.662648, 0.152286, 0.758372, -0.177151, 0.5
0.972783,-0.0251053, 0.93122, -0.0176744, 1.18864, 0.164927, 1.25148, -0.193374, 0.771526, 0.149049, 0.71275, -0.174813, 1.19684, 0.162217, 1.22458, -0.171026, 0.743384, 0.165797, 0.71967, -0.178757, 0.2
1.02458,-0.00810417, 0.976471, -0.0166914, 1.29724, 0.16479, 1.25471, -0.192464, 0.774155, 0.15007, 0.82628, -0.178339, 1.24808, 0.161699, 1.25148, -0.193374, 0.771526, 0.149049, 0.771802, -0.179775, 0.2
1.07482,-0.0218638, 1.08389, -0.0374124, 1.30047, 0.163888, 1.35921, -0.190178, 0.886828, 0.150765, 0.828671, -0.179196, 1.29724, 0.16479, 1.41093, -0.184671, 0.928707, 0.157862, 0.82628, -0.178339, 0.6
1.13042,-0.00998861, 1.16987, 8.46219e-05, 1.41134, 0.158779, 1.36386, -0.18954, 0.880844, 0.145631, 0.940613, -0.183049, 1.53078, 0.174323, 1.35921, -0.190178, 0.886828, 0.150765, 1.0581, -0.169497, 0.9
1.19018,-0.0258218, 1.19661, -0.0228085, 1.41739, 0.158101, 1.46716, -0.199479, 0.990453, 0.147018, 0.939923, -0.179331, 1.41134, 0.158779, 1.56096, -0.173471, 1.08035, 0.1617, 0.940613, -0.183049, 0.6
1.24955,-0.0114847, 1.21923, -0.0153731, 1.53333, 0.159443, 1.47125, -0.198855, 0.9937, 0.147541, 1.049, -0.184515, 1.5635, 0.159993, 1.46716, -0.199479, 0.990453, 0.147018, 1.08675, -0.17926, 0.5
1.30486,-0.027951, 1.25245, -0.0332971, 1.52968, 0.165008, 1.5882, -0.194609, 1.10956, 0.149236, 1.05341, -0.185465, 1.53333, 0.159443, 1.56871, -0.165907, 1.09255, 0.18049, 1.049, -0.184515, 0.2
1.35786,-0.010385, 1.28565, -0.0301791, 1.64206, 0.15935, 1.5769, -0.197816, 1.10772, 0.146239, 1.16787, -0.185607, 1.56307, 0.165004, 1.5882, -0.194609, 1.10956, 0.149236, 1.08592, -0.186857, 0.1
1.40706,-0.0246658, 1.40039, -0.0436774, 1.63305, 0.161189, 1.68842, -0.193037, 1.22069, 0.148154, 1.15915, -0.181247, 1.64206, 0.15935, 1.71076, -0.183614, 1.23959, 0.160441, 1.16787, -0.185607, 0.5
1.46278,-0.0129128, 1.49806, -0.00231638, 1.74285, 0.155353, 1.69255, -0.192401, 1.21874, 0.144494, 1.26807, -0.1861, 1.85741, 0.173184, 1.68842, -0.193037, 1.22069, 0.148154, 1.38187, -0.169807, 0.9
1.52305,-0.0291746, 1.53926, -0.0289465, 1.74849, 0.154776, 1.80896, -0.197621, 1.32482, 0.144639, 1.26686, -0.180711, 1.74285, 0.155353, 1.91281, -0.177061, 1.44075, 0.159834, 1.26807, -0.1861, 0.7
1.57704,-0.0152415, 1.55058, -0.0206143, 1.86606, 0.155651, 1.80427, -0.201658, 1.32837, 0.145168, 1.37997, -0.187372, 1.90065, 0.155964, 1.80896, -0.197621, 1.32482, 0.144639, 1.42035, -0.181421, 0.5
1.63775,-0.0324317, 1.5805, -0.035646, 1.85335, 0.163386, 1.91702, -0.201318, 1.44286, 0.144361, 1.385, -0.188551, 1.86606, 0.155651, 1.89989, -0.170356, 1.4254, 0.17647, 1.37997, -0.187372, 0.2
1.69558,-0.0146796, 1.61904, -0.0335926, 1.97493, 0.156696, 1.91986, -0.200373, 1.44587, 0.145354, 1.50084, -0.190437, 1.88874, 0.162085, 1.91702, -0.201318, 1.44286, 0.144361, 1.41951, -0.191417, 0.1
1.74345,-0.0299018, 1.74905, -0.0487711, 1.96309, 0.159583, 2.02661, -0.197119, 1.55011, 0.146342, 1.48954, -0.18274, 1.97493, 0.156696, 2.07384, -0.189682, 1.59739, 0.156045, 1.50084, -0.190437, 0.6
1.79652,-0.0174433, 1.83409, -0.00779195, 2.07847, 0.152277, 2.03158, -0.196552, 1.55757, 0.14195, 1.60346, -0.189255, 2.195, 0.169483, 2.02661, -0.197119, 1.55011, 0.146342, 1.72047, -0.173627, 0.9
1.85303,-0.0298532, 1.86265, -0.0290302, 2.08359, 0.151927, 2.1409, -0.197863, 1.66337, 0.142525, 1.60534, -0.186206, 2.07847, 0.152277, 2.22759, -0.181473, 1.75577, 0.157028, 1.60346, -0.189255, 0.6
1.91974,-0.0182048, 1.88698, -0.0177508, 2.19012, 0.160343, 2.14261, -0.205686, 1.66855, 0.143134, 1.72061, -0.191705, 2.23106, 0.152303, 2.1409, -0.197863, 1.66337, 0.142525, 1.75386, -0.187767, 0.5
1.97628,-0.0357784, 1.92305, -0.0393418, 2.19365, 0.1593, 2.25418, -0.205239, 1.78459, 0.141297, 1.72462, -0.192914, 2.19012, 0.160343, 2.23884, -0.173708, 1.76614, 0.175112, 1.72061, -0.191705, 0.2
2.0299,-0.0178468, 1.9691, -0.0345212, 2.298, 0.153997, 2.25083, -0.205152, 1.78059, 0.138766, 1.84085, -0.192289, 2.24948, 0.160931, 2.25418, -0.205239, 1.78459, 0.141297, 1.77908, -0.192602, 0.2
2.07997,-0.0347066, 2.08661, -0.0518243, 2.29346, 0.154985, 2.36277, -0.201412, 1.89458, 0.13982, 1.83556, -0.190922, 2.298, 0.153997, 2.41118, -0.192529, 1.93917, 0.151389, 1.84085, -0.192289, 0.6
2.13338,-0.0224388, 2.16916, -0.0149545, 2.41258, 0.146798, 2.3669, -0.200857, 1.89359, 0.136505, 1.94447, -0.196292, 2.52366, 0.166683, 2.36277, -0.201412, 1.89458, 0.13982, 2.06445, -0.180089, 0.9
2.19048,-0.0357565, 2.19892, -0.0355962, 2.41792, 0.146357, 2.483, -0.204403, 2.00072, 0.137019, 1.94556, -0.193041, 2.41258, 0.146798, 2.56397, -0.18432, 2.09285, 0.153042, 1.94447, -0.196292, 0.6
2.24924,-0.0252199, 2.22294, -0.0255042, 2.53554, 0.142446, 2.48144, -0.209572, 2.00479, 0.13748, 2.05886, -0.197948, 2.56429, 0.147966, 2.483, -0.204403, 2.00072, 0.137019, 2.09269, -0.193235, 0.5
2.31509,-0.0404754, 2.25838, -0.0436531, 2.53357, 0.152771, 2.59351, -0.209445, 2.12377, 0.136382, 2.06412, -0.198254, 2.53554, 0.142446, 2.57394, -0.182174, 2.09875, 0.164877, 2.05886, -0.197948, 0.2
2.37251,-0.0241277, 2.29605, -0.043434, 2.64937, 0.144459, 2.59067, -0.209403, 2.12014, 0.134409, 2.18168, -0.199429, 2.56704, 0.153006, 2.59351, -0.209445, 2.12377, 0.136382, 2.0966, -0.199445, 0.1
2.41815,-0.0409143, 2.41204, -0.0575733, 2.61501, 0.152125, 2.70268, -0.205894, 2.23373, 0.134628, 2.17998, -0.196167, 2.64937, 0.144459, 2.72359, -0.194705, 2.25121, 0.149107, 2.18168, -0.199429, 0.5
2.46939,-0.0281557, 2.50358, -0.0225503, 2.74369, 0.141499, 2.70654, -0.205369, 2.22953, 0.129308, 2.28537, -0.202876, 2.83906, 0.166181, 2.70268, -0.205894, 2.23373, 0.134628, 2.4015, -0.182957, 0.9
2.52858,-0.0427767, 2.53597, -0.0434908, 2.74893, 0.140974, 2.82129, -0.209848, 2.33721, 0.130725, 2.28377, -0.197555, 2.74369, 0.141499, 2.90378, -0.187813, 2.42908, 0.146864, 2.28537, -0.202876, 0.6
2.58469,-0.0313834, 2.55884, -0.034077, 2.87553, 0.138137, 2.81907, -0.215082, 2.34131, 0.131206, 2.39707, -0.203247, 2.89484, 0.143479, 2.82129, -0.209848, 2.33721, 0.130725, 2.43016, -0.196872, 0.5
2.65561,-0.045868, 2.59305, -0.0510346, 2.87291, 0.145655, 2.92866, -0.215204, 2.45614, 0.128305, 2.40246, -0.204176, 2.87553, 0.138137, 2.912, -0.186563, 2.43575, 0.159725, 2.39707, -0.203247, 0.2
2.70383,-0.0311824, 2.63778, -0.0496246, 2.98998, 0.13811, 2.9313, -0.214472, 2.45897, 0.12903, 2.51534, -0.207162, 2.90569, 0.146428, 2.92866, -0.215204, 2.45614, 0.128305, 2.43427, -0.204799, 0.1
2.75636,-0.0486732, 2.75074, -0.0621257, 2.94845, 0.136656, 3.04151, -0.213529, 2.56488, 0.127853, 2.51989, -0.202886, 2.98998, 0.13811, 3.06203, -0.203984, 2.58774, 0.139518, 2.51534, -0.207162, 0.5
2.80544,-0.038496, 2.84119, -0.0331546, 3.08001, 0.128614, 3.0462, -0.213216, 2.56754, 0.121526, 2.62717, -0.212438, 3.17056, 0.152749, 3.04151, -0.213529, 2.56488, 0.127853, 2.73935, -0.187751, 0.9
2.864,-0.0507429, 2.87216, -0.0537983, 3.08491, 0.128173, 3.15999, -0.218901, 2.67489, 0.120953, 2.62239, -0.208077, 3.08001, 0.128614, 3.24306, -0.195823, 2.76675, 0.138919, 2.62717, -0.212438, 0.6
2.93249,-0.0404318, 2.89492, -0.0436335, 3.19959, 0.136407, 3.15836, -0.223732, 2.67992, 0.121632, 2.73652, -0.213773, 3.22959, 0.131802, 3.15999, -0.218901, 2.67489, 0.120953, 2.76753, -0.206267, 0.5
2.99012,-0.0570415, 2.92355, -0.059857, 3.20103, 0.135842, 3.26702, -0.225686, 2.79949, 0.119916, 2.741, -0.214976, 3.19959, 0.136407, 3.23254, -0.189074, 2.75599, 0.15629, 2.73652, -0.213773, 0.1
3.03882,-0.0431317, 2.9843, -0.0557099, 3.32391, 0.127028, 3.26969, -0.224878, 2.8002, 0.11994, 2.85805, -0.218084, 3.25067, 0.138947, 3.26702, -0.225686, 2.79949, 0.119916, 2.78848, -0.213063, 0.2
3.09606,-0.0524368, 3.08858, -0.071191, 3.32695, 0.126464, 3.38462, -0.21914, 2.91196, 0.121481, 2.85927, -0.215305, 3.32391, 0.127028, 3.40514, -0.213868, 2.93422, 0.130951, 2.85805, -0.218084, 0.5
3.15957,-0.0426997, 3.18912, -0.0376489, 3.43799, 0.13165, 3.39036, -0.218561, 2.90887, 0.119412, 2.96298, -0.207166, 3.54397, 0.144693, 3.38462, -0.21914, 2.91196, 0.121481, 3.07434, -0.197339, 0.9
3.21663,-0.0553387, 3.20716, -0.0639427, 3.44259, 0.130918, 3.50381, -0.226544, 3.02623, 0.120115, 2.96616, -0.208008, 3.43799, 0.13165, 3.57401, -0.188841, 3.09513, 0.149132, 2.96298, -0.207166, 0.5
3.27547,-0.0396622, 3.24077, -0.0509702, 3.56722, 0.128848, 3.5022, -0.227025, 3.02979, 0.121011, 3.08419, -0.212882, 3.57969, 0.137989, 3.50381, -0.226544, 3.02623, 0.120115, 3.10263, -0.202226, 0.5
3.33952,-0.0559838, 3.26907, -0.0606746, 3.56365, 0.13548, 3.62095, -0.225525, 3.15061, 0.120477, 3.08924, -0.213983, 3.56722, 0.128848, 3.57685, -0.191994, 3.10625, 0.156042, 3.08419, -0.212882, 0.1
3.39267,-0.042035, 3.40533, -0.0351681, 3.68061, 0.126905, 3.6237, -0.224792, 3.15028, 0.119322, 3.20696, -0.217593, 3.74212, 0.151582, 3.62095, -0.225525, 3.15061, 0.120477, 3.26336, -0.198153, 0.8
3.44975,-0.0542933, 3.49856, -0.0716965, 3.68547, 0.126333, 3.73983, -0.222052, 3.26931, 0.120651, 3.2072, -0.212194, 3.68089, 0.127087, 3.88313, -0.212742, 3.41005, 0.131441, 3.21115, -0.216467, 0.9
3.51267,-0.0426977, 3.53236, -0.0502226, 3.80761, 0.125972, 3.74498, -0.221602, 3.26539, 0.116933, 3.32309, -0.216143, 3.90398, 0.139195, 3.73983, -0.222052, 3.26931, 0.120651, 3.42666, -0.19996, 0.8
3.57349,-0.0553013, 3.54856, -0.0638929, 3.80005, 0.131343, 3.86895, -0.224555, 3.38489, 0.119239, 3.32664, -0.216505, 3.80761, 0.125972, 3.90066, -0.191496, 3.42357, 0.147038, 3.32309, -0.216143, 0.4
3.63657,-0.0421168, 3.5892, -0.0486266, 3.91934, 0.128819, 3.85168, -0.230512, 3.39005, 0.120115, 3.4447, -0.215199, 3.91165, 0.134673, 3.86895, -0.224555, 3.38489, 0.119239, 3.43745, -0.214524, 0.4
3.69687,-0.0580807, 3.64061, -0.058303, 3.92271, 0.127994, 3.96139, -0.228276, 3.5096, 0.117971, 3.44382, -0.213518, 3.91934, 0.128819, 3.93923, -0.205408, 3.47831, 0.145219, 3.4447, -0.215199, 0.2
3.74642,-0.0445134, 3.74397, -0.0377437, 4.03809, 0.123168, 3.96456, -0.227487, 3.51214, 0.118814, 3.56545, -0.216566, 4.06745, 0.13445, 3.96139, -0.228276, 3.5096, 0.117971, 3.58619, -0.207662, 0.6
3.80413,-0.0558, 3.84765, -0.0730235, 4.0424, 0.122491, 4.08903, -0.223347, 3.62589, 0.120081, 3.56519, -0.214671, 4.03809, 0.123168, 4.21214, -0.22045, 3.7586, 0.125851, 3.56545, -0.216566, 0.9
3.86354,-0.046181, 3.87405, -0.052868, 4.15567, 0.120942, 4.09392, -0.223138, 3.62533, 0.117692, 3.67686, -0.218425, 4.23992, 0.13236, 4.08903, -0.223347, 3.62589, 0.120081, 3.76424, -0.205702, 0.7
3.92939,-0.0574728, 3.88819, -0.0635293, 4.15848, 0.128415, 4.20701, -0.232607, 3.74479, 0.118237, 3.68392, -0.218285, 4.16419, 0.123761, 4.2205, -0.195143, 3.75392, 0.145718, 3.67885, -0.217464, 0.3
3.99368,-0.0439878, 3.93166, -0.0503629, 4.28013, 0.126376, 4.20955, -0.23185, 3.74891, 0.119223, 3.80754, -0.219133, 4.24412, 0.129185, 4.20701, -0.232607, 3.74479, 0.118237, 3.76865, -0.218901, 0.3
4.04485,-0.0566507, 3.98495, -0.0577986, 4.2821, 0.125874, 4.33266, -0.225519, 3.86204, 0.120345, 3.80901, -0.218752, 4.28013, 0.126376, 4.26876, -0.207266, 3.80867, 0.143807, 3.80754, -0.219133, 0.1
4.10635,-0.0473304, 4.10157, -0.0342188, 4.3998, 0.121088, 4.33917, -0.225117, 3.86608, 0.116504, 3.92838, -0.221684, 4.4207, 0.132462, 4.33266, -0.225519, 3.86204, 0.120345, 3.94491, -0.212739, 0.6
4.17465,-0.0581306, 4.1904, -0.068818, 4.40514, 0.120742, 4.46477, -0.228285, 3.9833, 0.115794, 3.92743, -0.218963, 4.3998, 0.121088, 4.56433, -0.2173, 4.0908, 0.124321, 3.92838, -0.221684, 0.8
4.22968,-0.0444665, 4.21461, -0.0505277, 4.52598, 0.120508, 4.46274, -0.230205, 3.95361, 0.0979717, 4.04258, -0.220796, 4.57996, 0.12644, 4.46477, -0.228285, 3.9833, 0.115794, 4.1042, -0.215744, 0.6
4.28795,-0.0625377, 4.23341, -0.0670262, 4.52064, 0.12755, 4.5716, -0.234091, 4.09017, 0.110834, 4.04694, -0.221771, 4.52598, 0.120508, 4.56862, -0.193573, 4.06227, 0.134604, 4.04258, -0.220796, 0.2
4.35112,-0.045964, 4.27887, -0.0550836, 4.62467, 0.123472, 4.57505, -0.233086, 4.09448, 0.111966, 4.1661, -0.221653, 4.5794, 0.126094, 4.5716, -0.234091, 4.09017, 0.110834, 4.10494, -0.225085, 0.2
4.40233,-0.0611681, 4.40039, -0.0774412, 4.62782, 0.122623, 4.69495, -0.227069, 4.22009, 0.115693, 4.16909, -0.222509, 4.62467, 0.123472, 4.73947, -0.218301, 4.25714, 0.126751, 4.1661, -0.221653, 0.6
4.46009,-0.0515496, 4.49582, -0.0396743, 4.75028, 0.117017, 4.69933, -0.226695, 4.21724, 0.111303, 4.28166, -0.225755, 4.85765, 0.133767, 4.69495, -0.227069, 4.22009, 0.115693, 4.39789, -0.212252, 0.9
4.521,-0.0618491, 4.5629, -0.0710917, 4.75584, 0.116664, 4.82097, -0.231995, 4.33596, 0.111318, 4.28216, -0.222811, 4.75028, 0.117017, 4.96246, -0.217604, 4.48143, 0.120393, 4.28166, -0.225755, 0.9
4.59148,-0.0518698, 4.60539, -0.0452787, 4.8743, 0.124348, 4.82066, -0.233834, 4.34079, 0.112064, 4.40231, -0.22573, 5.00312, 0.126096, 4.82097, -0.231995, 4.33596, 0.111318, 4.53041, -0.2147, 0.9
4.65156,-0.0662938, 4.65002, -0.0759722, 4.86901, 0.124035, 4.9475, -0.231947, 4.46857, 0.112822, 4.40651, -0.226667, 4.8743, 0.124348, 5.02715, -0.205659, 4.54936, 0.140239, 4.40231, -0.22573, 0.6
4.7114,-0.0529997, 4.69909, -0.0610006, 4.99797, 0.120054, 4.94466, -0.233756, 4.46926, 0.110478, 4.52965, -0.227029, 5.03192, 0.13263, 4.9475, -0.231947, 4.46857, 0.112822, 4.56887, -0.219151, 0.6
4.77935,-0.0667986, 4.72804, -0.0655218, 5.00078, 0.11907, 5.06167, -0.23657, 4.59226, 0.107586, 4.52696, -0.223541, 4.99797, 0.120054, 5.03674, -0.211281, 4.56356, 0.132953, 4.52965, -0.227029, 0.2
4.83629,-0.0529564, 4.77019, -0.0661995, 5.12746, 0.117656, 5.06473, -0.235773, 4.59473, 0.108432, 4.64821, -0.228519, 5.03592, 0.116619, 5.06167, -0.23657, 4.59226, 0.107586, 4.56167, -0.227405, 0.1
4.89917,-0.0728021, 4.92922, -0.0910951, 5.12665, 0.116912, 5.18916, -0.240289, 4.70823, 0.108824, 4.62484, -0.216713, 5.12746, 0.117656, 5.2821, -0.235257, 4.80817, 0.108949, 4.64821, -0.228519, 0.9
4.96003,-0.0551886, 4.99378, -0.0495663, 5.2432, 0.116281, 5.18951, -0.239552, 4.71204, 0.109935, 4.75434, -0.228528, 5.37893, 0.120769, 5.18916, -0.240289, 4.70823, 0.108824, 4.87876, -0.214061, 0.9
5.02081,-0.0719911, 5.07403, -0.0804778, 5.24221, 0.116119, 5.30942, -0.238906, 4.83369, 0.107842, 4.75899, -0.229769, 5.2432, 0.116281, 5.44775, -0.231865, 4.97122, 0.117622, 4.75434, -0.228528, 0.9
5.07592,-0.0591751, 5.13177, -0.056203, 5.36899, 0.110394, 5.3121, -0.23802, 4.83701, 0.108662, 4.88879, -0.233864, 5.48766, 0.124485, 5.30942, -0.238906, 4.83369, 0.107842, 5.00552, -0.221859, 0.9
5.14398,-0.0711367, 5.20385, -0.0748234, 5.37245, 0.109519, 5.43661, -0.239512, 4.95591, 0.103236, 4.89248, -0.234652, 5.36899, 0.110394, 5.55886, -0.243858, 5.08498, 0.102825, 4.88879, -0.233864, 0.9
5.20283,-0.0619818, 5.26514, -0.0542996, 5.49912, 0.107097, 5.43976, -0.238829, 4.9591, 0.103804, 5.01407, -0.233639, 5.61632, 0.11757, 5.43661, -0.239512, 4.95591, 0.103236, 5.13779, -0.227018, 0.9
5.27031,-0.0732426, 5.33103, -0.0762161, 5.50244, 0.106131, 5.56407, -0.241183, 5.08435, 0.101943, 5.01731, -0.234343, 5.49912, 0.107097, 5.68601, -0.245754, 5.20667, 0.0968793, 5.01407, -0.233639, 0.9
5.33044,-0.0639308, 5.3945, -0.0550872, 5.6276, 0.104797, 5.56707, -0.240385, 5.08714, 0.102549, 5.14529, -0.236977, 5.74676, 0.113283, 5.56407, -0.241183, 5.08435, 0.101943, 5.2633, -0.227591, 0.9
5.39332,-0.0745957, 5.46066, -0.0770378, 5.6312, 0.104108, 5.69215, -0.242552, 5.21271, 0.100886, 5.1455, -0.235616, 5.6276, 0.104797, 5.81169, -0.249119, 5.33311, 0.0938142, 5.14529, -0.236977, 0.9
5.46306,-0.0647542, 5.51815, -0.0564425, 5.75602, 0.103718, 5.69004, -0.241454, 5.2131, 0.0994697, 5.26962, -0.234869, 5.875, 0.111424, 5.69215, -0.242552, 5.21271, 0.100886, 5.391, -0.228641, 0.9
5.52512,-0.0755366, 5.59054, -0.079846, 5.75941, 0.102816, 5.81089, -0.242976, 5.33633, 0.0978568, 5.27283, -0.235538, 5.75602, 0.103718, 5.93782, -0.247076, 5.46217, 0.0938476, 5.26962, -0.234869, 0.9
5.59161,-0.0651826, 5.64847, -0.0573558, 5.8825, 0.10322, 5.81409, -0.242064, 5.33923, 0.0985804, 5.39734, -0.236049, 6.00318, 0.110261, 5.81089, -0.242976, 5.33633, 0.0978568, 5.51829, -0.228437, 0.9
5.64781,-0.0760571, 5.71779, -0.0808576, 5.8861, 0.102317, 5.93632, -0.243305, 5.46237, 0.0972369, 5.39854, -0.235224, 5.8825, 0.10322, 6.0629, -0.246682, 5.58929, 0.0939622, 5.39734, -0.236049, 0.9
5.7143,-0.0651182, 5.77316, -0.0573587, 6.00887, 0.102998, 5.93953, -0.242636, 5.46526, 0.0980084, 5.52541, -0.237498, 6.12996, 0.109366, 5.93632, -0.243305, 5.46237, 0.0972369, 5.64417, -0.228492, 0.9
5.77364,-0.0764028, 5.84139, -0.080625, 6.01248, 0.102242, 6.06502, -0.244063, 5.58842, 0.0967871, 5.52405, -0.234784, 6.00887, 0.102998, 6.18776, -0.24782, 5.71477, 0.092824, 5.52541, -0.237498, 0.9
5.83941,-0.0654548, 5.88574, -0.0611539, 6.13544, 0.102745, 6.06846, -0.243371, 5.59135, 0.0975292, 5.65251, -0.238266, 6.23492, 0.107247, 6.06502, -0.244063, 5.58842, 0.0967871, 5.74866, -0.230312, 0.8
5.90275,-0.0774291, 5.92935, -0.0738068, 6.13457, 0.103103, 6.19579, -0.244954, 5.71763, 0.0979059, 5.65112, -0.236042, 6.13544, 0.102745, 6.24317, -0.245227, 5.76813, 0.0956724, 5.65251, -0.238266, 0.6
5.96892,-0.0663456, 5.95112, -0.0728426, 6.25534, 0.103926, 6.19402, -0.244957, 5.71737, 0.096173, 5.77632, -0.237474, 6.23341, 0.0990743, 6.19579, -0.244954, 5.71763, 0.0979059, 5.75219, -0.241125, 0.3
6.02857,-0.0788222, 5.98945, -0.0698574, 6.25865, 0.103165, 6.31684, -0.24754, 5.83932, 0.093636, 5.77702, -0.236706, 6.25534, 0.103926, 6.23002, -0.24317, 5.7547, 0.0979604, 5.77632, -0.237474, 0.1
6.09489,-0.0671515, 6.14623, -0.0447895, 6.36158, 0.104451, 6.32061, -0.246456, 5.84279, 0.0943624, 5.90022, -0.236614, 6.46049, 0.114174, 6.31684, -0.24754, 5.83932, 0.093636, 5.97564, -0.225531, 0.9
6.1486,-0.0828945, 6.21864, -0.0838635, 6.36453, 0.103703, 6.44527, -0.248359, 5.96692, 0.0943739, 5.90253, -0.237368, 6.36158, 0.104451, 6.56926, -0.249978, 6.09288, 0.0908406, 5.90022, -0.236614, 0.9
6.20915,-0.0673198, 6.24453, -0.0682758, 6.49407, 0.0948649, 6.42868, -0.250627, 5.96396, 0.0845892, 6.02264, -0.24536, 6.56918, 0.104065, 6.44527, -0.248359, 5.96692, 0.0943739, 6.10938, -0.237977, 0.7
6.26731,-0.0847869, 6.28691, -0.0699975, 6.49529, 0.0937658, 6.55353, -0.249053, 6.08215, 0.0908351, 6.02505, -0.246422, 6.49407, 0.0948649, 6.5732, -0.255742, 6.1103, 0.0794745, 6.02264, -0.24536, 0.5
6.32783,-0.0741954, 6.31923, -0.0759957, 6.61878, 0.0926496, 6.55612, -0.248347, 6.08518, 0.0914409, 6.14277, -0.248605, 6.56837, 0.0845677, 6.55353, -0.249053, 6.08215, 0.0908351, 6.10071, -0.256657, 0.2
6.3907,-0.0844569, 6.37589, -0.0720729, 6.62234, 0.0919905, 6.68222, -0.250834, 6.20584, 0.0914785, 6.14613, -0.249346, 6.61878, 0.0926496, 6.59422, -0.26557, 6.12379, 0.0742186, 6.14277, -0.248605, 0.2
6.44504,-0.0795332, 6.48682, -0.0629362, 6.74297, 0.0903739, 6.70156, -0.237893, 6.20898, 0.091586, 6.26579, -0.252781, 6.74121, 0.092189, 6.68222, -0.250834, 6.20584, 0.0914785, 6.26462, -0.249175, 0.5
6.51265,-0.0856334, 6.50825, -0.0647823, 6.73612, 0.0937157, 6.80866, -0.24488, 6.32583, 0.091094, 6.2685, -0.252981, 6.74297, 0.0903739, 6.74502, -0.262527, 6.25506, 0.0669528, 6.26579, -0.252781, 0.2
6.56706,-0.0780994, 6.65285, -0.0586434, 6.85724, 0.0907182, 6.80973, -0.24436, 6.32853, 0.0914634, 6.38422, -0.253361, 6.9161, 0.10273, 6.80866, -0.24488, 6.32583, 0.091094, 6.44687, -0.243283, 0.8
6.63151,-0.0882129, 6.66371, -0.0642316, 6.86016, 0.0901955, 6.92099, -0.251262, 6.43798, 0.0882141, 6.3602, -0.246156, 6.85724, 0.0907182, 6.91128, -0.271405, 6.43357, 0.0644181, 6.38422, -0.253361, 0.4
6.68645,-0.0771686, 6.78904, -0.0586449, 6.97602, 0.0911689, 6.92376, -0.250575, 6.42338, 0.0825856, 6.48668, -0.248189, 7.07356, 0.0981357, 6.92099, -0.251262, 6.43798, 0.0882141, 6.5735, -0.237636, 0.9
6.7447,-0.0892372, 6.81627, -0.0809098, 6.97954, 0.0902838, 7.03343, -0.257567, 6.55004, 0.0835263, 6.48859, -0.248935, 6.97602, 0.0911689, 7.10639, -0.271509, 6.60908, 0.061651, 6.48668, -0.248189, 0.7
6.80338,-0.0765157, 6.82196, -0.0856136, 7.0964, 0.0911787, 7.02873, -0.258484, 6.55237, 0.0840997, 6.61219, -0.251031, 7.08087, 0.0843505, 7.03343, -0.257567, 6.55004, 0.0835263, 6.59342, -0.255444, 0.3
6.86806,-0.0914447, 6.94244, -0.097758, 7.08381, 0.094689, 7.14615, -0.254481, 6.67126, 0.0867999, 6.61492, -0.251809, 7.0964, 0.0911787, 7.22612, -0.286871, 6.74822, 0.0557131, 6.61219, -0.251031, 0.9
6.91839,-0.0782847, 6.9732, -0.0864384, 7.2021, 0.0890644, 7.14748, -0.253565, 6.67369, 0.0878209, 6.72125, -0.252446, 7.23797, 0.0927669, 7.14615, -0.254481, 6.67126, 0.0867999, 6.77273, -0.254085, 0.5
6.97219,-0.0919656, 7.00972, -0.0737687, 7.20459, 0.0883362, 7.26273, -0.255735, 6.78259, 0.085865, 6.70547, -0.245544, 7.2021, 0.0890644, 7.23457, -0.28123, 6.76258, 0.060156, 6.72125, -0.252446, 0.4
7.02821,-0.0782726, 7.04911, -0.0842488, 7.32005, 0.088956, 7.26581, -0.25495, 6.76729, 0.0765531, 6.8308, -0.249351, 7.26778, 0.0804189, 7.26273, -0.255735, 6.78259, 0.085865, 6.77134, -0.253768, 0.2
7.09434,-0.0926029, 7.15968, -0.0981436, 7.3239, 0.0879491, 7.35889, -0.262438, 6.89375, 0.0795963, 6.83281, -0.250118, 7.32005, 0.088956, 7.43109, -0.286524, 6.9312, 0.0449794, 6.8308, -0.249351, 0.8
7.14738,-0.0773646, 7.24034, -0.0711507, 7.41649, 0.0957793, 7.36278, -0.261349, 6.89627, 0.080558, 6.95487, -0.252239, 7.56028, 0.0942723, 7.35889, -0.262438, 6.89375, 0.0795963, 7.07076, -0.243533, 0.9
7.20377,-0.0944498, 7.2828, -0.0869667, 7.41794, 0.0946998, 7.48355, -0.256586, 7.01168, 0.085609, 6.95675, -0.253411, 7.41649, 0.0957793, 7.57332, -0.278323, 7.1091, 0.0635848, 6.95487, -0.252239, 0.8
7.26445,-0.0793155, 7.30836, -0.0871062, 7.5384, 0.0876943, 7.48545, -0.255621, 7.01463, 0.0865865, 7.04218, -0.245967, 7.56734, 0.0928563, 7.48355, -0.256586, 7.01168, 0.085609, 7.10907, -0.255551, 0.5
7.31282,-0.0942763, 7.35468, -0.075405, 7.54112, 0.0868684, 7.60109, -0.257726, 7.11733, 0.0813924, 7.04412, -0.246821, 7.5384, 0.0876943, 7.57314, -0.282528, 7.10406, 0.0596798, 7.04218, -0.245967, 0.4
7.36881,-0.08049, 7.37859, -0.0886473, 7.65672, 0.0866915, 7.6038, -0.25688, 7.10769, 0.0733042, 7.16896, -0.252052, 7.58384, 0.0758432, 7.60109, -0.257726, 7.11733, 0.0813924, 7.08992, -0.258271, 0.1
7.42644,-0.0954904, 7.49931, -0.101371, 7.6604, 0.0856821, 7.70623, -0.264857, 7.23235, 0.076823, 7.17073, -0.252892, 7.65672, 0.0866915, 7.76258, -0.290666, 7.26449, 0.0395186, 7.16896, -0.252052, 0.8
7.48532,-0.080334, 7.57527, -0.073238, 7.76632, 0.0898732, 7.70163, -0.264841, 7.23464, 0.0777628, 7.29169, -0.255338, 7.89728, 0.0912437, 7.70623, -0.264857, 7.23235, 0.076823, 7.40924, -0.247066, 0.9
7.54331,-0.0978375, 7.62109, -0.089532, 7.7545, 0.0921097, 7.82129, -0.260298, 7.34892, 0.0821043, 7.29364, -0.255984, 7.76632, 0.0898732, 7.9115, -0.282439, 7.4468, 0.0601651, 7.29169, -0.255338, 0.8
7.59753,-0.0815462, 7.64867, -0.09014, 7.87499, 0.0844126, 7.82298, -0.259497, 7.35452, 0.083014, 7.38676, -0.252871, 7.9043, 0.0898623, 7.82129, -0.260298, 7.34892, 0.0821043, 7.44636, -0.258512, 0.5
7.65383,-0.0983126, 7.69035, -0.0768812, 7.87793, 0.0833712, 7.93927, -0.261602, 7.46706, 0.0787963, 7.38742, -0.253147, 7.87499, 0.0844126, 7.90876, -0.288341, 7.44206, 0.0541703, 7.38676, -0.252871, 0.4
7.70677,-0.0874538, 7.73069, -0.0883908, 7.9977, 0.079356, 7.94262, -0.260887, 7.46687, 0.0793082, 7.51212, -0.260037, 7.94361, 0.073517, 7.93927, -0.261602, 7.46706, 0.0787963, 7.45561, -0.263134, 0.2
7.77019,-0.0987401, 7.82599, -0.0965054, 8.00125, 0.0786496, 8.05752, -0.266205, 7.58053, 0.0765881, 7.5142, -0.260711, 7.9977, 0.079356, 8.08222, -0.295969, 7.60503, 0.044227, 7.51212, -0.260037, 0.7
7.83071,-0.0862792, 7.91571, -0.0749271, 8.10837, 0.0842916, 8.03957, -0.267166, 7.58328, 0.0774038, 7.63416, -0.261065, 8.2325, 0.0853388, 8.05752, -0.266205, 7.58053, 0.0765881, 7.74633, -0.253502, 0.9
7.88361,-0.100243, 7.95242, -0.0916702, 8.10176, 0.0849431, 8.15919, -0.263566, 7.69585, 0.0791917, 7.6363, -0.261971, 8.10837, 0.0842916, 8.22866, -0.282195, 7.77478, 0.0623745, 7.63416, -0.261065, 0.7
7.93898,-0.0875253, 7.98947, -0.0919663, 8.21776, 0.0799544, 8.1607, -0.262708, 7.69581, 0.0774526, 7.74408, -0.264024, 8.24519, 0.0839683, 8.15919, -0.263566, 7.69585, 0.0791917, 7.78199, -0.262747, 0.5
7.99701,-0.101777, 8.01553, -0.0785624, 8.22084, 0.0791419, 8.27755, -0.268634, 7.80324, 0.0725257, 7.72662, -0.265147, 8.21776, 0.0799544, 8.22698, -0.2879, 7.76378, 0.0522604, 7.74408, -0.264024, 0.3
8.0478,-0.0930822, 8.13088, -0.0672385, 8.33443, 0.0757063, 8.28031, -0.268027, 7.8044, 0.0731393, 7.84971, -0.267568, 8.41351, 0.0814586, 8.27755, -0.268634, 7.80324, 0.0725257, 7.91875, -0.262387, 0.8
8.11206,-0.105823, 8.13459, -0.0832881, 8.33875, 0.0747668, 8.37256, -0.276955, 7.91797, 0.0696067, 7.85278, -0.268244, 8.33443, 0.0757063, 8.39114, -0.286325, 7.91842, 0.0548416, 7.84971, -0.267568, 0.4
8.16745,-0.0920977, 8.25098, -0.0757447, 8.43903, 0.0801935, 8.37506, -0.276104, 7.92044, 0.0705426, 7.97119, -0.268202, 8.55502, 0.0826296, 8.37256, -0.276955, 7.91797, 0.0696067, 8.06796, -0.259692, 0.9
8.22066,-0.107894, 8.28798, -0.0982719, 8.43453, 0.0803168, 8.49386, -0.271249, 8.03259, 0.0728569, 7.97311, -0.26916, 8.43903, 0.0801935, 8.56494, -0.290227, 8.11271, 0.0564198, 7.97119, -0.268202, 0.7
8.27844,-0.0940522, 8.31257, -0.102165, 8.55105, 0.0743133, 8.49563, -0.270422, 8.02871, 0.0676147, 8.07147, -0.269103, 8.55721, 0.0767074, 8.49386, -0.271249, 8.03259, 0.0728569, 8.09841, -0.272837, 0.4
8.32903,-0.109219, 8.36419, -0.0899795, 8.55416, 0.0733025, 8.61197, -0.275658, 8.13663, 0.064486, 8.06581, -0.266569, 8.55105, 0.0743133, 8.57915, -0.298188, 8.11313, 0.0398487, 8.07147, -0.269103, 0.4
8.38248,-0.0977206, 8.46455, -0.0743548, 8.66993, 0.0710728, 8.61514, -0.274946, 8.13795, 0.0651606, 8.18664, -0.270832, 8.75363, 0.0735017, 8.61197, -0.275658, 8.13663, 0.064486, 8.26549, -0.266293, 0.8
8.44641,-0.112318, 8.47999, -0.0921002, 8.67389, 0.0700004, 8.70921, -0.284333, 8.25309, 0.0638255, 8.18917, -0.271679, 8.66993, 0.0710728, 8.74963, -0.293543, 8.2753, 0.0465634, 8.18664, -0.270832, 0.5
8.50135,-0.0971812, 8.58594, -0.0832127, 8.7861, 0.0709083, 8.71033, -0.2833, 8.25543, 0.0646718, 8.30619, -0.272834, 8.89646, 0.0764659, 8.70921, -0.284333, 8.25309, 0.0638255, 8.4113, -0.264726, 0.9
8.55653,-0.113711, 8.62534, -0.103497, 8.77013, 0.0752293, 8.82924, -0.277675, 8.36244, 0.0672853, 8.30829, -0.273462, 8.7861, 0.0709083, 8.89988, -0.297693, 8.44743, 0.050279, 8.30619, -0.272834, 0.7
8.61371,-0.0990095, 8.66155, -0.104254, 8.88597, 0.0691934, 8.83078, -0.276807, 8.36261, 0.0620519, 8.40585, -0.273592, 8.91495, 0.0731265, 8.82938, -0.277789, 8.36751, 0.0680062, 8.45519, -0.275443, 0.5
8.66652,-0.114735, 8.68877, -0.0910696, 8.88902, 0.068156, 8.94633, -0.28151, 8.47051, 0.0591193, 8.40196, -0.271652, 8.88597, 0.0691934, 8.89838, -0.300684, 8.43217, 0.0381748, 8.40585, -0.273592, 0.3
8.71951,-0.102746, 8.71869, -0.100756, 9.00273, 0.065424, 8.94923, -0.280841, 8.47151, 0.0596103, 8.51961, -0.275121, 8.932, 0.0540055, 8.94633, -0.28151, 8.47051, 0.0591193, 8.44737, -0.28666, 0.1
8.78176,-0.117991, 8.83066, -0.114772, 9.00699, 0.0644961, 9.05977, -0.286603, 8.58456, 0.0575608, 8.52229, -0.275929, 9.00273, 0.065424, 9.08781, -0.312973, 8.60806, 0.0274786, 8.51961, -0.275121, 0.7
8.83518,-0.101963, 8.92195, -0.0922608, 9.12011, 0.0638092, 9.04246, -0.288653, 8.58702, 0.0582447, 8.63785, -0.277378, 9.24055, 0.0696626, 9.05977, -0.286603, 8.58456, 0.0575608, 8.75667, -0.270512, 0.9
8.88932,-0.119324, 8.95605, -0.108633, 9.10207, 0.0697258, 9.16049, -0.283223, 8.69732, 0.0611678, 8.63942, -0.277692, 9.12011, 0.0638092, 9.23213, -0.302818, 8.77916, 0.0440794, 8.63785, -0.277378, 0.7
8.94174,-0.104002, 8.99276, -0.109566, 9.21532, 0.0631588, 9.16223, -0.282317, 8.69575, 0.056601, 8.73537, -0.277888, 9.247, 0.0676539, 9.16049, -0.283223, 8.69732, 0.0611678, 8.78661, -0.279762, 0.5
8.99345,-0.121029, 9.01742, -0.0958502, 9.21791, 0.0621065, 9.27593, -0.287288, 8.80131, 0.0536133, 8.72695, -0.272266, 9.21532, 0.0631588, 9.22878, -0.30689, 8.76428, 0.0320279, 8.73537, -0.277888, 0.3
9.04714,-0.10791, 9.129, -0.0826226, 9.33101, 0.0597515, 9.27946, -0.2866, 8.80275, 0.0542974, 8.84754, -0.279314, 9.41335, 0.0615167, 9.27593, -0.287288, 8.80131, 0.0536133, 8.92218, -0.272829, 0.8
9.10788,-0.122971, 9.1358, -0.100357, 9.3342, 0.0589801, 9.39119, -0.289424, 8.91267, 0.0529426, 8.84956, -0.279984, 9.33101, 0.0597515, 9.39212, -0.302546, 8.91869, 0.0383511, 8.84754, -0.279314, 0.4
9.16508,-0.10604, 9.24772, -0.0907222, 9.44236, 0.0623732, 9.36647, -0.291822, 8.91555, 0.0538129, 8.96383, -0.280759, 9.55145, 0.065609, 9.39119, -0.289424, 8.91267, 0.0529426, 9.06586, -0.272767, 0.9
9.21479,-0.123883, 9.28538, -0.112534, 9.42503, 0.0661834, 9.48444, -0.286581, 9.01821, 0.0573161, 8.96567, -0.281562, 9.44236, 0.0623732, 9.55634, -0.305708, 9.10783, 0.0399265, 8.96383, -0.280759, 0.7
9.27105,-0.105774, 9.31872, -0.114238, 9.54079, 0.0600328, 9.48653, -0.285889, 9.0294, 0.0479438, 9.06028, -0.2792, 9.56928, 0.0645901, 9.48444, -0.286581, 9.01821, 0.0573161, 9.11213, -0.283248, 0.5
9.32076,-0.125471, 9.35991, -0.103829, 9.54336, 0.0588716, 9.60132, -0.292321, 9.13198, 0.0471826, 9.05949, -0.27843, 9.54079, 0.0600328, 9.57587, -0.31096, 9.1202, 0.0228731, 9.06028, -0.2792, 0.4
9.37951,-0.112845, 9.45823, -0.090202, 9.65855, 0.055202, 9.60465, -0.2916, 9.13321, 0.0478979, 9.1758, -0.284494, 9.74379, 0.0580278, 9.60132, -0.292321, 9.13198, 0.0471826, 9.26012, -0.279191, 0.8
9.43926,-0.128467, 9.47544, -0.108999, 9.66264, 0.0540335, 9.69307, -0.297886, 9.24171, 0.0469544, 9.17851, -0.285463, 9.65855, 0.055202, 9.7405, -0.308327, 9.27182, 0.0311706, 9.1758, -0.284494, 0.5
9.49075,-0.111601, 9.57848, -0.0984074, 9.76793, 0.0576938, 9.69569, -0.2969, 9.244, 0.0480504, 9.29101, -0.286084, 9.88533, 0.0602716, 9.69307, -0.297886, 9.24171, 0.0469544, 9.40082, -0.278741, 0.9
9.54485,-0.129819, 9.62357, -0.120662, 9.75263, 0.0607854, 9.81048, -0.291414, 9.34603, 0.0508322, 9.29326, -0.287234, 9.76793, 0.0576938, 9.9073, -0.313036, 9.45759, 0.0319138, 9.29101, -0.286084, 0.8
9.59495,-0.111972, 9.64669, -0.121918, 9.86432, 0.0546011, 9.81198, -0.290245, 9.34826, 0.0520025, 9.38182, -0.285775, 9.90233, 0.0588168, 9.81048, -0.291414, 9.34603, 0.0508322, 9.44579, -0.28947, 0.5
9.644,-0.128308, 9.68533, -0.109033, 9.86692, 0.0536473, 9.92263, -0.292552, 9.44286, 0.0469627, 9.38149, -0.285101, 9.86432, 0.0546011, 9.90016, -0.316501, 9.4381, 0.025747, 9.38182, -0.285775, 0.4
9.69967,-0.114511, 9.71976, -0.120375, 9.97608, 0.0536306, 9.92554, -0.29166, 9.43647, 0.0415669, 9.49299, -0.286205, 9.93014, 0.0457284, 9.92263, -0.292552, 9.44286, 0.0469627, 9.44711, -0.293291, 0.2
9.75316,-0.129882, 9.82929, -0.134089, 9.97967, 0.0526651, 10.0258, -0.298329, 9.55049, 0.0431584, 9.49451, -0.28711, 9.97608, 0.0536306, 10.0913, -0.322742, 9.60064, 0.0104855, 9.49299, -0.286205, 0.8
9.80931,-0.114584, 9.90003, -0.107331, 10.0671, 0.0603634, 10.0288, -0.297491, 9.553, 0.0440072, 9.60669, -0.288905, 10.2169, 0.0582113, 10.0258, -0.298329, 9.55049, 0.0431584, 9.73338, -0.281554, 0.9
9.86117,-0.134035, 9.95397, -0.126831, 10.066, 0.0595806, 10.134, -0.295015, 9.65828, 0.0450948, 9.60864, -0.290085, 10.0671, 0.0603634, 10.2616, -0.31559, 9.78769, 0.0259078, 9.60669, -0.288905, 0.9
9.91153,-0.117575, 10.0099, -0.114081, 10.1789, 0.0518838, 10.1353, -0.293955, 9.66032, 0.0461543, 9.70493, -0.292558, 10.3085, 0.0648616, 10.134, -0.295015, 9.65828, 0.0450948, 9.85306, -0.284883, 0.9
9.96206,-0.133302, 10.0657, -0.121297, 10.1814, 0.0510166, 10.2379, -0.296282, 9.7613, 0.0443126, 9.69412, -0.287706, 10.1789, 0.0518838, 10.3577, -0.323762, 9.88463, 0.0163475, 9.70493, -0.292558, 0.9
10.0136,-0.118348, 10.0973, -0.117624, 10.2897, 0.0506843, 10.2416, -0.29551, 9.75491, 0.0394114, 9.80738, -0.290142, 10.3804, 0.0504842, 10.2379, -0.296282, 9.7613, 0.0443126, 9.8966, -0.288315, 0.7
10.0665,-0.133527, 10.1276, -0.123622, 10.2927, 0.0497694, 10.3484, -0.299769, 9.86593, 0.0400101, 9.80847, -0.290906, 10.2897, 0.0506843, 10.3908, -0.316425, 9.90627, 0.0184964, 9.80738, -0.290142, 0.6
10.1247,-0.120264, 10.1411, -0.126508, 10.4023, 0.0482704, 10.3524, -0.299103, 9.86862, 0.0407389, 9.92022, -0.293228, 10.3898, 0.0435218, 10.3484, -0.299769, 9.86593, 0.0400101, 9.90851, -0.297815, 0.3
10.1831,-0.135102, 10.1749, -0.120114, 10.4056, 0.0473988, 10.4589, -0.301614, 9.9788, 0.0397452, 9.92273, -0.294264, 10.4023, 0.0482704, 10.396, -0.313283, 9.9135, 0.0265581, 9.92022, -0.293228, 0.2
10.2357,-0.122218, 10.3207, -0.0999255, 10.5147, 0.046507, 10.4622, -0.300884, 9.98155, 0.0406245, 10.0309, -0.295391, 10.6116, 0.055826, 10.4589, -0.301614, 9.9788, 0.0397452, 10.1268, -0.285463, 0.9
10.2899,-0.137201, 10.3785, -0.130657, 10.518, 0.0457164, 10.5704, -0.302816, 10.0905, 0.0393562, 10.0277, -0.294391, 10.5147, 0.046507, 10.6957, -0.320223, 10.2167, 0.0212862, 10.0309, -0.295391, 0.9
10.3444,-0.121479, 10.4308, -0.117392, 10.6257, 0.0483707, 10.5738, -0.302107, 10.0721, 0.0301365, 10.1406, -0.291869, 10.7599, 0.0519642, 10.5704, -0.302816, 10.0905, 0.0393562, 10.2719, -0.288474, 0.9
10.3978,-0.137715, 10.4811, -0.142187, 10.6289, 0.0474962, 10.682, -0.304842, 10.193, 0.0339975, 10.1411, -0.292259, 10.6257, 0.0483707, 10.8171, -0.309196, 10.3175, 0.0230471, 10.1406, -0.291869, 0.9
10.4538,-0.121926, 10.5234, -0.119637, 10.7372, 0.0473584, 10.6843, -0.304137, 10.1943, 0.0340429, 10.253, -0.293132, 10.8722, 0.0548864, 10.682, -0.304842, 10.193, 0.0339975, 10.3862, -0.28543, 0.9
10.5089,-0.138504, 10.581, -0.140687, 10.7406, 0.0461496, 10.794, -0.306059, 10.3091, 0.0343829, 10.2533, -0.292499, 10.7372, 0.0473584, 10.9325, -0.307679, 10.4441, 0.0305008, 10.253, -0.293132, 0.9
