0.000728558,0.0170899, 0.0801187, -0.0283695, 0.208222, 0.171718, 0.305186, -0.160781, -0.172546, 0.182164, -0.266789, -0.171617, 0.20689, 0.170582, 0.39025, -0.19483, -0.0890573, 0.149933, -0.268715, -0.172713, 0.9
0.079468,0.0134494, 0.125093, 0.024428, 0.359771, 0.182455, 0.307178, -0.159312, -0.168196, 0.18253, -0.11757, -0.161532, 0.430226, 0.220789, 0.305186, -0.160781, -0.172546, 0.182164, -0.0461128, -0.123796, 0.9
0.167083,-0.0067642, 0.197919, 0.00719883, 0.364579, 0.1814, 0.468314, -0.171195, -0.0094515, 0.171954, -0.113457, -0.162565, 0.359771, 0.182455, 0.502903, -0.143347, 0.0282974, 0.198495, -0.11757, -0.161532, 0.9
0.247072,0.00874366, 0.283494, 0.0122806, 0.539016, 0.178586, 0.471422, -0.171564, -0.00573314, 0.171751, 0.0612539, -0.16708, 0.59846, 0.203056, 0.468314, -0.171195, -0.0094515, 0.171954, 0.120649, -0.14251, 0.9
0.333203,-0.0116319, 0.367159, -0.000637407, 0.543403, 0.177513, 0.634488, -0.178215, 0.157559, 0.166324, 0.0650637, -0.168318, 0.539016, 0.178586, 0.679044, -0.152371, 0.203202, 0.190944, 0.0612539, -0.16708, 0.9
0.419494,0.00622732, 0.453649, 0.00739537, 0.71585, 0.176455, 0.639475, -0.177406, 0.160077, 0.165727, 0.235858, -0.168621, 0.770117, 0.197198, 0.634488, -0.178215, 0.157559, 0.166324, 0.292087, -0.150135, 0.9
0.511816,-0.0144689, 0.536936, -0.00540171, 0.720676, 0.175258, 0.806005, -0.181728, 0.325203, 0.160372, 0.240102, -0.169919, 0.71585, 0.176455, 0.854566, -0.152564, 0.376756, 0.190569, 0.235858, -0.168621, 0.9
0.594825,0.0049385, 0.605025, -0.00338129, 0.890745, 0.174602, 0.811058, -0.180346, 0.329624, 0.161618, 0.409755, -0.168244, 0.899775, 0.187755, 0.806005, -0.181728, 0.325203, 0.160372, 0.420335, -0.158885, 0.7
0.679021,-0.0160092, 0.639008, 0.00302794, 0.895485, 0.173105, 0.968817, -0.180012, 0.499017, 0.159929, 0.413675, -0.169615, 0.890745, 0.174602, 0.908222, -0.153892, 0.430317, 0.188072, 0.409755, -0.168244, 0.3
0.748682,0.000707863, 0.795051, 0.0211072, 1.05008, 0.169233, 0.973485, -0.179013, 0.501696, 0.160156, 0.583373, -0.172278, 1.13836, 0.18871, 0.968817, -0.180012, 0.499017, 0.159929, 0.653864, -0.153645, 0.9
0.833135,-0.0168779, 0.872759, -0.00860478, 1.05714, 0.168397, 1.13063, -0.180727, 0.668166, 0.159293, 0.587561, -0.173302, 1.05008, 0.169233, 1.18723, -0.165157, 0.717255, 0.174012, 0.583373, -0.172278, 0.9
0.932,0.00135872, 0.943583, -0.0100841, 1.22718, 0.172056, 1.13799, -0.179934, 0.669677, 0.159423, 0.754251, -0.172674, 1.24845, 0.195855, 1.13063, -0.180727, 0.668166, 0.159293, 0.778449, -0.146648, 0.8
1.00194,-0.0161831, 0.961005, -0.00412009, 1.22391, 0.173117, 1.30614, -0.181356, 0.840465, 0.158523, 0.753764, -0.171448, 1.22718, 0.172056, 1.24182, -0.122909, 0.777733, 0.216447, 0.754251, -0.172674, 0.3
1.08327,0.002703, 1.06441, 0.00295417, 1.39214, 0.169664, 1.29003, -0.184906, 0.832518, 0.152512, 0.921392, -0.172537, 1.3935, 0.184068, 1.30614, -0.181356, 0.840465, 0.158523, 0.92126, -0.160466, 0.6
1.16769,-0.0173418, 1.18126, -0.0256148, 1.39842, 0.168764, 1.46772, -0.180577, 0.997865, 0.15921, 0.916456, -0.169664, 1.39214, 0.169664, 1.53731, -0.147336, 1.07961, 0.190082, 0.921392, -0.172537, 0.9
1.27063,0.00182979, 1.24165, -0.0167963, 1.55803, 0.179766, 1.47522, -0.179885, 1.0043, 0.160424, 1.08325, -0.171486, 1.56357, 0.190169, 1.46772, -0.180577, 0.997865, 0.15921, 1.08086, -0.148284, 0.7
1.3414,-0.0159498, 1.26124, -0.00856559, 1.56355, 0.178901, 1.64956, -0.178423, 1.17799, 0.162231, 1.08855, -0.172579, 1.55803, 0.179766, 1.55086, -0.0985865, 1.08471, 0.241723, 1.08325, -0.171486, 0.1
1.42082,0.00622526, 1.39919, 0.00221546, 1.73293, 0.173003, 1.61295, -0.186887, 1.17466, 0.156101, 1.26084, -0.171675, 1.74611, 0.196523, 1.64956, -0.178423, 1.17799, 0.162231, 1.26598, -0.153228, 0.7
1.50018,-0.0143698, 1.51226, -0.0234311, 1.73814, 0.172115, 1.80061, -0.178947, 1.33779, 0.163643, 1.24702, -0.170321, 1.73293, 0.173003, 1.86778, -0.130287, 1.42918, 0.212702, 1.26084, -0.171675, 0.9
1.60203,0.00353005, 1.57376, -0.0134678, 1.88805, 0.183029, 1.80822, -0.178389, 1.34473, 0.164689, 1.41809, -0.171099, 1.90447, 0.193922, 1.80061, -0.178947, 1.33779, 0.163643, 1.41171, -0.147214, 0.7
1.67948,-0.0146443, 1.60575, -0.00778511, 1.89421, 0.181966, 1.94039, -0.186355, 1.51525, 0.160984, 1.42407, -0.17229, 1.88805, 0.183029, 1.90026, -0.101241, 1.44086, 0.241838, 1.41809, -0.171099, 0.2
1.75988,0.00937382, 1.73305, 0.000814274, 2.0674, 0.17469, 1.94094, -0.185522, 1.51911, 0.162147, 1.59472, -0.171537, 2.07332, 0.200281, 1.94039, -0.186355, 1.51525, 0.160984, 1.59787, -0.151957, 0.7
1.83706,-0.0111121, 1.8507, -0.0189676, 2.07299, 0.173887, 2.13554, -0.176812, 1.67917, 0.167627, 1.59279, -0.170864, 2.0674, 0.17469, 2.19378, -0.129138, 1.77087, 0.218531, 1.59472, -0.171537, 0.9
1.93779,0.0053205, 1.91011, -0.0109999, 2.22887, 0.184658, 2.14271, -0.176257, 1.68562, 0.168692, 1.7605, -0.169861, 2.23658, 0.197975, 2.13554, -0.176812, 1.67917, 0.167627, 1.75493, -0.146182, 0.7
2.01197,-0.0107017, 1.94269, -0.00556225, 2.23439, 0.183903, 2.32511, -0.174712, 1.85845, 0.168609, 1.76584, -0.170859, 2.22887, 0.184658, 2.23654, -0.101702, 1.78331, 0.243247, 1.7605, -0.169861, 0.2
2.09627,0.00341295, 2.07003, 0.00742559, 2.41202, 0.172807, 2.33109, -0.173904, 1.86101, 0.164877, 1.93997, -0.172751, 2.41713, 0.204828, 2.32511, -0.174712, 1.85845, 0.168609, 1.94625, -0.150821, 0.6
2.19246,-0.0123012, 2.19544, -0.0196471, 2.41951, 0.172107, 2.48914, -0.187886, 2.02751, 0.162819, 1.93547, -0.166568, 2.41202, 0.172807, 2.56032, -0.148938, 2.08985, 0.189844, 1.93997, -0.172751, 0.9
2.28733,0.00518253, 2.23778, -0.0126522, 2.58339, 0.181775, 2.49506, -0.187112, 2.03263, 0.164022, 2.11367, -0.169736, 2.56494, 0.181718, 2.48914, -0.187886, 2.02751, 0.162819, 2.08091, -0.157474, 0.6
2.36259,-0.0149307, 2.27375, -0.00351947, 2.58422, 0.181693, 2.67729, -0.180378, 2.20709, 0.165875, 2.11865, -0.17076, 2.58339, 0.181775, 2.56619, -0.111703, 2.10828, 0.239431, 2.11367, -0.169736, 0.1
2.44954,0.00286046, 2.39112, 0.0015847, 2.76494, 0.171928, 2.68353, -0.179534, 2.20554, 0.158185, 2.29604, -0.174388, 2.72849, 0.191178, 2.67729, -0.180378, 2.20709, 0.165875, 2.26184, -0.163027, 0.4
2.54641,-0.0149499, 2.53256, -0.0251106, 2.77218, 0.171072, 2.84577, -0.190015, 2.38021, 0.159803, 2.29749, -0.171881, 2.76494, 0.171928, 2.90336, -0.156179, 2.42521, 0.181539, 2.29604, -0.174388, 0.8
2.64473,0.00136319, 2.59177, -0.0122419, 2.95137, 0.172932, 2.85165, -0.189317, 2.38542, 0.160956, 2.47201, -0.173615, 2.9193, 0.18073, 2.84577, -0.190015, 2.38021, 0.159803, 2.44475, -0.163553, 0.6
2.71957,-0.017822, 2.63062, -0.00791576, 2.94311, 0.17824, 3.03539, -0.182503, 2.56668, 0.162406, 2.47755, -0.174762, 2.95137, 0.172932, 2.9256, -0.114002, 2.46402, 0.236271, 2.47201, -0.173615, 0.1
2.807,-0.000326893, 2.80861, 0.0153093, 3.12426, 0.168876, 3.04129, -0.18167, 2.56745, 0.159212, 2.65258, -0.177804, 3.19303, 0.202743, 3.03539, -0.182503, 2.56668, 0.162406, 2.72421, -0.151925, 0.9
2.89672,-0.0198846, 2.89424, -0.0130822, 3.13091, 0.168158, 3.22055, -0.187352, 2.73806, 0.157192, 2.61977, -0.162505, 3.12426, 0.168876, 3.24656, -0.137001, 2.77508, 0.203881, 2.65258, -0.177804, 0.8
2.99885,-0.00180969, 2.91777, -0.01513, 3.28254, 0.173686, 3.21313, -0.19272, 2.74459, 0.158287, 2.81586, -0.173405, 3.25421, 0.159362, 3.22055, -0.187352, 2.73806, 0.157192, 2.74349, -0.169936, 0.4
3.06949,-0.0218821, 3.05497, -0.0299193, 3.28699, 0.172728, 3.38999, -0.186949, 2.91676, 0.159312, 2.82008, -0.174467, 3.28254, 0.173686, 3.40546, -0.14014, 2.93769, 0.210867, 2.81586, -0.173405, 0.7
3.15736,-0.00517069, 3.0901, -0.0248544, 3.47456, 0.162545, 3.39627, -0.186244, 2.92055, 0.155881, 3.00113, -0.182069, 3.39386, 0.179916, 3.38999, -0.186949, 2.91676, 0.159312, 2.92898, -0.170004, 0.3
3.25617,-0.0210755, 3.22124, -0.027571, 3.48113, 0.161764, 3.57387, -0.193135, 3.09341, 0.154774, 3.00719, -0.183199, 3.47456, 0.162545, 3.57151, -0.17066, 3.09589, 0.171465, 3.00113, -0.182069, 0.6
3.33951,-0.00727704, 3.27023, -0.0171172, 3.66044, 0.158076, 3.55943, -0.197548, 3.09915, 0.155439, 3.18375, -0.185517, 3.57243, 0.159489, 3.57387, -0.193135, 3.09341, 0.154774, 3.09977, -0.187209, 0.3
3.42882,-0.0229465, 3.38643, -0.0256119, 3.66864, 0.157202, 3.74578, -0.189231, 3.27832, 0.156497, 3.18371, -0.177319, 3.66044, 0.158076, 3.721, -0.183071, 3.26048, 0.169915, 3.18375, -0.185517, 0.5
3.52302,-0.00885824, 3.52559, 0.000429723, 3.82974, 0.166835, 3.7533, -0.188644, 3.27603, 0.150455, 3.36235, -0.180985, 3.89679, 0.179705, 3.74578, -0.189231, 3.27832, 0.156497, 3.40952, -0.154957, 0.9
3.61974,-0.0254088, 3.56713, -0.0179916, 3.83599, 0.166073, 3.91655, -0.201239, 3.45872, 0.151202, 3.36794, -0.182119, 3.82974, 0.166835, 3.9003, -0.122362, 3.42766, 0.216737, 3.36235, -0.180985, 0.5
3.70214,-0.0069719, 3.61006, -0.0284225, 4.02231, 0.159171, 3.91655, -0.200521, 3.46373, 0.152281, 3.5522, -0.185715, 3.90752, 0.163335, 3.91655, -0.201239, 3.45872, 0.151202, 3.4403, -0.186692, 0.2
3.78848,-0.0242963, 3.79205, -0.0428207, 4.02802, 0.158455, 4.10678, -0.19225, 3.6392, 0.154671, 3.55433, -0.182728, 4.02231, 0.159171, 4.16996, -0.185192, 3.71444, 0.16761, 3.5522, -0.185715, 0.9
3.88745,-0.0095082, 3.88882, -0.0141327, 4.21019, 0.160881, 4.11495, -0.191738, 3.62955, 0.1419, 3.73018, -0.185071, 4.23927, 0.183693, 4.10678, -0.19225, 3.6392, 0.154671, 3.76499, -0.158781, 0.9
3.97965,-0.0272242, 3.91933, -0.0199204, 4.19938, 0.165797, 4.28636, -0.201549, 3.81961, 0.146748, 3.73638, -0.186134, 4.21019, 0.160881, 4.24988, -0.117581, 3.77031, 0.216057, 3.73018, -0.185071, 0.4
4.06811,-0.00967836, 3.96296, -0.0301645, 4.38727, 0.157425, 4.29158, -0.200677, 3.82474, 0.147806, 3.91982, -0.188973, 4.2563, 0.160898, 4.28636, -0.201549, 3.81961, 0.146748, 3.79491, -0.193655, 0.1
4.15795,-0.0287007, 4.15778, -0.0488006, 4.39365, 0.15651, 4.4789, -0.194634, 4.00682, 0.150194, 3.91958, -0.184738, 4.38727, 0.157425, 4.54646, -0.190547, 4.07688, 0.157936, 3.91982, -0.188973, 0.9
4.24901,-0.0146462, 4.2336, -0.0247412, 4.58084, 0.156625, 4.48505, -0.193971, 4.01239, 0.150991, 4.09953, -0.187235, 4.56755, 0.1775, 4.4789, -0.194634, 4.00682, 0.150194, 4.09361, -0.165018, 0.7
4.34517,-0.0278435, 4.25194, -0.0207401, 4.57132, 0.163717, 4.67304, -0.191859, 4.19697, 0.152117, 4.10577, -0.187861, 4.58084, 0.156625, 4.55665, -0.133401, 4.08911, 0.211562, 4.09953, -0.187235, 0.1
4.43571,-0.0145359, 4.3956, -0.00988919, 4.76161, 0.154885, 4.67999, -0.191128, 4.20078, 0.145903, 4.28981, -0.189902, 4.74088, 0.183257, 4.67304, -0.191859, 4.19697, 0.152117, 4.27372, -0.169931, 0.5
4.53727,-0.0279057, 4.5369, -0.0401055, 4.76816, 0.154326, 4.86256, -0.196758, 4.37971, 0.146285, 4.28424, -0.18312, 4.76161, 0.154885, 4.91366, -0.174522, 4.43387, 0.162509, 4.28981, -0.189902, 0.9
4.63515,-0.0133254, 4.62505, -0.0161191, 4.94196, 0.163959, 4.85162, -0.201538, 4.38579, 0.147164, 4.47387, -0.186686, 4.98393, 0.173684, 4.86256, -0.196758, 4.37971, 0.146285, 4.49886, -0.164164, 0.9
4.74185,-0.0313435, 4.68568, -0.026403, 4.94474, 0.162729, 5.02298, -0.200878, 4.56314, 0.139814, 4.48057, -0.187825, 4.94196, 0.163959, 5.02171, -0.126285, 4.55976, 0.222417, 4.47387, -0.186686, 0.6
4.8222,-0.00831795, 4.74536, -0.0409958, 5.13114, 0.162276, 5.02759, -0.199696, 4.56737, 0.141136, 4.66173, -0.191099, 5.02972, 0.170409, 5.02298, -0.200878, 4.56314, 0.139814, 4.56581, -0.181818, 0.3
4.9161,-0.0299718, 4.91286, -0.0488367, 5.13257, 0.16119, 5.2093, -0.198244, 4.75186, 0.150641, 4.66788, -0.192275, 5.13114, 0.162276, 5.28792, -0.165037, 4.82674, 0.175795, 4.66173, -0.191099, 0.9
5.01386,-0.010656, 5.01395, -0.015033, 5.31324, 0.160638, 5.21147, -0.196823, 4.75837, 0.151923, 4.85147, -0.190893, 5.34234, 0.181071, 5.2093, -0.198244, 4.75186, 0.150641, 4.87715, -0.174156, 0.9
5.09076,-0.0276551, 5.11956, -0.0235309, 5.31647, 0.159666, 5.4087, -0.193603, 4.93783, 0.152121, 4.8554, -0.192009, 5.31324, 0.160638, 5.44026, -0.161431, 4.98839, 0.187314, 4.85147, -0.190893, 0.9
5.19958,-0.0127811, 5.21655, -0.00697258, 5.50547, 0.159173, 5.41392, -0.192691, 4.94325, 0.153002, 5.03901, -0.190673, 5.54098, 0.182462, 5.4087, -0.193603, 4.93783, 0.152121, 5.08068, -0.171783, 0.9
5.28181,-0.0264873, 5.32016, -0.0235715, 5.50946, 0.158374, 5.60761, -0.193047, 5.13206, 0.152597, 5.04234, -0.191376, 5.50547, 0.159173, 5.63784, -0.17682, 5.16882, 0.168873, 5.03901, -0.190673, 0.9
5.39132,-0.0134358, 5.41498, -0.00594466, 5.69984, 0.158607, 5.60559, -0.192894, 5.13699, 0.153218, 5.23012, -0.190442, 5.73778, 0.183619, 5.60761, -0.193047, 5.13206, 0.152597, 5.27099, -0.167891, 0.9
5.47809,-0.0263074, 5.51154, -0.0244686, 5.70388, 0.157875, 5.80032, -0.193388, 5.32558, 0.152227, 5.2334, -0.191076, 5.69984, 0.158607, 5.83007, -0.176212, 5.36289, 0.169899, 5.23012, -0.190442, 0.9
5.57395,-0.0134723, 5.61099, -0.00611162, 5.89343, 0.158264, 5.80019, -0.193775, 5.33011, 0.152753, 5.42266, -0.190603, 5.93326, 0.183284, 5.80032, -0.193388, 5.32558, 0.152227, 5.46301, -0.16725, 0.9
5.66738,-0.0272209, 5.69845, -0.0236012, 5.89783, 0.157686, 5.99415, -0.194873, 5.51937, 0.150901, 5.42651, -0.191367, 5.89343, 0.158264, 6.02284, -0.182163, 5.55422, 0.164366, 5.42266, -0.190603, 0.9
5.76886,-0.0156067, 5.80088, -0.00640395, 6.08921, 0.153429, 5.99859, -0.194106, 5.52416, 0.151672, 5.61628, -0.191916, 6.1298, 0.182685, 5.99415, -0.194873, 5.51937, 0.150901, 5.65891, -0.168103, 0.9
5.86439,-0.0288532, 5.89727, -0.0250983, 6.09409, 0.152339, 6.1898, -0.197727, 5.71428, 0.148743, 5.62062, -0.192844, 6.08921, 0.153429, 6.21915, -0.189182, 5.74624, 0.156596, 5.61628, -0.191916, 0.9
5.96023,-0.0176088, 5.95071, -0.0222311, 6.28692, 0.151102, 6.19458, -0.19674, 5.71861, 0.149529, 5.81147, -0.19389, 6.24031, 0.16728, 6.1898, -0.197727, 5.71428, 0.148743, 5.76907, -0.179791, 0.5
6.05985,-0.0307923, 6.08765, -0.0382187, 6.29175, 0.150347, 6.38732, -0.198698, 5.90952, 0.147052, 5.81552, -0.194636, 6.28692, 0.151102, 6.42678, -0.213102, 5.95014, 0.133167, 5.81147, -0.19389, 0.9
6.15412,-0.0153637, 6.19281, -0.0115916, 6.4773, 0.153193, 6.36349, -0.192067, 5.91359, 0.147847, 6.00495, -0.192852, 6.51697, 0.176079, 6.38732, -0.198698, 5.90952, 0.147052, 6.04021, -0.169359, 0.9
6.24651,-0.0295865, 6.26654, -0.0240967, 6.46102, 0.151175, 6.55839, -0.190384, 6.09435, 0.15167, 6.00835, -0.193694, 6.4773, 0.153193, 6.56965, -0.175579, 6.12121, 0.164335, 6.00495, -0.192852, 0.8
6.33533,-0.017251, 6.32258, -0.0296222, 6.64881, 0.149618, 6.56061, -0.189541, 6.09813, 0.15243, 6.18353, -0.194536, 6.58398, 0.174867, 6.55839, -0.190384, 6.09435, 0.15167, 6.13339, -0.172685, 0.4
6.43213,-0.0295398, 6.44946, -0.0335061, 6.65268, 0.148846, 6.74756, -0.196469, 6.27688, 0.147894, 6.18778, -0.195247, 6.64881, 0.149618, 6.74869, -0.221143, 6.28549, 0.120827, 6.18353, -0.194536, 0.7
6.52722,-0.0161485, 6.58369, -0.000845196, 6.83047, 0.153974, 6.73623, -0.194551, 6.28175, 0.148753, 6.35988, -0.187566, 6.89413, 0.177105, 6.74756, -0.196469, 6.27688, 0.147894, 6.42894, -0.168209, 0.9
6.61749,-0.0323065, 6.64568, -0.0202531, 6.8221, 0.14854, 6.9221, -0.194613, 6.44027, 0.147465, 6.36215, -0.188527, 6.83047, 0.153974, 6.91041, -0.195751, 6.45882, 0.147553, 6.35988, -0.187566, 0.7
6.70012,-0.0165876, 6.67933, -0.0347466, 7.00918, 0.148873, 6.92516, -0.1937, 6.43811, 0.148256, 6.53722, -0.191344, 6.8898, 0.158857, 6.9221, -0.194613, 6.44027, 0.147465, 6.43409, -0.18115, 0.1
6.78784,-0.0333441, 6.79463, -0.0401455, 7.01388, 0.147763, 7.10522, -0.203687, 6.6277, 0.145508, 6.54, -0.192234, 7.00918, 0.148873, 7.08583, -0.237395, 6.59879, 0.104561, 6.53722, -0.191344, 0.5
6.8869,-0.0175318, 6.92853, -0.00291739, 7.1902, 0.149379, 7.0938, -0.203162, 6.63182, 0.146349, 6.7035, -0.184544, 7.24118, 0.168786, 7.10522, -0.203687, 6.6277, 0.145508, 6.76697, -0.172203, 0.8
6.97576,-0.0359744, 6.99128, -0.023593, 7.19246, 0.14827, 7.27635, -0.198732, 6.79856, 0.145308, 6.70479, -0.185124, 7.1902, 0.149379, 7.25257, -0.203547, 6.79296, 0.145964, 6.7035, -0.184544, 0.6
7.06031,-0.0135086, 7.03201, -0.0356101, 7.36176, 0.153156, 7.28069, -0.197339, 6.78463, 0.137846, 6.88822, -0.19039, 7.261, 0.150027, 7.27635, -0.198732, 6.79856, 0.145308, 6.77615, -0.183711, 0.1
7.15336,-0.0341365, 7.14178, -0.0375395, 7.36471, 0.152001, 7.44938, -0.204569, 6.97425, 0.143983, 6.89159, -0.191578, 7.36176, 0.153156, 7.42622, -0.231176, 6.93082, 0.104009, 6.88822, -0.19039, 0.4
7.23616,-0.0180421, 7.27672, 0.0025284, 7.54165, 0.146416, 7.4521, -0.203385, 6.97762, 0.145019, 7.05911, -0.192571, 7.57471, 0.15994, 7.44938, -0.204569, 6.97425, 0.143983, 7.10187, -0.184552, 0.7
7.31808,-0.0352845, 7.33363, -0.0156756, 7.54497, 0.145301, 7.62847, -0.200966, 7.12642, 0.143841, 7.06148, -0.193596, 7.54165, 0.146416, 7.58239, -0.228313, 7.11017, 0.120092, 7.05911, -0.192571, 0.5
7.40791,-0.0165936, 7.45512, -0.00432768, 7.70656, 0.15053, 7.63342, -0.199739, 7.12867, 0.144829, 7.23899, -0.193424, 7.74506, 0.161319, 7.62847, -0.200966, 7.12642, 0.143841, 7.26263, -0.179083, 0.7
7.49454,-0.0349366, 7.49322, -0.0189769, 7.70916, 0.149478, 7.80065, -0.207742, 7.31939, 0.145618, 7.2417, -0.194558, 7.70656, 0.15053, 7.75526, -0.214162, 7.25501, 0.130406, 7.23899, -0.193424, 0.4
7.57822,-0.0195612, 7.62139, 0.00307934, 7.88662, 0.145185, 7.80122, -0.206228, 7.3232, 0.14645, 7.39671, -0.188948, 7.91946, 0.157772, 7.80065, -0.207742, 7.31939, 0.145618, 7.453, -0.188248, 0.7
7.6554,-0.0374161, 7.67642, -0.0145134, 7.88935, 0.144074, 7.97353, -0.203313, 7.49541, 0.143767, 7.39879, -0.189913, 7.88662, 0.145185, 7.92409, -0.234894, 7.44832, 0.117783, 7.39671, -0.188948, 0.5
7.74617,-0.0162822, 7.78886, -0.0038765, 8.05308, 0.151483, 7.97774, -0.201974, 7.46604, 0.13784, 7.5791, -0.19307, 8.08322, 0.152088, 7.97353, -0.203313, 7.49541, 0.143767, 7.59357, -0.181688, 0.6
7.84003,-0.0374466, 7.819, -0.0200382, 8.04945, 0.149373, 8.14068, -0.208539, 7.65792, 0.142747, 7.58214, -0.194295, 8.05308, 0.151483, 8.08193, -0.215892, 7.57507, 0.123923, 7.5791, -0.19307, 0.3
7.93263,-0.0208672, 7.95266, 0.000974348, 8.22654, 0.144903, 8.14021, -0.207594, 7.66182, 0.143726, 7.72929, -0.187946, 8.24152, 0.151757, 8.14068, -0.208539, 7.65792, 0.142747, 7.77538, -0.193789, 0.6
7.99388,-0.0394361, 8.01293, -0.0172642, 8.22902, 0.143651, 8.31079, -0.20423, 7.83441, 0.142221, 7.72886, -0.188107, 8.22654, 0.144903, 8.24465, -0.230806, 7.76807, 0.120513, 7.72929, -0.187946, 0.4
8.091,-0.0195037, 8.12499, -0.00158156, 8.38924, 0.149486, 8.31543, -0.203295, 7.82428, 0.1386, 7.91304, -0.193823, 8.42991, 0.148824, 8.31079, -0.20423, 7.83441, 0.142221, 7.9299, -0.181744, 0.6
8.18071,-0.0430078, 8.17233, -0.0231782, 8.37866, 0.146525, 8.47859, -0.213449, 8.00421, 0.138579, 7.91586, -0.19522, 8.38924, 0.149486, 8.42812, -0.215708, 7.9405, 0.126186, 7.91304, -0.193823, 0.4
8.24787,-0.0251951, 8.29133, -0.00683494, 8.55948, 0.139322, 8.47622, -0.212154, 8.0072, 0.139731, 8.08867, -0.203401, 8.57381, 0.147992, 8.47859, -0.213449, 8.00421, 0.138579, 8.11254, -0.195775, 0.6
8.33384,-0.0445529, 8.33101, -0.0153015, 8.56253, 0.137951, 8.64692, -0.209488, 8.17386, 0.137039, 8.07399, -0.196097, 8.55948, 0.139322, 8.55679, -0.249843, 8.09024, 0.102042, 8.08867, -0.203401, 0.3
8.43149,-0.0251155, 8.45274, -0.00821993, 8.72306, 0.142368, 8.65169, -0.208452, 8.16144, 0.132047, 8.2536, -0.200918, 8.74386, 0.142409, 8.64692, -0.209488, 8.17386, 0.137039, 8.25577, -0.191114, 0.5
8.51984,-0.047871, 8.50208, -0.0292724, 8.71902, 0.140516, 8.81106, -0.218598, 8.34079, 0.132623, 8.2569, -0.202258, 8.72306, 0.142368, 8.74874, -0.226106, 8.26184, 0.114393, 8.2536, -0.200918, 0.3
8.58678,-0.0300769, 8.62849, -0.009657, 8.8968, 0.134408, 8.81338, -0.21731, 8.34352, 0.134002, 8.42331, -0.207334, 8.91472, 0.142639, 8.81106, -0.218598, 8.34079, 0.132623, 8.45365, -0.202051, 0.6
8.68316,-0.0516421, 8.66984, -0.020521, 8.90029, 0.133204, 8.98334, -0.215181, 8.50379, 0.129321, 8.40335, -0.198446, 8.8968, 0.134408, 8.89499, -0.254309, 8.42765, 0.0970029, 8.42331, -0.207334, 0.3
8.76874,-0.0313252, 8.79189, -0.0170399, 9.06136, 0.137833, 8.98792, -0.213914, 8.50445, 0.129309, 8.58503, -0.205331, 9.08063, 0.135917, 8.98334, -0.215181, 8.50379, 0.129321, 8.58369, -0.194621, 0.5
8.85869,-0.0526567, 8.83775, -0.0341378, 9.06288, 0.135735, 9.14614, -0.2239, 8.67932, 0.127794, 8.58846, -0.206631, 9.06136, 0.137833, 9.08284, -0.231415, 8.60173, 0.111808, 8.58503, -0.205331, 0.3
8.93978,-0.0327159, 8.96819, -0.0144752, 9.23693, 0.130268, 9.14882, -0.222544, 8.68212, 0.129255, 8.75535, -0.210564, 9.25885, 0.13736, 9.14614, -0.2239, 8.67932, 0.127794, 8.78465, -0.205481, 0.6
9.0238,-0.0557102, 9.01219, -0.026272, 9.24086, 0.128916, 9.32014, -0.218722, 8.84159, 0.124449, 8.74372, -0.20374, 9.23693, 0.130268, 9.23067, -0.246444, 8.7659, 0.105355, 8.75535, -0.210564, 0.3
9.10393,-0.0353735, 9.13171, -0.021713, 9.40587, 0.132667, 9.32397, -0.217532, 8.84292, 0.1256, 8.92211, -0.209455, 9.41885, 0.132495, 9.32014, -0.218722, 8.84159, 0.124449, 8.92147, -0.198827, 0.5
9.18824,-0.0578261, 9.17354, -0.0374357, 9.3915, 0.131518, 9.47517, -0.228778, 9.01572, 0.12315, 8.92591, -0.210626, 9.40587, 0.132667, 9.41494, -0.235707, 8.93657, 0.107426, 8.92211, -0.209455, 0.3
9.26836,-0.0363428, 9.29749, -0.0194458, 9.56614, 0.125367, 9.4779, -0.227245, 9.0183, 0.124648, 9.08786, -0.2155, 9.58736, 0.132642, 9.47517, -0.228778, 9.01572, 0.12315, 9.12217, -0.21039, 0.6
9.34045,-0.0545183, 9.34759, -0.0301193, 9.5686, 0.12434, 9.64901, -0.220893, 9.18229, 0.126323, 9.08313, -0.211314, 9.56614, 0.125367, 9.56103, -0.252343, 9.10352, 0.09955, 9.08786, -0.2155, 0.3
9.43588,-0.038004, 9.46043, -0.0189223, 9.72968, 0.130764, 9.65319, -0.219524, 9.16943, 0.124313, 9.25601, -0.213818, 9.74856, 0.13229, 9.64901, -0.220893, 9.18229, 0.126323, 9.26302, -0.202405, 0.5
9.52463,-0.059561, 9.5021, -0.0391783, 9.71929, 0.129303, 9.79956, -0.231406, 9.34131, 0.121435, 9.25978, -0.214961, 9.72968, 0.130764, 9.74418, -0.237285, 9.26337, 0.106552, 9.25601, -0.213818, 0.3
9.60369,-0.0390559, 9.6294, -0.0224332, 9.89221, 0.124687, 9.80239, -0.229983, 9.34435, 0.12293, 9.41584, -0.217643, 9.90868, 0.130804, 9.79956, -0.231406, 9.34131, 0.121435, 9.44972, -0.214926, 0.6
9.68094,-0.0610024, 9.67392, -0.0335916, 9.89548, 0.123391, 9.97208, -0.225171, 9.49185, 0.11686, 9.41467, -0.216663, 9.89221, 0.124687, 9.88872, -0.25086, 9.43288, 0.102053, 9.41584, -0.217643, 0.3
9.76556,-0.0395635, 9.80016, -0.0267971, 10.0493, 0.129707, 9.97662, -0.223863, 9.4878, 0.115428, 9.58128, -0.216501, 10.0823, 0.131869, 9.97208, -0.225171, 9.49185, 0.11686, 9.60141, -0.2083, 0.6
9.84525,-0.0624465, 9.83488, -0.0417199, 10.0503, 0.128408, 10.1431, -0.228588, 9.66115, 0.117392, 9.5839, -0.217687, 10.0493, 0.129707, 10.0746, -0.233109, 9.58935, 0.106183, 9.58128, -0.216501, 0.3
9.92186,-0.0407268, 9.99007, -0.0150083, 10.2176, 0.123636, 10.1262, -0.232927, 9.66484, 0.118547, 9.73965, -0.219168, 10.3014, 0.137022, 10.1431, -0.228588, 9.66115, 0.117392, 9.83396, -0.209727, 0.9
9.98993,-0.0602042, 10.0655, -0.043895, 10.2204, 0.122178, 10.2945, -0.227544, 9.82397, 0.118926, 9.7401, -0.219264, 10.2176, 0.123636, 10.3341, -0.247941, 9.87397, 0.103534, 9.73965, -0.219168, 0.9
10.0839,-0.0420024, 10.1233, -0.0410521, 10.3849, 0.123865, 10.2989, -0.226608, 9.81024, 0.114869, 9.90425, -0.218327, 10.3886, 0.133033, 10.2945, -0.227544, 9.82397, 0.118926, 9.91056, -0.208928, 0.6
10.1694,-0.0608059, 10.1538, -0.0455999, 10.3905, 0.122794, 10.4681, -0.226688, 9.98495, 0.116307, 9.90772, -0.21937, 10.3849, 0.123865, 10.4021, -0.235946, 9.91684, 0.105531, 9.90425, -0.218327, 0.3
10.255,-0.0436346, 10.317, -0.0184802, 10.5542, 0.122923, 10.473, -0.225647, 9.98862, 0.117384, 10.0575, -0.219073, 10.6414, 0.142295, 10.4681, -0.226688, 9.98495, 0.116307, 10.1569, -0.199857, 0.9
10.3334,-0.0653621, 10.3909, -0.0507976, 10.5589, 0.121621, 10.6374, -0.22796, 10.1495, 0.111497, 10.0479, -0.212023, 10.5542, 0.122923, 10.6797, -0.226131, 10.1961, 0.1169, 10.0575, -0.219073, 0.9
10.42,-0.0421555, 10.4764, -0.0427013, 10.7225, 0.124811, 10.643, -0.226546, 10.1374, 0.100189, 10.2295, -0.214679, 10.7922, 0.138259, 10.6374, -0.22796, 10.1495, 0.111497, 10.2808, -0.193983, 0.9
10.5033,-0.0656329, 10.5483, -0.0610477, 10.7275, 0.123263, 10.807, -0.230325, 10.3175, 0.107122, 10.2322, -0.216024, 10.7225, 0.124811, 10.8731, -0.20181, 10.37, 0.124924, 10.2295, -0.214679, 0.9
10.5885,-0.0445378, 10.6313, -0.0468661, 10.8936, 0.123299, 10.8115, -0.228808, 10.3208, 0.108398, 10.4061, -0.217963, 10.9517, 0.140735, 10.807, -0.230325, 10.3175, 0.107122, 10.4564, -0.198666, 0.9