0.0127251,0.0246903, 0.0798433, -0.0282783, 0.208548, 0.172125, 0.33951, -0.15668, -0.138308, 0.186543, -0.266546, -0.170782, 0.206682, 0.170623, 0.389996, -0.194728, -0.0894319, 0.150034, -0.269172, -0.172212, 0.9
0.109043,0.0187623, 0.141133, 0.0332135, 0.411117, 0.187208, 0.341821, -0.154801, -0.133406, 0.18696, -0.0660618, -0.156676, 0.455463, 0.228839, 0.33951, -0.15668, -0.138308, 0.186543, -0.0210934, -0.115322, 0.9
0.234162,-0.00821825, 0.232359, 0.0118459, 0.41612, 0.185536, 0.556733, -0.171556, 0.0791491, 0.171572, -0.0600133, -0.158212, 0.411117, 0.187208, 0.547098, -0.14528, 0.0728042, 0.196482, -0.0660618, -0.156676, 0.9
0.343734,0.0125337, 0.349002, 0.0151852, 0.647309, 0.182842, 0.562398, -0.170357, 0.0784762, 0.168387, 0.172522, -0.16581, 0.676782, 0.203886, 0.556733, -0.171556, 0.0791491, 0.171572, 0.201576, -0.141981, 0.9
0.460917,-0.0154796, 0.463084, -0.000874772, 0.653349, 0.181093, 0.780194, -0.178525, 0.300051, 0.164495, 0.177475, -0.167345, 0.647309, 0.182842, 0.787077, -0.147478, 0.305081, 0.191266, 0.172522, -0.16581, 0.9
0.577028,0.00756898, 0.581534, 0.008807, 0.888777, 0.176782, 0.787222, -0.177501, 0.305748, 0.165231, 0.401947, -0.167591, 0.906513, 0.198691, 0.780194, -0.178525, 0.300051, 0.164495, 0.431515, -0.151702, 0.9
0.663671,-0.011845, 0.635108, 0.0066935, 0.894211, 0.175548, 0.991292, -0.176766, 0.529424, 0.164558, 0.406478, -0.168821, 0.888777, 0.176782, 0.913786, -0.144963, 0.436212, 0.197769, 0.401947, -0.167591, 0.4
0.770387,0.00222259, 0.79672, 0.0284357, 1.10759, 0.169165, 0.996155, -0.175653, 0.533872, 0.165634, 0.632586, -0.171893, 1.16214, 0.194239, 0.991292, -0.176766, 0.529424, 0.164558, 0.671699, -0.148631, 0.9
0.905363,-0.016186, 0.894909, -0.00381219, 1.11636, 0.168574, 1.21687, -0.188454, 0.750505, 0.15847, 0.634897, -0.171258, 1.10759, 0.169165, 1.21878, -0.176341, 0.757155, 0.164947, 0.632586, -0.171893, 0.9
0.99984,0.00162637, 0.948004, -0.0145232, 1.33886, 0.167482, 1.2177, -0.187711, 0.752595, 0.157476, 0.863912, -0.172515, 1.24083, 0.170561, 1.21687, -0.188454, 0.750505, 0.15847, 0.761308, -0.17031, 0.4
1.11483,-0.0184959, 1.05861, -0.019268, 1.3471, 0.16662, 1.44973, -0.18394, 0.978792, 0.15984, 0.865433, -0.171133, 1.33886, 0.167482, 1.39354, -0.171538, 0.929301, 0.17365, 0.863912, -0.172515, 0.5
1.23294,0.00220412, 1.2093, 0.0041025, 1.56928, 0.173696, 1.45796, -0.183412, 0.963223, 0.145516, 1.0896, -0.173018, 1.57555, 0.188722, 1.44973, -0.18394, 0.978792, 0.15984, 1.09214, -0.149268, 0.8
1.34863,-0.0201629, 1.24378, -0.0107833, 1.56237, 0.176354, 1.68812, -0.183342, 1.20046, 0.153361, 1.097, -0.174202, 1.56928, 0.173696, 1.57211, -0.108637, 1.08432, 0.220291, 1.0896, -0.173018, 0.2
1.45743,0.000853646, 1.38348, 0.0022155, 1.79329, 0.168996, 1.69426, -0.182298, 1.20587, 0.15448, 1.32103, -0.178137, 1.74049, 0.182713, 1.68812, -0.183342, 1.20046, 0.153361, 1.27538, -0.171048, 0.5
1.57637,-0.0265426, 1.52736, -0.0201539, 1.80188, 0.167728, 1.89841, -0.19762, 1.43354, 0.150854, 1.28648, -0.171834, 1.79329, 0.168996, 1.90087, -0.159295, 1.41375, 0.177483, 1.32103, -0.178137, 0.7
1.68579,-0.00415235, 1.58454, -0.0176453, 2.02988, 0.162449, 1.90344, -0.197342, 1.43967, 0.152051, 1.53477, -0.179297, 1.92696, 0.15378, 1.89841, -0.19762, 1.43354, 0.150854, 1.41152, -0.183248, 0.3
1.79689,-0.0261547, 1.77472, -0.0430086, 2.03706, 0.161311, 2.13599, -0.190669, 1.66467, 0.155216, 1.54151, -0.180404, 2.02988, 0.162449, 2.17094, -0.169497, 1.70453, 0.179897, 1.53477, -0.179297, 0.9
1.92112,-0.00747582, 1.88492, -0.0194646, 2.26042, 0.167032, 2.14402, -0.190253, 1.67267, 0.156399, 1.77729, -0.181757, 2.25085, 0.189872, 2.13599, -0.190669, 1.66467, 0.155216, 1.7536, -0.150975, 0.8
2.03386,-0.0275948, 1.93199, -0.0179688, 2.24694, 0.170913, 2.37935, -0.190395, 1.90544, 0.154454, 1.7847, -0.182892, 2.26042, 0.167032, 2.24804, -0.11683, 1.78251, 0.229822, 1.77729, -0.181757, 0.2
2.14886,-0.00759868, 2.13078, 0.00441992, 2.49043, 0.161277, 2.38712, -0.189506, 1.90858, 0.151042, 2.01904, -0.186795, 2.52121, 0.201183, 2.37935, -0.190395, 1.90544, 0.154454, 2.05637, -0.154726, 0.9
2.27272,-0.0245569, 2.21864, -0.0187045, 2.49891, 0.160839, 2.59495, -0.201993, 2.13766, 0.150324, 2.02719, -0.188003, 2.49043, 0.161277, 2.56869, -0.146488, 2.09404, 0.19406, 2.01904, -0.186795, 0.6
2.3864,-0.00773264, 2.26699, -0.0255463, 2.73523, 0.158059, 2.60262, -0.200873, 2.14452, 0.151605, 2.26111, -0.184596, 2.56598, 0.155104, 2.59495, -0.201993, 2.13766, 0.150324, 2.09638, -0.195402, 0.1
2.50164,-0.0279049, 2.48047, -0.0465094, 2.74237, 0.1568, 2.84641, -0.194455, 2.37685, 0.15252, 2.25506, -0.178523, 2.73523, 0.158059, 2.87412, -0.201538, 2.41293, 0.15094, 2.26111, -0.184596, 0.9
2.63239,-0.0111205, 2.57103, -0.0193961, 2.96974, 0.164329, 2.85403, -0.194224, 2.38408, 0.153651, 2.49159, -0.183097, 2.91922, 0.169401, 2.84641, -0.194455, 2.37685, 0.15252, 2.43259, -0.166282, 0.6
2.75081,-0.0303761, 2.70571, -0.0377959, 2.96347, 0.166421, 3.09505, -0.193021, 2.62217, 0.151244, 2.49905, -0.184365, 2.96974, 0.164329, 3.06683, -0.148954, 2.59905, 0.19892, 2.49159, -0.183097, 0.7
2.86089,-0.00806541, 2.84931, -0.0130942, 3.20609, 0.160491, 3.10259, -0.191754, 2.61611, 0.144481, 2.73754, -0.186994, 3.21581, 0.196052, 3.09505, -0.193021, 2.62217, 0.151244, 2.75102, -0.157661, 0.9
2.98774,-0.025954, 2.89711, -0.0121959, 3.21436, 0.159617, 3.33833, -0.193041, 2.85473, 0.147699, 2.7449, -0.18825, 3.20609, 0.160491, 3.22518, -0.143977, 2.74458, 0.192257, 2.73754, -0.186994, 0.3
3.10632,-0.0131293, 3.03825, 0.00127364, 3.45565, 0.154092, 3.34664, -0.192235, 2.86222, 0.148684, 2.96164, -0.17971, 3.39571, 0.164593, 3.33833, -0.193041, 2.85473, 0.147699, 2.92712, -0.186091, 0.5
3.22709,-0.0304715, 3.20174, -0.0317858, 3.46347, 0.153388, 3.58222, -0.196484, 3.09814, 0.147033, 2.9611, -0.175366, 3.45565, 0.154092, 3.57967, -0.18507, 3.09377, 0.15585, 2.96164, -0.17971, 0.9
3.34749,-0.0138119, 3.24502, -0.0266161, 3.70239, 0.153074, 3.56913, -0.202898, 3.10572, 0.147761, 3.21048, -0.183032, 3.57912, 0.14285, 3.58222, -0.196484, 3.09814, 0.147033, 3.07859, -0.185226, 0.3
3.46727,-0.0306593, 3.37821, -0.0379556, 3.70961, 0.152029, 3.8115, -0.196294, 3.34078, 0.149945, 3.21741, -0.184165, 3.70239, 0.153074, 3.73415, -0.172154, 3.27068, 0.178505, 3.21048, -0.183032, 0.4
3.58577,-0.0157597, 3.54235, -0.0127227, 3.94308, 0.156957, 3.81883, -0.195762, 3.34808, 0.151105, 3.45922, -0.187702, 3.92316, 0.178777, 3.8115, -0.196294, 3.34078, 0.149945, 3.42798, -0.15642, 0.7
3.71458,-0.0332368, 3.5902, -0.0254035, 3.92462, 0.158916, 4.06444, -0.196687, 3.59128, 0.148434, 3.46698, -0.188943, 3.94308, 0.156957, 3.90696, -0.135956, 3.44203, 0.210911, 3.45922, -0.187702, 0.1
3.83281,-0.0159675, 3.81233, 0.000673188, 4.17783, 0.150951, 4.07216, -0.195825, 3.58966, 0.142837, 3.70861, -0.194498, 4.20374, 0.191797, 4.06444, -0.196687, 3.59128, 0.148434, 3.74368, -0.159011, 0.9
3.94657,-0.0288255, 3.89173, -0.0245228, 4.18502, 0.150277, 4.30995, -0.200392, 3.82666, 0.143181, 3.71513, -0.195325, 4.17783, 0.150951, 4.23571, -0.15448, 3.75785, 0.184183, 3.70861, -0.194498, 0.5
4.08248,-0.016778, 4.02456, -0.00425038, 4.43056, 0.148512, 4.29676, -0.201552, 3.83512, 0.144026, 3.94814, -0.18757, 4.39373, 0.165549, 4.30995, -0.200392, 3.82666, 0.143181, 3.92346, -0.181844, 0.7
4.19083,-0.0351005, 4.17709, -0.0373278, 4.43667, 0.147524, 4.54082, -0.200736, 4.0735, 0.145177, 3.94895, -0.186884, 4.43056, 0.148512, 4.54938, -0.17281, 4.08712, 0.172767, 3.94814, -0.18757, 0.9
4.31465,-0.0227371, 4.24122, -0.0325373, 4.67842, 0.146461, 4.55121, -0.200435, 4.08283, 0.14529, 4.19397, -0.193303, 4.57436, 0.155937, 4.54082, -0.200736, 4.0735, 0.145177, 4.08807, -0.178536, 0.4
4.43535,-0.031678, 4.37323, -0.0492673, 4.68623, 0.146085, 4.79761, -0.198175, 4.3235, 0.147272, 4.20106, -0.193969, 4.67842, 0.146461, 4.73923, -0.179792, 4.2713, 0.165932, 4.19397, -0.193303, 0.5
4.56805,-0.0162941, 4.54696, -0.0133979, 4.92585, 0.151733, 4.80561, -0.19733, 4.28215, 0.138622, 4.44174, -0.192021, 4.94004, 0.189389, 4.79761, -0.198175, 4.3235, 0.147272, 4.45154, -0.150408, 0.9
4.68282,-0.0323871, 4.66506, -0.0504937, 4.91065, 0.157307, 5.04743, -0.198399, 4.5484, 0.143447, 4.44824, -0.192676, 4.92585, 0.151733, 5.08016, -0.134157, 4.56286, 0.201795, 4.44174, -0.192021, 0.9
4.82356,-0.0138098, 4.71784, -0.0404493, 5.1244, 0.158739, 5.03114, -0.203113, 4.55693, 0.144504, 4.68871, -0.194532, 5.0289, 0.171506, 5.04743, -0.198399, 4.5484, 0.143447, 4.569, -0.182052, 0.4
4.96294,-0.0377815, 4.91408, -0.0494599, 5.13117, 0.157254, 5.26952, -0.20605, 4.8074, 0.145802, 4.69569, -0.196317, 5.1244, 0.158739, 5.29115, -0.164885, 4.81866, 0.182731, 4.68871, -0.194532, 0.9
5.07342,-0.017133, 5.04786, -0.0203048, 5.39379, 0.150742, 5.26954, -0.204728, 4.81425, 0.147359, 4.9273, -0.197495, 5.36797, 0.178361, 5.26952, -0.20605, 4.8074, 0.145802, 4.93406, -0.18078, 0.9
5.19349,-0.0373094, 5.17939, -0.031465, 5.39831, 0.149301, 5.52272, -0.202991, 5.05671, 0.147086, 4.93273, -0.198809, 5.39379, 0.150742, 5.51228, -0.172809, 5.05836, 0.179278, 4.9273, -0.197495, 0.9
5.30485,-0.0201488, 5.3139, -0.0143402, 5.65093, 0.149247, 5.52763, -0.20169, 5.06182, 0.148205, 5.18147, -0.19993, 5.64799, 0.175166, 5.52272, -0.202991, 5.05671, 0.147086, 5.18303, -0.175475, 0.9
5.43391,-0.036514, 5.43271, -0.031973, 5.6552, 0.148458, 5.77929, -0.204498, 5.3111, 0.145489, 5.18673, -0.200967, 5.65093, 0.149247, 5.76826, -0.196786, 5.30403, 0.153109, 5.18147, -0.19993, 0.9
5.55903,-0.0200702, 5.57097, -0.0122772, 5.9098, 0.147853, 5.77657, -0.203559, 5.31587, 0.146596, 5.43631, -0.199556, 5.90735, 0.175927, 5.77929, -0.204498, 5.3111, 0.145489, 5.43906, -0.174917, 0.9
5.6789,-0.0361631, 5.68784, -0.0334501, 5.91585, 0.14708, 6.03468, -0.20484, 5.56587, 0.144759, 5.44169, -0.200519, 5.9098, 0.147853, 6.02306, -0.197578, 5.56364, 0.152577, 5.43631, -0.199556, 0.9
5.82281,-0.0199991, 5.82047, -0.0116061, 6.16005, 0.150135, 6.02983, -0.202582, 5.57144, 0.145811, 5.6926, -0.198644, 6.16707, 0.174339, 6.03468, -0.20484, 5.56587, 0.144759, 5.69275, -0.173893, 0.9
5.94441,-0.0364007, 5.93663, -0.0308984, 6.16546, 0.148988, 6.28484, -0.205678, 5.82203, 0.144562, 5.69776, -0.19977, 6.16005, 0.150135, 6.25432, -0.190553, 5.79785, 0.157839, 5.6926, -0.198644, 0.8
6.07149,-0.0201625, 6.08306, -0.00848641, 6.41279, 0.148641, 6.29007, -0.204317, 5.82717, 0.145651, 5.94819, -0.199309, 6.42374, 0.17508, 6.28484, -0.205678, 5.82203, 0.144562, 5.95611, -0.175222, 0.9
6.20539,-0.0403836, 6.19977, -0.0336413, 6.41085, 0.140934, 6.53143, -0.211092, 6.07873, 0.142074, 5.9538, -0.200642, 6.41279, 0.148641, 6.53093, -0.196996, 6.07047, 0.152973, 5.94819, -0.199309, 0.9
6.33035,-0.0246608, 6.28719, -0.0294146, 6.66905, 0.137837, 6.53588, -0.210196, 6.08316, 0.143043, 6.20144, -0.20626, 6.57709, 0.154832, 6.53143, -0.211092, 6.07873, 0.142074, 6.12277, -0.189656, 0.5
6.44541,-0.0424829, 6.43402, -0.0381076, 6.67215, 0.136411, 6.77807, -0.213139, 6.32194, 0.139716, 6.20565, -0.207386, 6.66905, 0.137837, 6.74204, -0.23219, 6.2889, 0.12105, 6.20144, -0.20626, 0.7
6.59225,-0.0230376, 6.58575, -0.0117035, 6.91086, 0.140119, 6.77359, -0.21228, 6.32857, 0.141, 6.43003, -0.195199, 6.91065, 0.158898, 6.77807, -0.213139, 6.32194, 0.139716, 6.44461, -0.186269, 0.8
6.70408,-0.0488958, 6.6699, -0.0280969, 6.90559, 0.136833, 7.02648, -0.209192, 6.5547, 0.13776, 6.42846, -0.194339, 6.91086, 0.140119, 6.91325, -0.203878, 6.47175, 0.149402, 6.43003, -0.195199, 0.4
6.81653,-0.0237058, 6.80208, -0.0273901, 7.1377, 0.141633, 7.02932, -0.207749, 6.54569, 0.130637, 6.66656, -0.205459, 7.07769, 0.150125, 7.02648, -0.209192, 6.5547, 0.13776, 6.60225, -0.182455, 0.4
6.90896,-0.0429612, 6.94039, -0.0528121, 7.14003, 0.140454, 7.25985, -0.20399, 6.78843, 0.137604, 6.66932, -0.20652, 7.1377, 0.141633, 7.24898, -0.23162, 6.76655, 0.106766, 6.66656, -0.205459, 0.7
7.05559,-0.0240868, 7.01031, -0.0294276, 7.37267, 0.137447, 7.26563, -0.202763, 6.77863, 0.137391, 6.88123, -0.196025, 7.26691, 0.151824, 7.25985, -0.20399, 6.78843, 0.137604, 6.79885, -0.194691, 0.2
7.16631,-0.0472288, 7.15673, -0.035734, 7.37662, 0.136458, 7.48899, -0.213098, 7.01861, 0.136915, 6.8855, -0.197397, 7.37267, 0.137447, 7.41988, -0.259523, 6.93146, 0.0806309, 6.88123, -0.196025, 0.5
7.25738,-0.0287129, 7.29288, -0.00214334, 7.6101, 0.132047, 7.49198, -0.212043, 7.03148, 0.125846, 7.13311, -0.205631, 7.59672, 0.132948, 7.48899, -0.213098, 7.01861, 0.136915, 7.10678, -0.20034, 0.6
7.40678,-0.0555029, 7.35047, -0.0185393, 7.61584, 0.130383, 7.72172, -0.221983, 7.25853, 0.123166, 7.12183, -0.20408, 7.6101, 0.132047, 7.58579, -0.269104, 7.12654, 0.0687845, 7.13311, -0.205631, 0.3
7.52872,-0.0336521, 7.47064, -0.0273945, 7.84394, 0.127675, 7.72371, -0.218297, 7.26344, 0.124432, 7.36207, -0.20556, 7.75363, 0.122903, 7.72172, -0.221983, 7.25853, 0.123166, 7.26059, -0.210083, 0.2
7.61194,-0.0528375, 7.62168, -0.0576423, 7.84673, 0.126356, 7.95786, -0.213802, 7.4952, 0.130083, 7.36389, -0.206597, 7.84394, 0.127675, 7.89857, -0.250155, 7.43812, 0.0925749, 7.36207, -0.20556, 0.5
7.75449,-0.0325536, 7.76563, -0.0202535, 8.07599, 0.129781, 7.96358, -0.212705, 7.48292, 0.131116, 7.60127, -0.210267, 8.08409, 0.154027, 7.95786, -0.213802, 7.4952, 0.130083, 7.60054, -0.177957, 0.7
7.86834,-0.0528161, 7.90447, -0.053737, 8.07528, 0.127668, 8.1884, -0.209763, 7.70936, 0.120274, 7.60616, -0.211491, 8.07599, 0.129781, 8.21046, -0.229658, 7.73096, 0.114163, 7.60127, -0.210267, 0.9
7.96023,-0.0357737, 7.97313, -0.0344836, 8.30541, 0.12645, 8.18817, -0.20762, 7.71113, 0.121087, 7.83804, -0.216088, 8.2417, 0.135451, 8.1884, -0.209763, 7.70936, 0.120274, 7.775, -0.203948, 0.5
8.09436,-0.0570412, 8.11603, -0.0447457, 8.31108, 0.125442, 8.40551, -0.215119, 7.9425, 0.121498, 7.81624, -0.219665, 8.30541, 0.12645, 8.41936, -0.278609, 7.94053, 0.0500971, 7.83804, -0.216088, 0.9
8.21603,-0.0363049, 8.16185, -0.0478092, 8.53148, 0.129929, 8.40176, -0.212463, 7.94693, 0.12278, 8.03237, -0.20101, 8.41429, 0.124706, 8.40551, -0.215119, 7.9425, 0.121498, 7.92157, -0.21827, 0.2
8.29727,-0.053974, 8.30333, -0.0577221, 8.53411, 0.128837, 8.6335, -0.210806, 8.17233, 0.129186, 8.0348, -0.201814, 8.53148, 0.129929, 8.57338, -0.242302, 8.11669, 0.09294, 8.03237, -0.20101, 0.5
8.42132,-0.0265782, 8.44481, -0.0211363, 8.74677, 0.138453, 8.63878, -0.209339, 8.13965, 0.125367, 8.27092, -0.204908, 8.76707, 0.150674, 8.6335, -0.210806, 8.17233, 0.129186, 8.26628, -0.177313, 0.7
8.5469,-0.0520015, 8.5003, -0.0335278, 8.7305, 0.132523, 8.86077, -0.216503, 8.37209, 0.12351, 8.27472, -0.20648, 8.74677, 0.138453, 8.76093, -0.209101, 8.26745, 0.125604, 8.27092, -0.204908, 0.3
8.62624,-0.0342783, 8.64244, -0.0146947, 8.96302, 0.129, 8.86216, -0.212305, 8.37291, 0.123741, 8.49825, -0.213111, 8.92458, 0.135058, 8.85996, -0.213387, 8.37129, 0.122963, 8.47091, -0.20634, 0.5
8.76714,-0.0577231, 8.78019, -0.0429854, 8.96863, 0.127722, 9.07723, -0.218811, 8.60388, 0.122868, 8.48718, -0.214553, 8.96302, 0.129, 9.08672, -0.279671, 8.5969, 0.0563742, 8.49825, -0.213111, 0.9
8.88493,-0.0341961, 8.91482, -0.0233431, 9.18059, 0.132246, 9.06744, -0.213832, 8.60843, 0.124273, 8.70932, -0.207208, 9.21972, 0.142832, 9.07723, -0.218811, 8.60388, 0.122868, 8.73848, -0.198921, 0.9
8.96076,-0.0535971, 8.9857, -0.0393945, 9.18048, 0.13098, 9.29566, -0.212358, 8.8317, 0.129638, 8.71093, -0.208166, 9.18059, 0.132246, 9.2397, -0.206504, 8.78385, 0.131601, 8.70932, -0.207208, 0.6
9.09883,-0.02799, 9.03483, -0.0447862, 9.39941, 0.137977, 9.30082, -0.210989, 8.80186, 0.125473, 8.93395, -0.207627, 9.27849, 0.138671, 9.29566, -0.212358, 8.8317, 0.129638, 8.81198, -0.201107, 0.1
9.21536,-0.0524482, 9.1497, -0.048662, 9.39796, 0.133988, 9.51962, -0.216968, 9.02873, 0.120115, 8.93823, -0.209118, 9.39941, 0.137977, 9.41762, -0.237995, 8.92116, 0.0984664, 8.93395, -0.207627, 0.2
9.29143,-0.0332716, 9.29576, -0.0160844, 9.62357, 0.130045, 9.52276, -0.215498, 9.03098, 0.121217, 9.155, -0.21233, 9.56889, 0.131011, 9.51962, -0.216968, 9.02873, 0.120115, 9.11103, -0.214216, 0.4
9.41486,-0.0618144, 9.44116, -0.046247, 9.62891, 0.128277, 9.7319, -0.226169, 9.25904, 0.121304, 9.12923, -0.206818, 9.62357, 0.130045, 9.75048, -0.280063, 9.25775, 0.0566518, 9.155, -0.21233, 0.9