0.0181601,0.0293771, 0.0802773, -0.0283349, 0.209359, 0.172489, 0.374693, -0.15241, -0.103248, 0.19114, -0.265344, -0.170887, 0.20688, 0.170589, 0.390225, -0.194823, -0.0890836, 0.14999, -0.268768, -0.17268, 0.9
0.140459,0.0236363, 0.153368, 0.0403337, 0.46303, 0.193292, 0.377043, -0.150065, -0.0981807, 0.191426, -0.0139202, -0.151695, 0.482768, 0.236026, 0.374693, -0.15241, -0.103248, 0.19114, 0.00671786, -0.108813, 0.9
0.299308,-0.0105299, 0.26646, 0.0155543, 0.463173, 0.186549, 0.645941, -0.17232, 0.16862, 0.17223, -0.00738184, -0.153483, 0.46303, 0.193292, 0.592239, -0.144547, 0.118258, 0.196944, -0.0139202, -0.151695, 0.9
0.433993,0.0131398, 0.41821, 0.0193254, 0.759985, 0.180166, 0.652642, -0.170971, 0.173043, 0.17151, 0.288155, -0.165946, 0.756501, 0.204625, 0.645941, -0.17232, 0.16862, 0.17223, 0.287744, -0.138443, 0.9
0.585408,-0.0168479, 0.559012, -0.00144279, 0.768843, 0.17793, 0.925281, -0.178854, 0.442507, 0.163703, 0.295629, -0.167749, 0.759985, 0.180166, 0.891346, -0.156652, 0.413935, 0.185829, 0.288155, -0.165946, 0.9
0.684377,0.00104847, 0.631483, -0.0114657, 1.03337, 0.170955, 0.930862, -0.177507, 0.44709, 0.164855, 0.581041, -0.172769, 0.912091, 0.181618, 0.925281, -0.178854, 0.442507, 0.163703, 0.44278, -0.166855, 0.3
0.83533,-0.0158353, 0.825281, -0.0250935, 1.04443, 0.16994, 1.19078, -0.179407, 0.714047, 0.159602, 0.58747, -0.17428, 1.03337, 0.170955, 1.18483, -0.210343, 0.701291, 0.132019, 0.581041, -0.172769, 0.9
0.971001,0.00308261, 0.932028, -0.00896948, 1.32693, 0.16877, 1.19974, -0.178469, 0.714846, 0.157406, 0.861551, -0.174134, 1.24049, 0.19679, 1.19078, -0.179407, 0.714047, 0.159602, 0.785591, -0.150353, 0.6
1.11528,-0.0161961, 1.0567, -0.0213156, 1.33665, 0.167888, 1.47816, -0.179348, 0.995905, 0.160654, 0.864239, -0.17222, 1.32693, 0.16877, 1.41188, -0.163555, 0.929958, 0.172321, 0.861551, -0.174134, 0.6
1.25077,-0.00191755, 1.20524, -0.00085214, 1.59649, 0.176814, 1.48759, -0.179146, 1.00406, 0.161437, 1.1411, -0.173792, 1.56246, 0.198521, 1.47816, -0.179348, 0.995905, 0.160654, 1.08941, -0.142926, 0.7
1.40864,-0.0238161, 1.34375, -0.0325879, 1.59637, 0.175026, 1.76836, -0.184218, 1.28866, 0.158358, 1.14883, -0.175072, 1.59649, 0.176814, 1.7335, -0.135664, 1.2536, 0.204919, 1.1411, -0.173792, 0.8
1.55394,0.0014072, 1.50781, -0.00999323, 1.89869, 0.168334, 1.77779, -0.183126, 1.28645, 0.152542, 1.43318, -0.179245, 1.86401, 0.209906, 1.76836, -0.184218, 1.28866, 0.158358, 1.41758, -0.145243, 0.9
1.67652,-0.0149985, 1.58548, -0.00794376, 1.90602, 0.167522, 2.05396, -0.184158, 1.56654, 0.156076, 1.43996, -0.180346, 1.89869, 0.168334, 1.91891, -0.128259, 1.43416, 0.207409, 1.43318, -0.179245, 0.3
1.82647,-0.00357436, 1.78001, 0.0265153, 2.19254, 0.164159, 2.06286, -0.183393, 1.57489, 0.157003, 1.71974, -0.182461, 2.18896, 0.188514, 2.05396, -0.184158, 1.56654, 0.156076, 1.72229, -0.162554, 0.9
1.96822,-0.0174397, 1.89492, -0.00759429, 2.20088, 0.163581, 2.34161, -0.18508, 1.85788, 0.158061, 1.72762, -0.18329, 2.19254, 0.164159, 2.25023, -0.159282, 1.76591, 0.181114, 1.71974, -0.182461, 0.6
2.11699,-0.00789663, 2.03764, 0.0100179, 2.48726, 0.159971, 2.35342, -0.185948, 1.86984, 0.156987, 2.01211, -0.185715, 2.4097, 0.171352, 2.34161, -0.18508, 1.85788, 0.158061, 1.93832, -0.178573, 0.6
2.25727,-0.0180457, 2.19615, -0.0196318, 2.49588, 0.159632, 2.63281, -0.190491, 2.15573, 0.15649, 2.02082, -0.186608, 2.48726, 0.159971, 2.56606, -0.186029, 2.08359, 0.156906, 2.01211, -0.185715, 0.7
2.42492,-0.00256609, 2.26319, -0.0126613, 2.78271, 0.163344, 2.60727, -0.185257, 2.16488, 0.157736, 2.30163, -0.176695, 2.58144, 0.154336, 2.63281, -0.190491, 2.15573, 0.15649, 2.10917, -0.193151, 0.1
2.54345,-0.0196776, 2.51123, -0.0403501, 2.79066, 0.162254, 2.91286, -0.183584, 2.45167, 0.160954, 2.30221, -0.174142, 2.78271, 0.163344, 2.89458, -0.186925, 2.44713, 0.156068, 2.30163, -0.176695, 0.9
2.67861,-0.0173942, 2.57709, -0.0215917, 3.06906, 0.155171, 2.9195, -0.183475, 2.45801, 0.161298, 2.57825, -0.18398, 2.89919, 0.165263, 2.91286, -0.183584, 2.45167, 0.160954, 2.41269, -0.170654, 0.2
2.82129,-0.0129678, 2.78974, -0.0557222, 3.07886, 0.156276, 3.20223, -0.181968, 2.73145, 0.163493, 2.58867, -0.183363, 3.06906, 0.155171, 3.20031, -0.200124, 2.73512, 0.144648, 2.57825, -0.18398, 0.9
2.96676,-0.0168775, 2.89521, -0.0195186, 3.35245, 0.156051, 3.21014, -0.18232, 2.73962, 0.163317, 2.8677, -0.186422, 3.24546, 0.196042, 3.20223, -0.181968, 2.73145, 0.163493, 2.75447, -0.14282, 0.5
3.10584,-0.0120984, 3.03157, -0.0414548, 3.36401, 0.157595, 3.49556, -0.181941, 3.02059, 0.16412, 2.87899, -0.184889, 3.35245, 0.156051, 3.40832, -0.168115, 2.93859, 0.177522, 2.8677, -0.186422, 0.5
3.24974,-0.0180286, 3.19206, -0.00524177, 3.63894, 0.155386, 3.50214, -0.181675, 3.02837, 0.163744, 3.15652, -0.188223, 3.56976, 0.203946, 3.49556, -0.181941, 3.02059, 0.16412, 3.08205, -0.137789, 0.6
3.40652,-0.0175093, 3.34174, -0.0452939, 3.63071, 0.153078, 3.7871, -0.186544, 3.31076, 0.159296, 3.1704, -0.18732, 3.63894, 0.155386, 3.73888, -0.168791, 3.26589, 0.176629, 3.15652, -0.188223, 0.7
3.55353,-0.00185758, 3.51577, -0.0102722, 3.91944, 0.161712, 3.79458, -0.184995, 3.28764, 0.147165, 3.45995, -0.181051, 3.88509, 0.204988, 3.7871, -0.186544, 3.31076, 0.159296, 3.4249, -0.140079, 0.9
3.6901,-0.016405, 3.65986, -0.0308028, 3.92732, 0.161061, 4.0876, -0.186013, 3.59322, 0.152734, 3.46735, -0.181973, 3.91944, 0.161712, 4.07369, -0.143419, 3.57188, 0.188741, 3.45995, -0.181051, 0.9
3.84048,-0.014406, 3.80549, 0.00783169, 4.22453, 0.154627, 4.09599, -0.186058, 3.60149, 0.152873, 3.75423, -0.190674, 4.19227, 0.186264, 4.0876, -0.186013, 3.59322, 0.152734, 3.73485, -0.161717, 0.9
3.98537,-0.0142517, 3.89228, -0.0100419, 4.23277, 0.154625, 4.38214, -0.186781, 3.89544, 0.156118, 3.76246, -0.190629, 4.22453, 0.154627, 4.23956, -0.174105, 3.74984, 0.164825, 3.75423, -0.190674, 0.4
4.13189,-0.0230329, 4.04226, 0.0114353, 4.5216, 0.149118, 4.39065, -0.187344, 3.90441, 0.155743, 4.04835, -0.196297, 4.41012, 0.165591, 4.38214, -0.186781, 3.89544, 0.156118, 3.94175, -0.182666, 0.4
4.27682,-0.0125483, 4.20533, -0.0316735, 4.5289, 0.149813, 4.67392, -0.188296, 4.19077, 0.156439, 4.0564, -0.195711, 4.5216, 0.149118, 4.57955, -0.216555, 4.09336, 0.126531, 4.04835, -0.196297, 0.6
4.42648,-0.0200475, 4.35819, 0.0124276, 4.81211, 0.154516, 4.6817, -0.188678, 4.19846, 0.155753, 4.33642, -0.190511, 4.73847, 0.170714, 4.67392, -0.188296, 4.19077, 0.156439, 4.26737, -0.177695, 0.6
4.5781,-0.0149067, 4.5345, -0.031467, 4.82481, 0.15489, 4.97446, -0.191436, 4.49312, 0.154651, 4.35106, -0.191512, 4.81211, 0.154516, 4.92884, -0.208073, 4.44535, 0.136359, 4.33642, -0.190511, 0.9
4.72548,-0.0138553, 4.66767, 0.0061271, 5.11768, 0.158889, 4.94701, -0.165855, 4.5013, 0.155157, 4.63997, -0.188657, 5.04396, 0.17354, 4.97446, -0.191436, 4.49312, 0.154651, 4.57157, -0.174691, 0.7
4.87826,-0.0242607, 4.82254, -0.0233442, 5.11332, 0.137449, 5.25799, -0.18107, 4.7923, 0.151869, 4.61591, -0.175006, 5.11768, 0.158889, 5.19409, -0.166816, 4.74456, 0.154196, 4.63997, -0.188657, 0.9
5.04476,-0.00707762, 4.98345, -0.00112342, 5.41085, 0.154156, 5.20556, -0.180246, 4.80008, 0.152201, 4.92191, -0.181533, 5.37507, 0.165808, 5.25799, -0.18107, 4.7923, 0.151869, 4.87412, -0.14265, 0.9
5.16916,-0.0255206, 5.14574, -0.0297677, 5.40717, 0.153769, 5.53981, -0.185494, 5.08949, 0.157086, 4.92908, -0.182751, 5.41085, 0.154156, 5.48615, -0.13831, 5.07897, 0.194137, 4.92191, -0.181533, 0.9
5.35028,-0.00680246, 5.30284, -0.00327405, 5.70246, 0.160223, 5.5428, -0.183458, 5.09636, 0.158261, 5.22458, -0.183782, 5.67571, 0.188442, 5.53981, -0.185494, 5.08949, 0.157086, 5.19643, -0.147704, 0.9
5.48961,-0.0265624, 5.46814, -0.0250642, 5.70704, 0.158762, 5.85501, -0.19349, 5.39764, 0.156187, 5.2303, -0.185018, 5.70246, 0.160223, 5.80696, -0.163243, 5.36087, 0.178475, 5.22458, -0.183782, 0.9
5.66227,-0.00887865, 5.63535, 0.00108858, 6.01764, 0.15759, 5.85885, -0.19204, 5.40325, 0.157348, 5.54612, -0.188389, 5.98624, 0.186909, 5.85501, -0.19349, 5.39764, 0.156187, 5.5093, -0.157443, 0.9