0.0164631,-0.0331159, 0.0752707, -0.0194364, 0.360723, 0.149171, 0.21143, -0.17459, -0.26437, 0.165902, -0.116154, -0.191741, 0.211585, 0.169624, 0.399919, -0.183008, -0.0783645, 0.157399, -0.261495, -0.170246, 0.9
0.121234,-0.0303854, 0.115953, -0.00275738, 0.346344, 0.133107, 0.421336, -0.191304, -0.0555481, 0.151808, -0.110932, -0.192663, 0.360723, 0.149171, 0.421004, -0.165543, -0.0593105, 0.174949, -0.116154, -0.191741, 0.9
0.257221,5.42739e-05, 0.228901, -0.00100268, 0.549731, 0.156686, 0.413407, -0.179796, -0.0478899, 0.153495, 0.0782238, -0.177644, 0.546785, 0.163043, 0.421336, -0.191304, -0.0555481, 0.151808, 0.0760588, -0.171931, 0.9
0.338844,-0.0212546, 0.339134, 0.00843867, 0.554127, 0.155638, 0.630925, -0.187282, 0.159328, 0.151862, 0.0822095, -0.178485, 0.549731, 0.156686, 0.63084, -0.158482, 0.160998, 0.174809, 0.0782238, -0.177644, 0.9
0.436988,-0.0223363, 0.446519, 0.0140832, 0.749572, 0.150561, 0.637562, -0.190853, 0.167225, 0.149753, 0.272808, -0.187891, 0.75426, 0.181208, 0.630925, -0.187282, 0.159328, 0.151862, 0.277774, -0.157641, 0.9
0.55893,-0.0423302, 0.542373, -0.014289, 0.753584, 0.150861, 0.850587, -0.206325, 0.373101, 0.135853, 0.276269, -0.18746, 0.749572, 0.150561, 0.84523, -0.18205, 0.370146, 0.158555, 0.272808, -0.187891, 0.9
0.650558,-0.0124225, 0.638263, -0.0129676, 0.942274, 0.157637, 0.856036, -0.204715, 0.372023, 0.133633, 0.463993, -0.184468, 0.938084, 0.1594, 0.850587, -0.206325, 0.373101, 0.135853, 0.458086, -0.17952, 0.8
0.688156,-0.0230722, 0.684173, -0.0163282, 0.944327, 0.157165, 0.932801, -0.199292, 0.449478, 0.138364, 0.453553, -0.175504, 0.942274, 0.157637, 0.928237, -0.193086, 0.44631, 0.145262, 0.463993, -0.184468, 0.3
0.788087,0.00608247, 0.80025, -0.0478328, 1.11103, 0.168944, 0.939473, -0.198007, 0.455324, 0.140114, 0.638997, -0.164078, 0.944327, 0.157165, 1.12426, -0.21029, 0.641594, 0.127366, 0.453553, -0.175504, 0.9
0.877646,-0.0135205, 0.867212, 0.00709531, 1.11755, 0.167372, 1.16483, -0.189136, 0.68685, 0.15262, 0.642456, -0.16483, 1.11103, 0.168944, 1.15947, -0.1738, 0.67879, 0.164321, 0.638997, -0.164078, 0.9
0.953639,-0.00632174, 0.950135, 0.0110023, 1.21906, 0.16791, 1.1711, -0.188834, 0.684441, 0.15367, 0.742691, -0.168573, 1.23099, 0.186958, 1.16483, -0.189136, 0.68685, 0.15262, 0.751527, -0.148085, 0.5
1.05118,-0.0362976, 1.04487, -0.0359504, 1.22605, 0.166263, 1.36416, -0.20177, 0.88709, 0.137596, 0.746688, -0.169729, 1.21906, 0.16791, 1.37273, -0.194162, 0.891763, 0.148343, 0.742691, -0.168573, 0.9
1.12189,-0.0143448, 1.09969, -0.0164086, 1.39914, 0.158024, 1.36943, -0.200467, 0.865111, 0.149912, 0.921933, -0.181728, 1.4012, 0.163938, 1.36416, -0.20177, 0.88709, 0.137596, 0.921427, -0.173286, 0.7
1.18492,0.00195405, 1.20709, -0.056995, 1.40492, 0.159533, 1.51581, -0.183232, 1.02334, 0.1633, 0.907954, -0.179221, 1.39914, 0.158024, 1.54548, -0.228088, 1.05163, 0.12229, 0.921933, -0.181728, 0.8
1.26904,-0.00322277, 1.22603, 0.00944341, 1.54467, 0.166673, 1.51471, -0.182722, 1.02756, 0.162876, 1.05879, -0.175644, 1.54634, 0.169512, 1.51581, -0.183232, 1.02334, 0.1633, 1.0636, -0.172822, 0.6
1.38191,-0.0379905, 1.35734, -0.0407866, 1.52936, 0.163943, 1.69831, -0.197144, 1.22149, 0.143637, 1.06593, -0.176656, 1.54467, 0.166673, 1.71953, -0.200117, 1.23493, 0.145482, 1.05879, -0.175644, 0.9
1.432,-0.0240341, 1.39981, -0.0285069, 1.68886, 0.161827, 1.70203, -0.19658, 1.20575, 0.154033, 1.22165, -0.189001, 1.69353, 0.158181, 1.69831, -0.197144, 1.22149, 0.143637, 1.22194, -0.182231, 0.6
1.54232,-0.0491612, 1.50071, 0.0157384, 1.69613, 0.160843, 1.86099, -0.210848, 1.36985, 0.135417, 1.21505, -0.186501, 1.85738, 0.177165, 1.70203, -0.19658, 1.20575, 0.154033, 1.38989, -0.16987, 0.8
1.59119,-0.037439, 1.55239, -0.0352702, 1.85515, 0.146493, 1.85569, -0.217647, 1.37358, 0.13527, 1.3755, -0.197274, 1.85483, 0.145368, 1.86099, -0.210848, 1.36985, 0.135417, 1.37836, -0.199366, 0.6
1.68832,-0.0627298, 1.67596, -0.0775073, 1.83685, 0.14464, 1.99232, -0.227961, 1.51689, 0.117106, 1.38385, -0.197927, 1.85515, 0.146493, 2.01955, -0.239833, 1.53832, 0.113084, 1.3755, -0.197274, 0.7
1.74583,-0.0458653, 1.706, -0.0479372, 2.00783, 0.130708, 1.99654, -0.227135, 1.51112, 0.123091, 1.53811, -0.210353, 2.00167, 0.140617, 1.99232, -0.227961, 1.51689, 0.117106, 1.53525, -0.201427, 0.6
1.839,-0.071238, 1.82419, -0.0792731, 2.01563, 0.129608, 2.14568, -0.240322, 1.65868, 0.107504, 1.5324, -0.202615, 2.00783, 0.130708, 2.15712, -0.249453, 1.67594, 0.100773, 1.53811, -0.210353, 0.7
1.90736,-0.0546456, 1.85666, -0.051141, 2.16115, 0.130792, 2.14126, -0.244589, 1.66288, 0.108061, 1.68816, -0.213508, 2.16675, 0.123297, 2.14568, -0.240322, 1.65868, 0.107504, 1.68844, -0.214111, 0.6
1.99044,-0.0842167, 1.98421, -0.0956076, 2.14977, 0.126197, 2.28698, -0.25132, 1.81383, 0.0928391, 1.69367, -0.215046, 2.16115, 0.130792, 2.31604, -0.260678, 1.8395, 0.0919722, 1.68816, -0.213508, 0.7
2.04734,-0.0579145, 2.01378, -0.0636786, 2.30481, 0.125571, 2.29134, -0.250036, 1.7837, 0.113078, 1.84072, -0.224429, 2.3115, 0.124457, 2.28698, -0.25132, 1.81383, 0.0928391, 1.84245, -0.21599, 0.6
2.06744,-0.0645595, 2.05633, -0.0936973, 2.30703, 0.125573, 2.31333, -0.243327, 1.82242, 0.106833, 1.8363, -0.219525, 2.30481, 0.125571, 2.32454, -0.278055, 1.83229, 0.0850589, 1.84072, -0.224429, 0.1
2.08416,-0.0510665, 2.04805, -0.0501467, 2.32555, 0.121666, 2.31302, -0.243051, 1.82139, 0.105919, 1.85038, -0.220771, 2.33109, 0.117826, 2.31333, -0.243327, 1.82242, 0.106833, 1.85618, -0.222941, 0.1
2.15046,-0.0801726, 2.13089, -0.0962489, 2.33622, 0.12505, 2.44238, -0.251778, 1.9546, 0.0960251, 1.8523, -0.219116, 2.32555, 0.121666, 2.45869, -0.263945, 1.9746, 0.0850245, 1.85038, -0.220771, 0.6
2.20308,-0.0618125, 2.15377, -0.0593005, 2.46524, 0.117924, 2.43935, -0.25515, 1.95825, 0.0963993, 1.98141, -0.225145, 2.46339, 0.12024, 2.44238, -0.251778, 1.9546, 0.0960251, 1.98344, -0.22062, 0.5
2.30141,-0.0974213, 2.2892, -0.110662, 2.4525, 0.122918, 2.59986, -0.261553, 2.12077, 0.0850211, 1.98749, -0.226561, 2.46524, 0.117924, 2.63512, -0.272473, 2.15612, 0.079077, 1.98141, -0.225145, 0.8
2.36504,-0.0775677, 2.33303, -0.0735758, 2.63012, 0.113718, 2.61122, -0.263186, 2.12482, 0.0864496, 2.15754, -0.235131, 2.63738, 0.118422, 2.59986, -0.261553, 2.12077, 0.0850211, 2.1644, -0.22534, 0.7
2.46184,-0.10453, 2.45272, -0.116959, 2.6377, 0.112657, 2.76314, -0.272489, 2.27739, 0.0737414, 2.16182, -0.235301, 2.63012, 0.113718, 2.78144, -0.286019, 2.29938, 0.0636168, 2.15754, -0.235131, 0.7
2.52064,-0.0861854, 2.4695, -0.0829299, 2.76361, 0.103393, 2.76137, -0.278965, 2.28111, 0.0739515, 2.29362, -0.246344, 2.77084, 0.0971942, 2.76314, -0.272489, 2.27739, 0.0737414, 2.29494, -0.246219, 0.5
2.61123,-0.117642, 2.58324, -0.0329563, 2.75652, 0.101177, 2.92049, -0.285756, 2.44157, 0.061361, 2.29921, -0.247775, 2.94331, 0.137292, 2.76137, -0.278965, 2.28111, 0.0739515, 2.45636, -0.206151, 0.8
2.67445,-0.0971755, 2.63329, -0.100507, 2.92478, 0.0922506, 2.92807, -0.285437, 2.44979, 0.0629408, 2.44813, -0.25376, 2.92452, 0.0918829, 2.92049, -0.285756, 2.44157, 0.061361, 2.45591, -0.252998, 0.6
2.75743,-0.125058, 2.75522, -0.137146, 2.93177, 0.0908169, 3.05645, -0.296312, 2.57109, 0.0513955, 2.45297, -0.255176, 2.92478, 0.0922506, 3.07486, -0.308376, 2.59604, 0.0400014, 2.44813, -0.25376, 0.6
2.82826,-0.107184, 2.77697, -0.101662, 3.07436, 0.0840004, 3.05974, -0.302063, 2.57589, 0.0519008, 2.6071, -0.26601, 3.08647, 0.0765123, 3.05645, -0.296312, 2.57109, 0.0513955, 2.60975, -0.2671, 0.6
2.91807,-0.137918, 2.91956, -0.156185, 3.08127, 0.0824233, 3.22637, -0.307654, 2.75039, 0.0375983, 2.61292, -0.267782, 3.07436, 0.0840004, 3.25788, -0.321545, 2.77695, 0.0324191, 2.6071, -0.26601, 0.8
2.97728,-0.119564, 2.94215, -0.116418, 3.23562, 0.070735, 3.23081, -0.30677, 2.74933, 0.0397295, 2.76789, -0.282378, 3.24297, 0.0730031, 3.22637, -0.307654, 2.75039, 0.0375983, 2.76858, -0.271135, 0.6
3.07815,-0.152136, 3.06846, -0.162033, 3.24197, 0.0706281, 3.37957, -0.324979, 2.89589, 0.0272033, 2.76217, -0.275908, 3.23562, 0.070735, 3.39941, -0.329272, 2.91959, 0.0172277, 2.76789, -0.282378, 0.7
3.13279,-0.135598, 3.0953, -0.129358, 3.38539, 0.0568053, 3.38306, -0.325821, 2.90031, 0.0269842, 2.91895, -0.29052, 3.39978, 0.0532204, 3.37957, -0.324979, 2.89589, 0.0272033, 2.92218, -0.289675, 0.6
3.21643,-0.161484, 3.20686, -0.179328, 3.39032, 0.0556468, 3.50453, -0.329886, 3.02761, 0.0156639, 2.92351, -0.291786, 3.38539, 0.0568053, 3.53434, -0.344431, 3.05444, 0.00837475, 2.91895, -0.29052, 0.6
3.27693,-0.132728, 3.24189, -0.135945, 3.53913, 0.0449433, 3.50931, -0.328809, 3.01554, 0.0259624, 3.06689, -0.300393, 3.54577, 0.0536332, 3.50453, -0.329886, 3.02761, 0.0156639, 3.07147, -0.289169, 0.6
3.29448,-0.139713, 3.2827, -0.160568, 3.54757, 0.0456247, 3.53136, -0.320677, 3.05084, 0.0263225, 3.06386, -0.295873, 3.53913, 0.0449433, 3.54712, -0.343627, 3.06242, 0.0111443, 3.06689, -0.300393, 0.1
3.3143,-0.126764, 3.29785, -0.167356, 3.56459, 0.0460463, 3.53273, -0.320041, 3.05112, 0.0269316, 3.08377, -0.295369, 3.54757, 0.0456247, 3.57142, -0.338593, 3.09213, 0.00840647, 3.06386, -0.295873, 0.1
3.38957,-0.158702, 3.36976, -0.169681, 3.57141, 0.0453854, 3.67156, -0.333348, 3.2028, 0.0177613, 3.08245, -0.298887, 3.56459, 0.0460463, 3.70441, -0.33719, 3.22496, 0.00978248, 3.08377, -0.295369, 0.7
3.44176,-0.141164, 3.38942, -0.134993, 3.69846, 0.040932, 3.675, -0.332751, 3.2064, 0.0187191, 3.216, -0.305193, 3.69606, 0.043522, 3.67156, -0.333348, 3.2028, 0.0177613, 3.21506, -0.297486, 0.5
3.5258,-0.172323, 3.51779, -0.184309, 3.68612, 0.0406519, 3.82106, -0.339824, 3.35113, 0.00459202, 3.22172, -0.306855, 3.69846, 0.040932, 3.85321, -0.347284, 3.38071, 0.00418617, 3.216, -0.305193, 0.7
3.59788,-0.146598, 3.55596, -0.146002, 3.86824, 0.0356446, 3.82668, -0.338525, 3.35211, 0.00716319, 3.39825, -0.313632, 3.86635, 0.041546, 3.82106, -0.339824, 3.35113, 0.00459202, 3.39364, -0.301644, 0.7
3.69084,-0.177074, 3.67874, -0.179142, 3.87512, 0.0346523, 3.98422, -0.345173, 3.50607, -0.00167818, 3.39773, -0.312804, 3.86824, 0.0356446, 4.0022, -0.350685, 3.52639, -0.00499667, 3.39825, -0.313632, 0.7
3.75206,-0.158203, 3.70079, -0.15013, 4.00032, 0.0290753, 3.98103, -0.353939, 3.51022, -0.00263034, 3.52799, -0.320553, 4.00238, 0.0257852, 3.98422, -0.345173, 3.50607, -0.00167818, 3.52649, -0.317748, 0.5
3.83575,-0.190271, 3.83153, -0.201261, 4.00546, 0.0279192, 4.12311, -0.356505, 3.6482, -0.0104854, 3.53262, -0.321854, 4.00032, 0.0290753, 4.16026, -0.368017, 3.68573, -0.0167084, 3.52799, -0.320553, 0.7
3.89905,-0.166136, 3.85983, -0.165033, 4.1634, 0.014901, 4.13456, -0.357429, 3.65983, -0.0134201, 3.68905, -0.330685, 4.16082, 0.0243103, 4.12311, -0.356505, 3.6482, -0.0104854, 3.6846, -0.319628, 0.6
3.99556,-0.200835, 3.98091, -0.200696, 4.17078, 0.0134582, 4.29061, -0.367606, 3.81026, -0.0234158, 3.69122, -0.331342, 4.1634, 0.014901, 4.30629, -0.371196, 3.83052, -0.0271877, 3.68905, -0.330685, 0.7
4.04706,-0.183095, 4.00259, -0.177409, 4.30457, 0.00231317, 4.28819, -0.374797, 3.81398, -0.0234237, 3.82391, -0.342974, 4.3006, 0.000777632, 4.29061, -0.367606, 3.81026, -0.0234158, 3.82363, -0.341466, 0.5
4.14755,-0.218412, 4.10912, -0.127118, 4.29283, 0.00350793, 4.4525, -0.383092, 3.97906, -0.0377092, 3.82995, -0.344489, 4.48012, 0.0381809, 4.28819, -0.374797, 3.81398, -0.0234237, 3.986, -0.301543, 0.8
4.21043,-0.196362, 4.17567, -0.195526, 4.4806, -0.0112651, 4.45784, -0.382437, 3.96438, -0.0245965, 4.00867, -0.359011, 4.47766, -0.00297802, 4.4525, -0.383092, 3.97906, -0.0377092, 4.00749, -0.348249, 0.7
4.30702,-0.222488, 4.29173, -0.237049, 4.48775, -0.0121874, 4.60776, -0.390981, 4.1183, -0.0400669, 3.99981, -0.350104, 4.4806, -0.0112651, 4.62267, -0.412104, 4.13626, -0.0542639, 4.00867, -0.359011, 0.7
4.36188,-0.203082, 4.3166, -0.203274, 4.607, -0.0170964, 4.60357, -0.396057, 4.12268, -0.0395244, 4.13477, -0.362053, 4.61623, -0.0256911, 4.60776, -0.390981, 4.1183, -0.0400669, 4.1353, -0.365091, 0.5
4.45661,-0.235294, 4.45184, -0.251475, 4.61335, -0.0186774, 4.76544, -0.402945, 4.28619, -0.0542312, 4.1405, -0.36377, 4.607, -0.0170964, 4.79728, -0.418481, 4.3178, -0.0619478, 4.13477, -0.362053, 0.8
4.51591,-0.21397, 4.48914, -0.213093, 4.78561, -0.0247598, 4.77024, -0.401989, 4.2562, -0.032191, 4.31563, -0.377605, 4.79624, -0.0240538, 4.76544, -0.402945, 4.28619, -0.0542312, 4.31993, -0.366098, 0.7
4.62428,-0.235723, 4.62167, -0.264095, 4.79355, -0.0244456, 4.95463, -0.411637, 4.45902, -0.0542845, 4.31358, -0.371015, 4.78561, -0.0247598, 4.97385, -0.445093, 4.47693, -0.0752946, 4.31563, -0.377605, 0.9
4.73666,-0.20997, 4.67639, -0.204688, 4.99841, -0.0224287, 4.94661, -0.413678, 4.46519, -0.0532591, 4.53978, -0.375118, 5.0161, -0.0285662, 4.95463, -0.411637, 4.45902, -0.0542845, 4.53851, -0.372454, 0.9
4.80066,-0.237876, 4.79137, -0.248105, 5.00032, -0.0232554, 5.07097, -0.41262, 4.59083, -0.0627345, 4.54363, -0.376552, 4.99841, -0.0224287, 5.09011, -0.424761, 4.6112, -0.0643421, 4.53978, -0.375118, 0.5
4.83613,-0.216325, 4.80357, -0.211498, 5.08033, -0.0380835, 5.06607, -0.415539, 4.57578, -0.0650448, 4.61202, -0.382238, 5.08557, -0.0223057, 5.07097, -0.41262, 4.59083, -0.0627345, 4.61545, -0.36762, 0.3
4.8473,-0.230974, 4.84071, -0.251367, 5.07471, -0.0351115, 5.08649, -0.40753, 4.60302, -0.0633143, 4.61022, -0.382786, 5.08033, -0.0380835, 5.10306, -0.424991, 4.61983, -0.0744969, 4.61202, -0.382238, 0.1
4.94218,-0.191643, 4.91332, -0.18431, 5.24239, -0.0281264, 5.09408, -0.409185, 4.60492, -0.0672032, 4.76949, -0.373374, 5.24983, -0.0114439, 5.08649, -0.40753, 4.60302, -0.0633143, 4.77475, -0.355095, 0.8
4.96523,-0.185884, 4.97144, -0.212025, 5.24826, -0.0173038, 5.2239, -0.379122, 4.73975, -0.0390471, 4.77233, -0.371778, 5.24239, -0.0281264, 5.24036, -0.393647, 4.75595, -0.0516645, 4.76949, -0.373374, 0.5
5.08829,-0.164018, 5.07511, -0.211595, 5.41775, 0.0034987, 5.20587, -0.371705, 4.74847, -0.0377596, 4.9425, -0.347491, 5.24826, -0.0173038, 5.42235, -0.385506, 4.9379, -0.045431, 4.77233, -0.371778, 0.9
5.18498,-0.174556, 5.16909, -0.153585, 5.38402, -0.00146115, 5.43078, -0.350075, 4.97537, -0.0184403, 4.95, -0.290354, 5.41775, 0.0034987, 5.45342, -0.337226, 4.98666, -0.0032801, 4.9425, -0.347491, 0.9
5.27867,-0.125223, 5.26907, -0.124234, 5.55102, 0.0240773, 5.43477, -0.348103, 4.97829, -0.0162883, 5.09288, -0.297526, 5.54376, 0.0385927, 5.43078, -0.350075, 4.97537, -0.0184403, 5.08735, -0.28384, 0.7
5.29744,-0.117636, 5.31982, -0.115303, 5.55221, 0.0260686, 5.57114, -0.318932, 5.07417, 0.025804, 5.09549, -0.29234, 5.55102, 0.0240773, 5.54756, -0.316538, 5.08562, 0.0152767, 5.09288, -0.297526, 0.4
5.40199,-0.104214, 5.42069, -0.0893363, 5.68414, 0.056143, 5.5734, -0.315555, 5.08008, 0.0264582, 5.22576, -0.282097, 5.70384, 0.0628639, 5.57114, -0.318932, 5.07417, 0.025804, 5.23286, -0.268468, 0.7
5.45715,-0.124909, 5.4649, -0.10525, 5.68276, 0.0557168, 5.71787, -0.307503, 5.23443, 0.0356145, 5.22858, -0.282504, 5.68414, 0.056143, 5.71269, -0.298602, 5.22921, 0.0434116, 5.22576, -0.282097, 0.6
5.55874,-0.0898793, 5.58265, -0.0832867, 5.85057, 0.0686939, 5.7092, -0.303547, 5.23905, 0.037109, 5.38631, -0.271637, 5.85639, 0.0784792, 5.71787, -0.307503, 5.23443, 0.0356145, 5.39047, -0.262858, 0.8
5.59311,-0.0913174, 5.62869, -0.0746629, 5.85172, 0.068777, 5.85869, -0.278213, 5.3843, 0.0636678, 5.38523, -0.27411, 5.85057, 0.0686939, 5.85499, -0.27768, 5.38442, 0.0629756, 5.38631, -0.271637, 0.6
5.70135,-0.0727559, 5.73849, -0.0569374, 6.01272, 0.0886634, 5.86489, -0.276408, 5.36342, 0.0605114, 5.53537, -0.255147, 6.01772, 0.101915, 5.85869, -0.278213, 5.3843, 0.0636678, 5.54139, -0.239127, 0.8
5.75647,-0.0835182, 5.77144, -0.0756057, 5.99871, 0.0933596, 6.03516, -0.266285, 5.54676, 0.0739491, 5.53701, -0.255385, 6.01272, 0.0886634, 6.01934, -0.253772, 5.53226, 0.0831477, 5.53537, -0.255147, 0.7
5.78538,-0.0851538, 5.82342, -0.0763374, 6.01862, 0.0868958, 6.03044, -0.269172, 5.54839, 0.0735174, 5.54751, -0.257578, 6.02369, 0.0918661, 6.03516, -0.266285, 5.54676, 0.0739491, 5.55474, -0.251582, 0.1
5.86432,-0.118186, 5.89927, -0.0545307, 6.0215, 0.0854009, 6.16149, -0.27898, 5.68201, 0.0629607, 5.5458, -0.250547, 6.16243, 0.10477, 6.03044, -0.269172, 5.54839, 0.0735174, 5.69034, -0.24121, 0.7
5.91181,-0.115394, 5.94986, -0.107963, 6.17383, 0.0673366, 6.16626, -0.282013, 5.68699, 0.060258, 5.66823, -0.274829, 6.17043, 0.0712501, 6.16149, -0.27898, 5.68201, 0.0629607, 5.69857, -0.269166, 0.6
6.02738,-0.146411, 6.05258, -0.125527, 6.18095, 0.0658823, 6.33693, -0.308637, 5.86345, 0.0394009, 5.67141, -0.276162, 6.17383, 0.0673366, 6.3413, -0.299436, 5.8589, 0.0428355, 5.66823, -0.274829, 0.9
6.07078,-0.14683, 6.10872, -0.131375, 6.3498, 0.0445197, 6.33267, -0.310165, 5.86558, 0.0386763, 5.85862, -0.298451, 6.34843, 0.0502359, 6.33693, -0.308637, 5.86345, 0.0394009, 5.8612, -0.296422, 0.7
6.16835,-0.159747, 6.19311, -0.14901, 6.35045, 0.0332667, 6.46766, -0.321078, 5.99409, 0.0241236, 5.86413, -0.298938, 6.3498, 0.0445197, 6.4691, -0.320657, 5.99696, 0.0281839, 5.85862, -0.298451, 0.7
6.21687,-0.149905, 6.24748, -0.154717, 6.47334, 0.0244085, 6.47075, -0.32145, 5.99217, 0.0273936, 5.96329, -0.308924, 6.47136, 0.0324479, 6.46766, -0.321078, 5.99409, 0.0241236, 5.99459, -0.306469, 0.5
6.32422,-0.180412, 6.34582, -0.16593, 6.47898, 0.0230964, 6.64859, -0.339273, 6.16714, 0.00417353, 5.96766, -0.310246, 6.47334, 0.0244085, 6.64115, -0.338722, 6.16036, 0.0101215, 5.96329, -0.308924, 0.9
6.36957,-0.188963, 6.40745, -0.170278, 6.64771, 0.00201266, 6.63864, -0.350448, 6.1695, 0.00213021, 6.15657, -0.337419, 6.64898, 0.00921752, 6.64859, -0.339273, 6.16714, 0.00417353, 6.16069, -0.332981, 0.7
6.46772,-0.200757, 6.49277, -0.190724, 6.64374, -0.0228626, 6.76885, -0.361727, 6.29496, -0.0148947, 6.16125, -0.337712, 6.64771, 0.00201266, 6.77168, -0.363503, 6.29821, -0.0109247, 6.15657, -0.337419, 0.7
6.5257,-0.188998, 6.55684, -0.197393, 6.78938, -0.0221102, 6.76962, -0.36309, 6.29617, -0.014088, 6.28238, -0.353571, 6.78696, -0.0135311, 6.76885, -0.361727, 6.29496, -0.0148947, 6.31204, -0.34534, 0.6
6.62994,-0.211307, 6.65012, -0.198569, 6.7951, -0.0235529, 6.93405, -0.379081, 6.46805, -0.0306732, 6.28629, -0.355022, 6.78938, -0.0221102, 6.94147, -0.374171, 6.46315, -0.0251697, 6.28238, -0.353571, 0.9
6.69135,-0.199967, 6.71822, -0.196212, 6.96384, -0.0195723, 6.93063, -0.379313, 6.4699, -0.02997, 6.47606, -0.362031, 6.95717, -0.01933, 6.93405, -0.379081, 6.46805, -0.0306732, 6.47251, -0.363998, 0.7
6.79722,-0.231405, 6.81233, -0.206586, 6.95204, -0.0225766, 7.09635, -0.391697, 6.62746, -0.047555, 6.48064, -0.363387, 6.96384, -0.0195723, 7.09432, -0.382204, 6.62543, -0.0328611, 6.47606, -0.362031, 0.8
6.82856,-0.2309, 6.87394, -0.225009, 7.08263, -0.0451895, 7.09745, -0.391908, 6.62446, -0.0361959, 6.60119, -0.388467, 7.08247, -0.0291974, 7.09635, -0.391697, 6.62746, -0.047555, 6.61303, -0.37222, 0.5
6.93448,-0.251974, 6.95569, -0.198633, 7.08806, -0.0462647, 7.24937, -0.40757, 6.76907, -0.0628032, 6.58028, -0.385698, 7.23855, -0.0286417, 7.09745, -0.391908, 6.62446, -0.0361959, 6.77538, -0.376723, 0.8
6.97218,-0.248339, 7.00485, -0.243297, 7.24003, -0.0619523, 7.23651, -0.417606, 6.7704, -0.0654555, 6.74957, -0.403713, 7.2344, -0.0603186, 7.24937, -0.40757, 6.76907, -0.0628032, 6.74892, -0.406541, 0.6
7.07694,-0.268249, 7.1102, -0.206856, 7.24136, -0.0843433, 7.38874, -0.429794, 6.91574, -0.0827797, 6.75438, -0.404278, 7.39891, -0.0343391, 7.23651, -0.417606, 6.7704, -0.0654555, 6.91603, -0.378395, 0.8
7.13159,-0.262416, 7.16024, -0.266631, 7.39238, -0.0903368, 7.39021, -0.430044, 6.91213, -0.0783729, 6.88649, -0.416614, 7.38893, -0.0811248, 7.38874, -0.429794, 6.91574, -0.0827797, 6.91242, -0.415067, 0.6
7.24612,-0.291281, 7.26148, -0.273374, 7.39826, -0.091195, 7.56747, -0.448343, 7.08383, -0.103669, 6.89049, -0.417491, 7.39238, -0.0903368, 7.55921, -0.448188, 7.07926, -0.0965173, 6.88649, -0.416614, 0.9
7.27609,-0.290633, 7.30423, -0.28832, 7.53187, -0.105348, 7.55188, -0.456461, 7.08577, -0.104674, 7.04138, -0.441379, 7.52456, -0.106347, 7.56747, -0.448343, 7.08383, -0.103669, 7.03887, -0.445847, 0.5
7.31028,-0.294067, 7.33553, -0.285757, 7.52203, -0.109041, 7.55566, -0.459555, 7.08262, -0.114469, 7.04282, -0.44155, 7.54833, -0.104563, 7.55188, -0.456461, 7.08577, -0.104674, 7.06741, -0.445977, 0.1
7.32525,-0.281118, 7.36077, -0.289469, 7.56214, -0.110338, 7.55496, -0.45977, 7.08215, -0.11665, 7.08469, -0.447156, 7.56465, -0.104265, 7.55566, -0.459555, 7.08262, -0.114469, 7.09021, -0.443076, 0.2
7.33377,-0.289565, 7.35399, -0.27829, 7.5622, -0.110909, 7.56914, -0.460882, 7.09298, -0.118639, 7.08552, -0.447573, 7.56214, -0.110338, 7.55494, -0.455954, 7.08265, -0.112834, 7.08469, -0.447156, 0.1
7.40459,-0.266811, 7.45391, -0.259835, 7.70282, -0.102334, 7.57303, -0.459706, 7.09558, -0.120585, 7.22494, -0.439217, 7.70266, -0.0889703, 7.56914, -0.460882, 7.09298, -0.118639, 7.22811, -0.429909, 0.7
7.462,-0.279147, 7.47634, -0.250539, 7.70619, -0.102872, 7.72496, -0.454212, 7.24659, -0.112424, 7.22534, -0.443948, 7.70282, -0.102334, 7.69897, -0.435935, 7.22517, -0.096814, 7.22494, -0.439217, 0.6
7.57026,-0.244552, 7.60371, -0.245971, 7.86471, -0.0803674, 7.73188, -0.452567, 7.22935, -0.119034, 7.38893, -0.428407, 7.87122, -0.0762414, 7.72496, -0.454212, 7.24659, -0.112424, 7.38904, -0.41614, 0.8
7.61844,-0.254851, 7.64124, -0.251681, 7.85795, -0.07884, 7.89626, -0.441233, 7.40897, -0.100909, 7.39111, -0.428367, 7.86471, -0.0803674, 7.8832, -0.429459, 7.39448, -0.0959266, 7.38893, -0.428407, 0.7
7.71424,-0.233256, 7.74935, -0.223945, 8.00346, -0.0706221, 7.88432, -0.439876, 7.41291, -0.100121, 7.53124, -0.416065, 8.01001, -0.0592746, 7.89626, -0.441233, 7.40897, -0.100909, 7.5378, -0.404306, 0.7
7.75197,-0.24627, 7.77778, -0.221442, 8.00496, -0.0710754, 8.00963, -0.426062, 7.53463, -0.0847736, 7.52136, -0.427755, 8.00346, -0.0706221, 8.00012, -0.418239, 7.52809, -0.0784845, 7.53124, -0.416065, 0.5
7.86566,-0.214676, 7.89778, -0.210187, 8.18454, -0.0540196, 8.01561, -0.424708, 7.49925, -0.0873118, 7.69881, -0.40379, 8.18889, -0.0491829, 8.00963, -0.426062, 7.53463, -0.0847736, 7.70354, -0.395337, 0.9
7.9037,-0.21169, 7.92795, -0.225329, 8.17281, -0.0474119, 8.18294, -0.403524, 7.68887, -0.0627861, 7.70082, -0.402787, 8.17175, -0.0476563, 8.17057, -0.402306, 7.67416, -0.0659378, 7.69929, -0.403034, 0.7
8.00202,-0.201626, 8.04001, -0.178037, 8.30198, -0.03895, 8.17813, -0.378166, 7.694, -0.0623516, 7.8274, -0.385723, 8.31558, -0.0215709, 8.18294, -0.403524, 7.68887, -0.0627861, 7.83892, -0.367441, 0.7
8.07212,-0.220455, 8.07908, -0.184112, 8.3049, -0.0400675, 8.34616, -0.384953, 7.86744, -0.0541524, 7.82856, -0.379994, 8.30198, -0.03895, 8.32805, -0.353688, 7.84793, -0.037874, 7.8274, -0.385723, 0.7
8.18181,-0.183409, 8.21268, -0.183756, 8.49342, -0.0166215, 8.3523, -0.382981, 7.83545, -0.0531741, 8.01613, -0.364867, 8.49318, -0.0171445, 8.34597, -0.384949, 7.86111, -0.056436, 8.0143, -0.358202, 0.9
8.21879,-0.179781, 8.24288, -0.186493, 8.47801, -0.0126677, 8.49447, -0.366175, 7.99924, -0.0292798, 8.01764, -0.364307, 8.49342, -0.0166215, 8.47958, -0.362858, 7.9831, -0.033051, 8.01613, -0.364867, 0.6
8.31598,-0.163521, 8.35152, -0.145843, 8.61187, -0.0023098, 8.47959, -0.34002, 8.00277, -0.029416, 8.14253, -0.348288, 8.62295, 0.0108637, 8.49447, -0.366175, 7.99924, -0.0292798, 8.15245, -0.334331, 0.7
8.3766,-0.177967, 8.39323, -0.139346, 8.61395, -0.00292672, 8.65074, -0.344747, 8.17368, -0.0154422, 8.1424, -0.351841, 8.61187, -0.0023098, 8.63472, -0.309544, 8.15852, 0.00106058, 8.14253, -0.348288, 0.7
8.49215,-0.148076, 8.51687, -0.143383, 8.80275, 0.00970866, 8.65633, -0.343513, 8.15537, -0.0165378, 8.3245, -0.334712, 8.80183, 0.0189838, 8.65074, -0.344747, 8.17368, -0.0154422, 8.32459, -0.324905, 0.9
8.53551,-0.1518, 8.55467, -0.14447, 8.79024, 0.0196866, 8.80469, -0.334049, 8.31579, 0.00194748, 8.32776, -0.332997, 8.80518, 0.0138434, 8.78784, -0.31773, 8.29978, 0.0092404, 8.32586, -0.333228, 0.6
8.63189,-0.130402, 8.66352, -0.11675, 8.92579, 0.0303033, 8.79112, -0.309603, 8.31991, 0.00251957, 8.45547, -0.314925, 8.93407, 0.0416287, 8.80469, -0.334049, 8.31579, 0.00194748, 8.46322, -0.303451, 0.7
8.67837,-0.141089, 8.69785, -0.104895, 8.92744, 0.0297094, 8.9425, -0.31054, 8.4632, 0.020644, 8.45529, -0.322069, 8.92579, 0.0303033, 8.92714, -0.276893, 8.45395, 0.0352304, 8.45547, -0.314925, 0.6
8.79061,-0.114149, 8.82314, -0.106123, 9.11037, 0.0486659, 8.94871, -0.309356, 8.4416, 0.0217327, 8.63007, -0.299532, 9.11203, 0.0538009, 8.9425, -0.31054, 8.4632, 0.020644, 8.63279, -0.291022, 0.9
8.85302,-0.119603, 8.8698, -0.115472, 9.09477, 0.0539747, 9.14031, -0.302731, 8.6502, 0.0367552, 8.63285, -0.299447, 9.11037, 0.0486659, 9.12386, -0.286425, 8.63329, 0.0446637, 8.63007, -0.299532, 0.8
8.96955,-0.101147, 9.00422, -0.0825553, 9.28217, 0.0635775, 9.14416, -0.304967, 8.6571, 0.0384692, 8.81375, -0.280334, 9.28896, 0.0777329, 9.14031, -0.302731, 8.6502, 0.0367552, 8.81784, -0.268257, 0.9
9.06836,-0.119259, 9.07975, -0.0919476, 9.28541, 0.0619489, 9.35417, -0.295617, 8.86445, 0.0448373, 8.81627, -0.288229, 9.28217, 0.0635775, 9.34469, -0.288066, 8.86489, 0.0553699, 8.81375, -0.280334, 0.9
9.13431,-0.105675, 9.16812, -0.103066, 9.40221, 0.0650502, 9.35868, -0.295287, 8.86615, 0.0455876, 8.92739, -0.280377, 9.40098, 0.0698124, 9.35417, -0.295617, 8.86445, 0.0448373, 8.92602, -0.274582, 0.5
9.17081,-0.120947, 9.17868, -0.110447, 9.40427, 0.0641381, 9.42411, -0.293887, 8.93958, 0.04789, 8.92867, -0.281048, 9.40221, 0.0650502, 9.40977, -0.288741, 8.92533, 0.0521341, 8.92739, -0.280377, 0.3
9.26702,-0.103224, 9.30087, -0.0804498, 9.58481, 0.0652743, 9.42935, -0.293277, 8.94315, 0.0476067, 9.10609, -0.275437, 9.59234, 0.0879071, 9.42411, -0.293887, 8.93958, 0.04789, 9.11367, -0.255359, 0.9
9.37623,-0.125326, 9.36339, -0.0937007, 9.59052, 0.0643342, 9.65321, -0.295417, 9.1501, 0.0368145, 9.12048, -0.274541, 9.58481, 0.0652743, 9.63482, -0.273424, 9.15388, 0.0674594, 9.10609, -0.275437, 0.9
9.47973,-0.0881297, 9.49776, -0.0874792, 9.79021, 0.0766904, 9.65978, -0.293717, 9.1543, 0.0383912, 9.31389, -0.264574, 9.79113, 0.0842792, 9.65321, -0.295417, 9.1501, 0.0368145, 9.31177, -0.254301, 0.9
9.56449,-0.0983165, 9.56765, -0.103679, 9.79651, 0.0790622, 9.86943, -0.283146, 9.37958, 0.0564042, 9.31722, -0.261022, 9.79021, 0.0766904, 9.8595, -0.274166, 9.3681, 0.0579424, 9.31389, -0.264574, 0.9
