0.0148059,0.0269651, 0.0795808, -0.0290865, 0.208911, 0.172279, 0.356965, -0.154477, -0.120903, 0.188738, -0.265802, -0.17101, 0.2068, 0.170597, 0.400964, -0.193637, -0.0783942, 0.151047, -0.268754, -0.172603, 0.9
0.125238,0.0212705, 0.139286, 0.0276831, 0.431149, 0.189347, 0.358731, -0.151998, -0.115984, 0.189207, -0.0456656, -0.154478, 0.448657, 0.187742, 0.356965, -0.154477, -0.120903, 0.188738, -0.0257142, -0.154824, 0.9
0.265475,-0.0088392, 0.256333, 0.00879249, 0.440153, 0.18754, 0.601966, -0.17061, 0.124672, 0.173246, -0.0337652, -0.15571, 0.431149, 0.189347, 0.604899, -0.160598, 0.131518, 0.180606, -0.0456656, -0.154478, 0.9
0.394989,0.013142, 0.380885, 0.0133152, 0.708689, 0.181022, 0.606702, -0.170182, 0.130978, 0.173331, 0.233149, -0.164863, 0.698676, 0.187062, 0.601966, -0.17061, 0.124672, 0.173246, 0.226019, -0.156898, 0.9
0.525807,-0.0138885, 0.521743, -0.00666345, 0.715817, 0.179025, 0.851967, -0.177644, 0.375281, 0.167432, 0.239336, -0.166524, 0.708689, 0.181022, 0.861613, -0.170426, 0.387414, 0.173087, 0.233149, -0.164863, 0.9
0.615066,0.00698092, 0.606505, -0.0029694, 0.911237, 0.177658, 0.856859, -0.17646, 0.379215, 0.168725, 0.439931, -0.169949, 0.905947, 0.174392, 0.851967, -0.177644, 0.375281, 0.167432, 0.431957, -0.172166, 0.6
0.660733,-0.0124744, 0.645259, 0.00922726, 0.913995, 0.176428, 0.919526, -0.180022, 0.4401, 0.16231, 0.441723, -0.171108, 0.911237, 0.177658, 0.906861, -0.173346, 0.432397, 0.171839, 0.439931, -0.169949, 0.1
0.762525,0.0133379, 0.779061, 0.024044, 1.09374, 0.177827, 0.926342, -0.178518, 0.44556, 0.163584, 0.638536, -0.162439, 1.11168, 0.18859, 0.919526, -0.180022, 0.4401, 0.16231, 0.636293, -0.158997, 0.9
0.860656,-0.00400081, 0.881754, -0.0177301, 1.10111, 0.176799, 1.18826, -0.172136, 0.70826, 0.170851, 0.641633, -0.162806, 1.09374, 0.177827, 1.19857, -0.164565, 0.720133, 0.177538, 0.638536, -0.162439, 0.9
0.938691,0.00267263, 0.934991, -0.00918408, 1.23559, 0.172862, 1.19457, -0.171541, 0.7062, 0.171531, 0.763296, -0.168078, 1.23408, 0.176425, 1.18826, -0.172136, 0.70826, 0.170851, 0.777576, -0.163831, 0.4
0.970742,0.00418685, 0.95707, -0.004144, 1.23383, 0.17387, 1.23503, -0.167992, 0.752252, 0.174435, 0.757463, -0.16528, 1.23559, 0.172862, 1.23858, -0.163579, 0.752154, 0.179493, 0.763296, -0.168078, 0.1
1.07277,0.0240755, 1.05944, 0.024644, 1.3968, 0.185443, 1.23861, -0.165488, 0.755274, 0.175785, 0.928771, -0.151565, 1.40179, 0.193651, 1.23503, -0.167992, 0.752252, 0.174435, 0.921996, -0.145644, 0.8
1.10653,0.0254016, 1.11023, -0.0039517, 1.40025, 0.185481, 1.3849, -0.146169, 0.886463, 0.200478, 0.922843, -0.153841, 1.3968, 0.185443, 1.40914, -0.12671, 0.929073, 0.214563, 0.928771, -0.151565, 0.4
1.19878,0.0168525, 1.20233, -0.00305328, 1.54431, 0.185674, 1.39179, -0.147159, 0.89285, 0.199973, 1.06275, -0.151941, 1.40025, 0.185481, 1.58676, -0.147452, 1.08695, 0.199194, 0.922843, -0.153841, 0.8
1.25738,0.0278372, 1.24006, -0.00996565, 1.54719, 0.190956, 1.55834, -0.143501, 1.07118, 0.202213, 1.07029, -0.150387, 1.54431, 0.185674, 1.58721, -0.109413, 1.09094, 0.237719, 1.06275, -0.151941, 0.5
1.30387,0.0269706, 1.26235, 0.01811, 1.57578, 0.197067, 1.53846, -0.131216, 1.07398, 0.201619, 1.09779, -0.143928, 1.58639, 0.193753, 1.55834, -0.143501, 1.07118, 0.202213, 1.11134, -0.149162, 0.1
1.3236,0.0314758, 1.291, 0.0193975, 1.5772, 0.196463, 1.56917, -0.134994, 1.09685, 0.202269, 1.09793, -0.14453, 1.57578, 0.197067, 1.57941, -0.116515, 1.11373, 0.216321, 1.09779, -0.143928, 0.1
1.39731,0.0476223, 1.3776, 0.00948006, 1.69642, 0.209935, 1.56883, -0.129274, 1.10434, 0.20451, 1.22647, -0.128558, 1.5772, 0.196463, 1.7132, -0.134509, 1.23771, 0.202754, 1.09793, -0.14453, 0.6
1.41916,0.0516336, 1.4154, 0.0255462, 1.69919, 0.21049, 1.67938, -0.118, 1.19866, 0.228123, 1.22707, -0.127162, 1.69642, 0.209935, 1.70163, -0.0949827, 1.23884, 0.238801, 1.22647, -0.128558, 0.3
1.50898,0.0407776, 1.52059, 0.018791, 1.8656, 0.212194, 1.68722, -0.118953, 1.20573, 0.227545, 1.38448, -0.126289, 1.69919, 0.21049, 1.90081, -0.119959, 1.41733, 0.226164, 1.22707, -0.127162, 0.9
1.56496,0.057092, 1.54772, 0.0168171, 1.85473, 0.213383, 1.86321, -0.115289, 1.38306, 0.230032, 1.38827, -0.125464, 1.8656, 0.212194, 1.89184, -0.0778363, 1.41332, 0.268662, 1.38448, -0.126289, 0.5
1.61402,0.0524947, 1.56924, 0.0459716, 1.88662, 0.222098, 1.84672, -0.104499, 1.38628, 0.229553, 1.41301, -0.118317, 1.89226, 0.217613, 1.86321, -0.115289, 1.38306, 0.230032, 1.42745, -0.122686, 0.1
1.63272,0.0573111, 1.59918, 0.0450165, 1.87799, 0.219433, 1.88121, -0.109018, 1.41029, 0.229197, 1.41361, -0.118283, 1.88662, 0.222098, 1.88842, -0.0889974, 1.4268, 0.245054, 1.41301, -0.118317, 0.1
1.65259,0.0570576, 1.62176, 0.0559523, 1.90329, 0.225817, 1.87723, -0.105179, 1.4121, 0.230167, 1.43051, -0.114223, 1.89693, 0.224665, 1.88121, -0.109018, 1.41029, 0.229197, 1.43169, -0.114419, 0.1
1.66227,0.058227, 1.64271, 0.0461907, 1.89951, 0.225814, 1.90493, -0.108482, 1.43182, 0.230111, 1.43138, -0.114069, 1.90329, 0.225817, 1.91612, -0.0903436, 1.45001, 0.245002, 1.43051, -0.114223, 0.1
1.67661,0.0588877, 1.65189, 0.0564799, 1.92396, 0.228867, 1.90743, -0.108307, 1.43451, 0.230589, 1.44985, -0.112318, 1.91899, 0.230717, 1.90493, -0.108482, 1.43182, 0.230111, 1.44994, -0.110466, 0.1
1.68757,0.0570552, 1.66891, 0.047281, 1.92106, 0.228878, 1.93274, -0.110709, 1.45628, 0.229601, 1.45036, -0.112358, 1.92396, 0.228867, 1.94437, -0.0944883, 1.47066, 0.244407, 1.44985, -0.112318, 0.1
1.69989,0.0592293, 1.67645, 0.0560461, 1.9451, 0.228978, 1.93156, -0.110849, 1.45795, 0.229666, 1.46962, -0.112309, 1.94185, 0.232867, 1.93274, -0.110709, 1.45628, 0.229601, 1.47021, -0.109698, 0.1
1.76422,0.0417439, 1.75303, 0.0329967, 1.94787, 0.229165, 2.0591, -0.119952, 1.5886, 0.219716, 1.4749, -0.112942, 1.9451, 0.228978, 2.07912, -0.106533, 1.60259, 0.233983, 1.46962, -0.112309, 0.6
1.8629,0.0658154, 1.84827, 0.0623635, 2.18973, 0.227992, 2.06759, -0.118976, 1.59593, 0.219119, 1.71328, -0.114376, 2.1838, 0.23827, 2.0591, -0.119952, 1.5886, 0.219716, 1.70963, -0.104615, 0.9
1.92028,0.060445, 1.90491, 0.052859, 2.19439, 0.227934, 2.21443, -0.110495, 1.73421, 0.231097, 1.71716, -0.114601, 2.18973, 0.227992, 2.23125, -0.0917128, 1.76296, 0.246383, 1.71328, -0.114376, 0.4
1.96056,0.0576674, 1.92394, 0.0649018, 2.23065, 0.228147, 2.20095, -0.109085, 1.73761, 0.231018, 1.75238, -0.113547, 2.23761, 0.222664, 2.21443, -0.110495, 1.73421, 0.231097, 1.76227, -0.121651, 0.1
1.98419,0.0580419, 1.95159, 0.0537112, 2.23226, 0.227579, 2.23608, -0.110579, 1.76293, 0.230623, 1.75399, -0.114036, 2.23065, 0.228147, 2.23684, -0.0995404, 1.77246, 0.240563, 1.75238, -0.113547, 0.1
2.00421,0.0598833, 1.97381, 0.0603733, 2.25415, 0.230716, 2.23129, -0.109146, 1.76219, 0.230661, 1.77637, -0.110631, 2.25432, 0.229854, 2.23608, -0.110579, 1.76293, 0.230623, 1.77546, -0.113103, 0.1
2.07257,0.0463785, 2.06778, 0.0320101, 2.25913, 0.229966, 2.37974, -0.116724, 1.91308, 0.222089, 1.78094, -0.111468, 2.25415, 0.230716, 2.40244, -0.106407, 1.92986, 0.233399, 1.77637, -0.110631, 0.7
2.12784,0.0500818, 2.11247, 0.0516331, 2.41461, 0.219356, 2.38437, -0.116301, 1.91231, 0.220179, 1.93954, -0.123422, 2.41459, 0.229712, 2.37974, -0.116724, 1.91308, 0.222089, 1.9375, -0.112921, 0.5
2.22208,0.0388205, 2.20401, 0.0369039, 2.42224, 0.2192, 2.54971, -0.126426, 2.06697, 0.213436, 1.93035, -0.122153, 2.41461, 0.219356, 2.57143, -0.116896, 2.09832, 0.219583, 1.93954, -0.123422, 0.7
2.28264,0.0418771, 2.24906, 0.0454605, 2.58319, 0.214037, 2.53648, -0.134257, 2.07149, 0.213517, 2.09959, -0.130346, 2.57979, 0.218473, 2.54971, -0.126426, 2.06697, 0.213436, 2.08895, -0.124144, 0.5
2.31864,0.0408982, 2.28458, 0.0350717, 2.57119, 0.213539, 2.58082, -0.12936, 2.1063, 0.215308, 2.10226, -0.130522, 2.58319, 0.214037, 2.59756, -0.11446, 2.13416, 0.233314, 2.09959, -0.130346, 0.1
2.34548,0.0439398, 2.30678, 0.0346734, 2.60264, 0.214567, 2.57536, -0.127766, 2.10708, 0.215658, 2.12836, -0.128446, 2.58866, 0.220892, 2.58082, -0.12936, 2.1063, 0.215308, 2.11831, -0.124279, 0.1
2.42054,0.0274202, 2.40923, 0.0118175, 2.60434, 0.214005, 2.73059, -0.136032, 2.26259, 0.204988, 2.13295, -0.129332, 2.60264, 0.214567, 2.74856, -0.121946, 2.27686, 0.221479, 2.12836, -0.128446, 0.7
2.52412,0.0479942, 2.50615, 0.0451035, 2.85898, 0.21112, 2.73897, -0.135122, 2.26595, 0.202011, 2.38266, -0.132304, 2.84655, 0.222359, 2.73059, -0.136032, 2.26259, 0.204988, 2.37443, -0.121705, 0.9
2.5861,0.0433976, 2.56924, 0.036297, 2.86366, 0.211038, 2.8873, -0.128116, 2.40637, 0.213469, 2.38664, -0.132543, 2.85898, 0.21112, 2.90002, -0.110416, 2.43042, 0.226717, 2.38266, -0.132304, 0.4
2.63033,0.0391619, 2.59335, 0.0478883, 2.90387, 0.210111, 2.87806, -0.127164, 2.40991, 0.213335, 2.42571, -0.13213, 2.90707, 0.205373, 2.8873, -0.128116, 2.40637, 0.213469, 2.43202, -0.140004, 0.1
2.65698,0.0392934, 2.62318, 0.0362426, 2.9027, 0.208659, 2.91198, -0.129692, 2.43773, 0.211499, 2.42681, -0.133095, 2.90387, 0.210111, 2.91212, -0.119413, 2.44301, 0.221086, 2.42571, -0.13213, 0.1
2.67712,0.0402958, 2.64732, 0.0413606, 2.92783, 0.210947, 2.90691, -0.128186, 2.43674, 0.211732, 2.44995, -0.13029, 2.92498, 0.210875, 2.91198, -0.129692, 2.43773, 0.211499, 2.44846, -0.132277, 0.1
2.68938,0.0385734, 2.66939, 0.029682, 2.92851, 0.210825, 2.93454, -0.129853, 2.45788, 0.210666, 2.45066, -0.130385, 2.92783, 0.210947, 2.94398, -0.114873, 2.47294, 0.225044, 2.44995, -0.13029, 0.1
2.70236,0.0411541, 2.67866, 0.038686, 2.953, 0.211649, 2.9353, -0.129689, 2.45861, 0.210782, 2.47449, -0.130072, 2.94974, 0.214175, 2.93454, -0.129853, 2.45788, 0.210666, 2.47113, -0.128397, 0.1
2.75592,0.0268489, 2.74378, 0.0179403, 2.95665, 0.21099, 3.04531, -0.137053, 2.57364, 0.20245, 2.47489, -0.129372, 2.953, 0.211649, 3.06077, -0.123661, 2.58163, 0.21681, 2.47449, -0.130072, 0.5
2.80106,0.031943, 2.78191, 0.0332548, 3.0793, 0.201511, 3.04985, -0.136908, 2.57634, 0.199963, 2.59452, -0.139557, 3.07711, 0.210809, 3.04531, -0.137053, 2.57364, 0.20245, 2.59579, -0.130888, 0.4
2.89244,0.0199909, 2.87284, 0.0150668, 3.0868, 0.201096, 3.20675, -0.151251, 2.73208, 0.195118, 2.60051, -0.140331, 3.0793, 0.201511, 3.23382, -0.136101, 2.75876, 0.20077, 2.59452, -0.139557, 0.7
2.94871,0.0246792, 2.91652, 0.0253984, 3.2528, 0.196099, 3.20139, -0.153419, 2.73635, 0.195429, 2.77013, -0.147672, 3.24379, 0.201285, 3.20675, -0.151251, 2.73208, 0.195118, 2.75834, -0.14148, 0.5
2.98549,0.0240468, 2.95138, 0.0171033, 3.24271, 0.197323, 3.24759, -0.14726, 2.77461, 0.197221, 2.77266, -0.147817, 3.2528, 0.196099, 3.26316, -0.133183, 2.79977, 0.215665, 2.77013, -0.147672, 0.1
3.01445,0.028258, 2.975, 0.0177688, 3.27222, 0.198133, 3.23856, -0.14354, 2.77503, 0.19892, 2.79735, -0.144915, 3.2597, 0.204798, 3.24759, -0.14726, 2.77461, 0.197221, 2.78824, -0.141387, 0.1
3.02714,0.0275443, 3.00615, 0.0123281, 3.27395, 0.198852, 3.27336, -0.14203, 2.80091, 0.199703, 2.79955, -0.144361, 3.27222, 0.198133, 3.27981, -0.125532, 2.81539, 0.216927, 2.79735, -0.144915, 0.1
3.08931,0.0425897, 3.07091, 0.00576054, 3.37763, 0.206823, 3.27651, -0.140948, 2.80173, 0.200588, 2.90729, -0.133676, 3.27395, 0.198852, 3.395, -0.138879, 2.92004, 0.202854, 2.79955, -0.144361, 0.5
3.18988,0.015709, 3.18088, 0.0019253, 3.38597, 0.205701, 3.52624, -0.143622, 3.04857, 0.198511, 2.91091, -0.130903, 3.37763, 0.206823, 3.53226, -0.121926, 3.05621, 0.219611, 2.90729, -0.133676, 0.9
3.26673,0.0260692, 3.24811, 0.016941, 3.58761, 0.195862, 3.53223, -0.143365, 3.05373, 0.198978, 3.10728, -0.145699, 3.57239, 0.207823, 3.52624, -0.143622, 3.04857, 0.198511, 3.09909, -0.129898, 0.6
3.31024,0.0317141, 3.28389, 0.0171779, 3.57798, 0.198964, 3.58419, -0.137207, 3.10205, 0.205097, 3.11086, -0.145414, 3.58761, 0.195862, 3.59361, -0.12598, 3.11788, 0.216363, 3.10728, -0.145699, 0.1
3.34548,0.0323638, 3.31014, 0.0199265, 3.61031, 0.203066, 3.578, -0.133637, 3.10411, 0.205087, 3.13632, -0.139734, 3.58921, 0.210277, 3.58419, -0.137207, 3.10205, 0.205097, 3.12064, -0.134786, 0.1
3.42023,0.0201902, 3.41133, -0.000257594, 3.61137, 0.20249, 3.73504, -0.143244, 3.26447, 0.196268, 3.14068, -0.140383, 3.61031, 0.203066, 3.75091, -0.128233, 3.27372, 0.210491, 3.13632, -0.139734, 0.7
3.45495,0.0142034, 3.44061, 0.015131, 3.72836, 0.187217, 3.73826, -0.143615, 3.26124, 0.190438, 3.25651, -0.157921, 3.72104, 0.200091, 3.73504, -0.143244, 3.26447, 0.196268, 3.25202, -0.14413, 0.3
3.54397,0.0185521, 3.54061, 0.0389454, 3.73619, 0.187381, 3.89705, -0.152914, 3.41139, 0.184924, 3.24809, -0.162269, 3.91328, 0.200857, 3.73826, -0.143615, 3.26124, 0.190438, 3.43996, -0.144565, 0.8
3.61841,0.0097263, 3.58505, 0.0184054, 3.93321, 0.182013, 3.89065, -0.154569, 3.41624, 0.184531, 3.44968, -0.165215, 3.91771, 0.192426, 3.89705, -0.152914, 3.41139, 0.184924, 3.43045, -0.157957, 0.6
3.70427,0.000392154, 3.6742, -0.00268319, 3.91441, 0.177172, 4.01569, -0.164961, 3.54556, 0.174997, 3.4554, -0.16582, 3.93321, 0.182013, 4.04237, -0.145691, 3.56839, 0.193409, 3.44968, -0.165215, 0.5
3.72613,-0.00990563, 3.69278, -0.0144083, 3.98458, 0.161985, 4.0169, -0.165428, 3.54275, 0.171437, 3.5157, -0.179796, 3.96253, 0.178374, 4.01569, -0.164961, 3.54556, 0.174997, 3.50427, -0.166208, 0.1
3.80456,-0.00029853, 3.81679, 0.0184545, 3.94469, 0.121223, 4.16437, -0.174376, 3.68551, 0.163893, 3.51728, -0.187151, 4.1805, 0.180406, 4.0169, -0.165428, 3.54275, 0.171437, 3.708, -0.161406, 0.9
3.89194,-0.0414885, 3.87911, -0.00626112, 4.21815, 0.0752978, 4.15907, -0.159946, 3.69538, 0.16044, 3.76618, -0.212165, 4.19034, 0.140621, 4.16437, -0.174376, 3.68551, 0.163893, 3.76219, -0.169101, 0.9
3.93635,-0.0139498, 3.91029, -0.0173596, 4.21892, 0.0755905, 4.20626, -0.191604, 3.73265, 0.13982, 3.76873, -0.210945, 4.21815, 0.0752978, 4.22894, -0.155506, 3.76926, 0.16488, 3.76618, -0.212165, 0.1
3.98581,-0.0225753, 3.94692, -0.0262874, 4.24819, 0.131273, 4.20244, -0.182373, 3.73513, 0.145062, 3.78217, -0.186263, 4.21892, 0.0755905, 4.23296, -0.185336, 3.75918, 0.146088, 3.76873, -0.210945, 0.1
3.99465,-0.0183155, 3.97627, -0.0367923, 4.24846, 0.131457, 4.245, -0.187264, 3.77091, 0.148533, 3.78284, -0.186024, 4.24819, 0.131273, 4.24511, -0.164415, 3.77726, 0.163019, 3.78217, -0.186263, 0.1
4.11402,-0.04835, 4.054, -0.0430053, 4.39175, 0.110647, 4.24351, -0.184893, 3.7738, 0.150107, 3.90752, -0.194849, 4.24838, 0.131549, 4.38687, -0.186921, 3.90765, 0.149867, 3.78265, -0.185878, 0.6
4.18101,-0.126896, 4.13075, -0.0683983, 4.40181, 0.104409, 4.43815, -0.309167, 3.98667, 0.0539139, 3.92569, -0.207009, 4.39175, 0.110647, 4.40482, -0.1506, 3.93653, 0.1844, 3.90752, -0.194849, 0.4
4.2503,-0.0954387, 4.23465, -0.0989021, 4.57891, 0.0567139, 4.44794, -0.307304, 3.95666, 0.0463292, 4.08913, -0.273293, 4.573, 0.0954636, 4.43815, -0.309167, 3.98667, 0.0539139, 4.09636, -0.218368, 0.6
4.26816,-0.0912472, 4.26405, -0.131524, 4.5697, 0.0634812, 4.5457, -0.259894, 4.05917, 0.086439, 4.09088, -0.272995, 4.57891, 0.0567139, 4.55895, -0.264685, 4.07105, 0.0889488, 4.08913, -0.273293, 0.2
4.31232,-0.0910781, 4.27345, -0.0977982, 4.58492, 0.0780534, 4.52878, -0.249108, 4.06271, 0.0865299, 4.10354, -0.260377, 4.5697, 0.0634812, 4.58101, -0.252499, 4.09462, 0.0938341, 4.09088, -0.272995, 0.1
4.33393,-0.0863419, 4.30976, -0.104956, 4.58545, 0.0782558, 4.59432, -0.250897, 4.12084, 0.0886552, 4.10499, -0.26008, 4.58492, 0.0780534, 4.59635, -0.232285, 4.12878, 0.103353, 4.10354, -0.260377, 0.2
4.42786,-0.0686446, 4.4112, -0.0659543, 4.75646, 0.0940238, 4.59707, -0.248504, 4.12277, 0.0902376, 4.28472, -0.244141, 4.76165, 0.0967445, 4.59432, -0.250897, 4.12084, 0.0886552, 4.2784, -0.241896, 0.8
4.52954,-0.0853854, 4.52433, -0.104595, 4.76405, 0.0933019, 4.88287, -0.24389, 4.4055, 0.0986852, 4.28107, -0.241479, 4.75646, 0.0940238, 4.87655, -0.222938, 4.40301, 0.115803, 4.28472, -0.244141, 0.9
4.64104,-0.0814867, 4.63797, -0.0744975, 5.01586, 0.0903448, 4.89042, -0.24375, 4.41229, 0.0990285, 4.53349, -0.250226, 5.01068, 0.103025, 4.88287, -0.24389, 4.4055, 0.0986852, 4.52875, -0.23202, 0.9
4.71433,-0.06859, 4.68922, -0.089667, 5.0065, 0.0933151, 5.02297, -0.236612, 4.54469, 0.108047, 4.53772, -0.249564, 5.01586, 0.0903448, 5.02038, -0.224942, 4.54617, 0.117837, 4.53349, -0.250226, 0.3
4.76527,-0.0721539, 4.72762, -0.0847909, 5.0467, 0.10035, 5.01517, -0.235467, 4.53499, 0.112755, 4.57026, -0.238791, 5.02641, 0.103997, 5.02297, -0.236612, 4.54469, 0.108047, 4.55769, -0.239549, 0.1
4.88127,-0.0887436, 4.85772, -0.107438, 5.05393, 0.0983697, 5.22207, -0.258395, 4.74665, 0.0960078, 4.57716, -0.24093, 5.0467, 0.10035, 5.22931, -0.237955, 4.74511, 0.110268, 4.57026, -0.238791, 0.9
4.98158,-0.0740644, 4.96797, -0.0771448, 5.3302, 0.087854, 5.2244, -0.258217, 4.75235, 0.0967173, 4.85209, -0.254123, 5.30982, 0.104894, 5.22207, -0.258395, 4.74665, 0.0960078, 4.83314, -0.235142, 0.9
5.15488,-0.0956253, 5.10907, -0.098873, 5.34094, 0.0940368, 5.47557, -0.264357, 5.00906, 0.0855021, 4.87053, -0.254438, 5.3302, 0.087854, 5.48189, -0.255023, 5.0113, 0.0999119, 4.85209, -0.254123, 0.9
5.29327,-0.0751235, 5.26165, -0.0847679, 5.62766, 0.089666, 5.48179, -0.26292, 5.01591, 0.0868306, 5.13956, -0.255584, 5.59094, 0.102065, 5.47557, -0.264357, 5.00906, 0.0855021, 5.12074, -0.246567, 0.9
5.41272,-0.0959789, 5.41514, -0.102029, 5.63236, 0.0880826, 5.76365, -0.263098, 5.29231, 0.0871158, 5.14462, -0.256979, 5.62766, 0.089666, 5.7469, -0.254027, 5.28235, 0.0957235, 5.13956, -0.255584, 0.9
5.54693,-0.0793771, 5.54301, -0.0778066, 5.91067, 0.0884738, 5.76967, -0.261755, 5.2977, 0.0881617, 5.4301, -0.259809, 5.88393, 0.0911653, 5.76365, -0.263098, 5.29231, 0.0871158, 5.3976, -0.253801, 0.9
5.68261,-0.0968317, 5.68273, -0.0955008, 5.91555, 0.0877911, 6.0537, -0.263941, 5.57817, 0.0853223, 5.4357, -0.260842, 5.91067, 0.0884738, 6.0216, -0.267709, 5.55137, 0.0822083, 5.4301, -0.259809, 0.9
5.82209,-0.0812271, 5.82451, -0.0766612, 6.20048, 0.0868523, 6.05951, -0.263112, 5.58307, 0.0859937, 5.72129, -0.261381, 6.16731, 0.0891904, 6.0537, -0.263941, 5.57817, 0.0853223, 5.6891, -0.259279, 0.9
5.91543,-0.0844502, 5.91322, -0.0836692, 6.18882, 0.0895939, 6.25357, -0.255433, 5.77594, 0.0915022, 5.72366, -0.261219, 6.20048, 0.0868523, 6.21848, -0.265585, 5.74575, 0.0835204, 5.72129, -0.261381, 0.5
5.98228,-0.105365, 5.96824, -0.0850893, 6.26465, 0.0720333, 6.25354, -0.255263, 5.77874, 0.0908262, 5.78688, -0.267419, 6.23486, 0.0819706, 6.25357, -0.255433, 5.77594, 0.0915022, 5.77224, -0.269362, 0.1
6.13146,-0.139793, 6.10739, -0.11675, 6.27722, 0.0636328, 6.4855, -0.315384, 6.01476, 0.0394319, 5.79542, -0.272299, 6.26465, 0.0720333, 6.43487, -0.293416, 5.95633, 0.0526729, 5.78688, -0.267419, 0.9
6.22062,-0.121725, 6.24204, -0.120581, 6.58237, 0.0360331, 6.44859, -0.319103, 6.01832, 0.0348745, 6.10083, -0.305277, 6.54214, 0.059918, 6.4855, -0.315384, 6.01476, 0.0394319, 6.06083, -0.276085, 0.9
6.28291,-0.122995, 6.30232, -0.118999, 6.54633, 0.0553935, 6.57045, -0.288851, 6.11177, 0.0572976, 6.10213, -0.305108, 6.58237, 0.0360331, 6.55126, -0.326547, 6.12514, 0.0274309, 6.10083, -0.305277, 0.3
6.32684,-0.124092, 6.3379, -0.127574, 6.59105, 0.0519373, 6.56725, -0.287978, 6.11294, 0.0570591, 6.12643, -0.298741, 6.57193, 0.0558871, 6.57045, -0.288851, 6.11177, 0.0572976, 6.12826, -0.304238, 0.1
6.3645,-0.124878, 6.37436, -0.120259, 6.59225, 0.0517798, 6.62513, -0.292732, 6.15688, 0.0498759, 6.12849, -0.298737, 6.59105, 0.0519373, 6.59319, -0.310812, 6.1382, 0.0342251, 6.12643, -0.298741, 0.2
6.38025,-0.12633, 6.4066, -0.121295, 6.6284, 0.0449242, 6.62586, -0.292826, 6.15799, 0.0497742, 6.15751, -0.299237, 6.61945, 0.0482269, 6.62513, -0.292732, 6.15688, 0.0498759, 6.15624, -0.302593, 0.1
6.46492,-0.151458, 6.476, -0.131893, 6.63264, 0.0419558, 6.73993, -0.319948, 6.29143, 0.0311763, 6.162, -0.300705, 6.6284, 0.0449242, 6.73712, -0.325696, 6.26704, 0.0169048, 6.15751, -0.299237, 0.6
6.57422,-0.119732, 6.59274, -0.12315, 6.88271, 0.040048, 6.74472, -0.318083, 6.29584, 0.0330475, 6.41121, -0.305206, 6.87028, 0.0438816, 6.73993, -0.319948, 6.29143, 0.0311763, 6.39916, -0.298651, 0.9
6.64534,-0.157953, 6.6589, -0.129055, 6.88252, 0.0360139, 6.92928, -0.308472, 6.45731, 0.036328, 6.41085, -0.307173, 6.88271, 0.040048, 6.88127, -0.315266, 6.43648, 0.0358645, 6.41121, -0.305206, 0.4
6.68636,-0.139518, 6.71861, -0.150733, 6.97007, 0.0267856, 6.93111, -0.307383, 6.45628, 0.0342045, 6.49346, -0.315391, 6.94447, 0.0293257, 6.92928, -0.308472, 6.45731, 0.036328, 6.4749, -0.314109, 0.2
6.79789,-0.163415, 6.82072, -0.15372, 6.97572, 0.0256411, 7.12849, -0.323395, 6.64829, 0.0217882, 6.49747, -0.316429, 6.97007, 0.0267856, 7.09052, -0.344685, 6.61371, -0.00309722, 6.49346, -0.315391, 0.8
6.92461,-0.141389, 6.93679, -0.141852, 7.24028, 0.0229184, 7.11621, -0.326018, 6.65313, 0.0230702, 6.7595, -0.319163, 7.22269, 0.0275128, 7.12849, -0.323395, 6.64829, 0.0217882, 6.74539, -0.314353, 0.9
6.99838,-0.177993, 7.0018, -0.141644, 7.24224, 0.0192495, 7.2726, -0.330807, 6.79753, 0.0143896, 6.76066, -0.321196, 7.24028, 0.0229184, 7.22373, -0.328526, 6.76529, 0.0205618, 6.7595, -0.319163, 0.3
7.02602,-0.159526, 7.05816, -0.171497, 7.30258, 0.00583724, 7.27425, -0.330079, 6.79639, -0.0122954, 6.8221, -0.334417, 7.27685, 0.0107761, 7.2726, -0.330807, 6.79753, 0.0143896, 6.79742, -0.330117, 0.1
7.13376,-0.193622, 7.16087, -0.180674, 7.308, 0.00414663, 7.46762, -0.350067, 6.98712, -0.0151609, 6.82574, -0.33594, 7.30258, 0.00583724, 7.42762, -0.366697, 6.94733, -0.0489134, 6.8221, -0.334417, 0.8
7.26931,-0.173413, 7.27183, -0.168484, 7.56836, -0.0155099, 7.45292, -0.355716, 6.99271, -0.0141426, 7.08582, -0.349444, 7.55908, 0.00255768, 7.46762, -0.350067, 6.98712, -0.0151609, 7.07802, -0.337482, 0.9
7.33512,-0.21584, 7.3541, -0.1798, 7.57073, -0.018436, 7.62305, -0.364077, 7.1538, -0.0216647, 7.08705, -0.351744, 7.56836, -0.0155099, 7.58578, -0.355741, 7.12958, -0.0141675, 7.08582, -0.349444, 0.4
7.42563,-0.186491, 7.4676, -0.190322, 7.76453, -0.027483, 7.62749, -0.362628, 7.15172, -0.0294899, 7.28142, -0.369991, 7.7436, -0.016905, 7.62305, -0.364077, 7.1538, -0.0216647, 7.26036, -0.349934, 0.7
7.47775,-0.186767, 7.51682, -0.193421, 7.74621, -0.026229, 7.7763, -0.348806, 7.29877, -0.00885782, 7.28251, -0.369767, 7.76453, -0.027483, 7.74443, -0.371362, 7.27183, -0.0382241, 7.28142, -0.369991, 0.4
7.59305,-0.17795, 7.62245, -0.165232, 7.90624, -0.0148986, 7.7735, -0.35582, 7.30237, -0.00910865, 7.43377, -0.355878, 7.90924, -0.0190066, 7.7763, -0.348806, 7.29877, -0.00885782, 7.44598, -0.361814, 0.7
7.63827,-0.186707, 7.67239, -0.17436, 7.90764, -0.0155859, 7.93086, -0.351223, 7.45652, -0.00568481, 7.42276, -0.350303, 7.90624, -0.0148986, 7.89284, -0.366368, 7.42484, -0.0196561, 7.43377, -0.355878, 0.4
7.7439,-0.161947, 7.78288, -0.161085, 8.07613, -0.000746316, 7.93612, -0.350302, 7.43016, -0.00933014, 7.59083, -0.339744, 8.0732, -0.011148, 7.93086, -0.351223, 7.45652, -0.00568481, 7.5894, -0.345865, 0.7
7.79466,-0.168393, 7.83693, -0.175651, 8.05371, 0.00553325, 8.10473, -0.332447, 7.61384, 0.0112524, 7.5928, -0.339546, 8.07613, -0.000746316, 8.08295, -0.353852, 7.58045, -0.0128802, 7.59083, -0.339744, 0.5
7.88956,-0.174925, 7.93917, -0.141933, 8.21145, -0.00746239, 8.08527, -0.341743, 7.61791, 0.0108647, 7.73996, -0.347706, 8.22914, 0.00630526, 8.10473, -0.332447, 7.61384, 0.0112524, 7.76949, -0.338694, 0.7
7.95827,-0.176074, 7.99757, -0.167923, 8.21348, -0.00747082, 8.26943, -0.34282, 7.79635, 0.00651169, 7.7214, -0.340181, 8.21145, -0.00746239, 8.24102, -0.36573, 7.77576, -0.0131224, 7.73996, -0.347706, 0.6
7.98905,-0.181019, 8.0333, -0.174248, 8.26341, -0.00796118, 8.27075, -0.343065, 7.77699, 0.0061475, 7.77711, -0.344358, 8.26407, -0.018509, 8.26943, -0.34282, 7.79635, 0.00651169, 7.7765, -0.351864, 0.1
8.09122,-0.200342, 8.12454, -0.151965, 8.26812, -0.00992309, 8.40713, -0.370933, 7.93622, -0.0183916, 7.77965, -0.345674, 8.41137, 0.000192973, 8.27075, -0.343065, 7.77699, 0.0061475, 7.92396, -0.335802, 0.7
8.1293,-0.197717, 8.16549, -0.190012, 8.41243, -0.0291736, 8.39641, -0.371965, 7.93808, -0.0184009, 7.93443, -0.371273, 8.40507, -0.0206552, 8.40713, -0.370933, 7.93622, -0.0183916, 7.91912, -0.357081, 0.4
8.23998,-0.190358, 8.28505, -0.202202, 8.36434, -0.00857679, 8.57157, -0.35376, 8.09207, -0.0152524, 7.93948, -0.370633, 8.41243, -0.0291736, 8.5776, -0.419627, 8.1179, -0.0660632, 7.93443, -0.371273, 0.9
8.29706,-0.186094, 8.34719, -0.189026, 8.58033, -0.0113024, 8.57328, -0.353406, 8.08242, -0.0197969, 8.12997, -0.365672, 8.54814, -0.00868139, 8.57157, -0.35376, 8.09207, -0.0152524, 8.12512, -0.370925, 0.6
8.33588,-0.188836, 8.36058, -0.159519, 8.58271, -0.011476, 8.60023, -0.35812, 8.11733, -0.023574, 8.10969, -0.366445, 8.58033, -0.0113024, 8.5869, -0.386892, 8.09969, -0.0532831, 8.12997, -0.365672, 0.1
8.3591,-0.189203, 8.38894, -0.175511, 8.61279, -0.0158137, 8.60111, -0.358208, 8.11775, -0.0235921, 8.13649, -0.36407, 8.60603, -0.0186698, 8.60023, -0.35812, 8.11733, -0.023574, 8.13394, -0.37407, 0.1
8.37561,-0.193285, 8.39406, -0.181297, 8.61354, -0.0160909, 8.62174, -0.361706, 8.14029, -0.0231914, 8.13567, -0.363605, 8.61279, -0.0158137, 8.60346, -0.380493, 8.12032, -0.0458769, 8.13649, -0.36407, 0.1
8.44354,-0.172759, 8.47558, -0.167558, 8.73936, -0.00748134, 8.62566, -0.360688, 8.14344, -0.0222545, 8.26011, -0.352885, 8.74325, -0.00971872, 8.62174, -0.361706, 8.14029, -0.0231914, 8.26394, -0.357155, 0.6
8.47576,-0.182843, 8.51176, -0.182458, 8.7125, 0.000208176, 8.75849, -0.345625, 8.27771, -0.00471931, 8.26198, -0.352482, 8.73936, -0.00748134, 8.74713, -0.36042, 8.26737, -0.0219858, 8.26011, -0.352885, 0.4
8.563,-0.162874, 8.60369, -0.153669, 8.87416, -0.00107594, 8.70477, -0.368107, 8.28153, -0.00367058, 8.41019, -0.344485, 8.88435, 0.00174446, 8.75849, -0.345625, 8.27771, -0.00471931, 8.43356, -0.350645, 0.7
8.61833,-0.171457, 8.66673, -0.171067, 8.87576, -0.00145877, 8.90889, -0.339014, 8.45643, 0.0141438, 8.40159, -0.349899, 8.87416, -0.00107594, 8.87358, -0.377798, 8.45233, -0.0133621, 8.41019, -0.344485, 0.6
8.65032,-0.17711, 8.69503, -0.172646, 8.9174, -0.00296457, 8.91027, -0.339037, 8.43177, 0.0145684, 8.43744, -0.345104, 8.9221, -0.00938378, 8.90863, -0.338707, 8.45383, 0.0163394, 8.45166, -0.357887, 0.1
8.67577,-0.171997, 8.69724, -0.163575, 8.91676, -0.00275313, 8.92949, -0.343227, 8.44996, 0.00414946, 8.43564, -0.345149, 8.9174, -0.00296457, 8.90151, -0.372112, 8.42328, -0.0185062, 8.43744, -0.345104, 0.1
8.68983,-0.172764, 8.72106, -0.167398, 8.9391, -0.00190872, 8.93033, -0.343221, 8.4504, 0.00402086, 8.45904, -0.343996, 8.93529, -0.00419744, 8.92949, -0.343227, 8.44996, 0.00414946, 8.45454, -0.346885, 0.1
8.78602,-0.20249, 8.8073, -0.186169, 8.94336, -0.00341979, 9.1089, -0.362665, 8.62736, -0.0163054, 8.46255, -0.345378, 8.9391, -0.00190872, 9.08886, -0.377071, 8.60603, -0.0298287, 8.45904, -0.343996, 0.8
8.81153,-0.193356, 8.84205, -0.19552, 9.07633, -0.0255696, 9.08275, -0.371063, 8.6293, -0.016094, 8.59943, -0.36861, 9.06729, -0.0183755, 9.1089, -0.362665, 8.62736, -0.0163054, 8.58977, -0.361335, 0.3
8.91731,-0.214897, 8.95893, -0.170597, 9.08003, -0.0367945, 9.24281, -0.377224, 8.7792, -0.0312379, 8.60477, -0.369866, 9.25525, -0.0137337, 9.08275, -0.371063, 8.6293, -0.016094, 8.77696, -0.355458, 0.8
8.97442,-0.213517, 9.02682, -0.20825, 9.27283, -0.0499064, 9.24403, -0.376939, 8.77377, -0.0323546, 8.79851, -0.390041, 9.26021, -0.0392414, 9.24281, -0.377224, 8.7792, -0.0312379, 8.78713, -0.372131, 0.6
9.01227,-0.21093, 9.03953, -0.18503, 9.27452, -0.0496221, 9.26985, -0.381025, 8.79518, -0.0411587, 8.77718, -0.389271, 9.27283, -0.0499064, 9.25643, -0.412356, 8.78931, -0.067771, 8.79851, -0.390041, 0.1
9.03418,-0.214612, 9.05476, -0.197698, 9.29264, -0.0453731, 9.26791, -0.379733, 8.79565, -0.0414015, 8.80629, -0.387105, 9.27452, -0.0496221, 9.26365, -0.411207, 8.78884, -0.0713405, 8.77718, -0.389271, 0.1
9.0471,-0.215057, 9.06786, -0.20638, 9.29086, -0.0456593, 9.29078, -0.383347, 8.81434, -0.0430852, 8.80506, -0.386648, 9.29264, -0.0453731, 9.27141, -0.401241, 8.79909, -0.0629095, 8.80629, -0.387105, 0.1
9.12605,-0.192726, 9.15235, -0.224474, 9.42616, -0.0241954, 9.29327, -0.381551, 8.81792, -0.0417287, 8.95204, -0.372515, 9.29086, -0.0456593, 9.42597, -0.416173, 8.94682, -0.0759107, 8.80506, -0.386648, 0.7
9.24447,-0.221445, 9.25347, -0.21854, 9.41239, -0.0219113, 9.53392, -0.375751, 9.06281, -0.0346001, 8.95798, -0.37393, 9.42616, -0.0241954, 9.53749, -0.384283, 9.06295, -0.0444609, 8.95204, -0.372515, 0.9
9.305,-0.178275, 9.31937, -0.205525, 9.57541, -0.0211895, 9.53679, -0.373228, 9.06257, -0.0320972, 9.10324, -0.365434, 9.56206, -0.0371165, 9.53392, -0.375751, 9.06281, -0.0346001, 9.11186, -0.39052, 0.4
9.33949,-0.194792, 9.36436, -0.168085, 9.57674, -0.0220651, 9.60392, -0.356898, 9.12659, -0.0157477, 9.10402, -0.342731, 9.57541, -0.0211895, 9.57635, -0.396481, 9.10413, -0.0553503, 9.10324, -0.365434, 0.2
9.43171,-0.164043, 9.46135, -0.154011, 9.71248, 0.00372107, 9.60866, -0.355336, 9.12945, -0.0148025, 9.26227, -0.338383, 9.74253, -0.0236162, 9.60392, -0.356898, 9.12659, -0.0157477, 9.26979, -0.345052, 0.7
9.46944,-0.175583, 9.50324, -0.169902, 9.7136, 0.00401949, 9.74852, -0.34121, 9.27287, 0.00294879, 9.264, -0.339049, 9.71248, 0.00372107, 9.73561, -0.355634, 9.25972, -0.0151005, 9.26227, -0.338383, 0.4
9.56903,-0.150316, 9.6007, -0.142752, 9.87761, 0.0133899, 9.74988, -0.34524, 9.27747, 0.00459665, 9.41433, -0.327118, 9.88701, 0.00356896, 9.74852, -0.34121, 9.27287, 0.00294879, 9.43791, -0.339897, 0.7
9.6351,-0.163099, 9.67332, -0.154929, 9.8796, 0.0123776, 9.9334, -0.32773, 9.45969, 0.0193356, 9.41333, -0.329169, 9.87761, 0.0133899, 9.9144, -0.358226, 9.44468, -0.00838917, 9.41433, -0.327118, 0.6
9.67286,-0.161975, 9.7185, -0.155766, 9.94652, 0.00811363, 9.93546, -0.327986, 9.43549, 0.0206908, 9.47028, -0.330026, 9.95231, 0.00282949, 9.9334, -0.32773, 9.45969, 0.0193356, 9.48991, -0.339718, 0.2
9.78205,-0.186382, 9.79213, -0.167109, 9.95362, 0.0062885, 10.0661, -0.354164, 9.60804, 0.00122144, 9.47514, -0.331556, 9.94652, 0.00811363, 10.0684, -0.368707, 9.56734, -0.0200301, 9.47028, -0.330026, 0.7
9.89803,-0.155881, 9.914, -0.15918, 10.1909, 0.00960763, 10.0712, -0.352148, 9.61229, 0.00309198, 9.71506, -0.333273, 10.197, 0.00687692, 10.0661, -0.354164, 9.60804, 0.00122144, 9.719, -0.331089, 0.9
9.98318,-0.184116, 10.0396, -0.178033, 10.1884, 0.00805235, 10.3159, -0.344044, 9.85429, 0.00470176, 9.71706, -0.336643, 10.1909, 0.00960763, 10.3179, -0.359063, 9.86095, -0.00382285, 9.71506, -0.333273, 0.9
10.072,-0.171227, 10.1108, -0.176172, 10.3769, -0.00114745, 10.3192, -0.343492, 9.83783, -0.0123247, 9.90133, -0.344517, 10.3706, 0.00407706, 10.3159, -0.344044, 9.85429, 0.00470176, 9.90231, -0.34024, 0.6
10.1309,-0.177956, 10.1542, -0.166641, 10.3801, -0.00161206, 10.41, -0.34628, 9.93015, -0.00905551, 9.90358, -0.344872, 10.3769, -0.00114745, 10.3928, -0.364534, 9.91441, -0.0333666, 9.90133, -0.344517, 0.3
10.2515,-0.148305, 10.2806, -0.148195, 10.5882, 0.011071, 10.4174, -0.344675, 9.93615, -0.00756425, 10.1125, -0.330144, 10.5853, 0.00948984, 10.41, -0.34628, 9.93015, -0.00905551, 10.1074, -0.3331, 0.9
10.3471,-0.165951, 10.3887, -0.176334, 10.5938, 0.0106103, 10.6872, -0.32847, 10.1823, 0.00183095, 10.1155, -0.3365, 10.5882, 0.011071, 10.6768, -0.342256, 10.1981, -0.00514533, 10.1125, -0.330144, 0.9
10.4995,-0.14574, 10.5074, -0.149447, 10.8303, 0.0205458, 10.6959, -0.327263, 10.1871, 0.00296519, 10.3494, -0.324027, 10.8341, 0.0171639, 10.6872, -0.32847, 10.1823, 0.00183095, 10.3582, -0.329789, 0.9
10.6164,-0.168544, 10.6309, -0.174334, 10.8359, 0.0191065, 10.9499, -0.332624, 10.4585, 0.00760699, 10.353, -0.325432, 10.8303, 0.0205458, 10.9558, -0.322806, 10.4495, 0.00742248, 10.3494, -0.324027, 0.9
