0.0130823,0.0252381, 0.0650144, -0.0180916, 0.213883, 0.172034, 0.3433, -0.155531, -0.135425, 0.185681, -0.257988, -0.170271, 0.212106, 0.170522, 0.37913, -0.182831, -0.099303, 0.158414, -0.260643, -0.171735, 0.8
0.115022,0.0217664, 0.105868, 0.0361487, 0.400149, 0.185957, 0.327721, -0.140929, -0.131015, 0.186258, -0.0748529, -0.158785, 0.40205, 0.198626, 0.3433, -0.155531, -0.135425, 0.185681, -0.0731039, -0.144195, 0.8
0.225655,-0.00595664, 0.202024, 0.0304, 0.392659, 0.174583, 0.509636, -0.163366, 0.0391662, 0.173322, -0.0700397, -0.159997, 0.400149, 0.185957, 0.505765, -0.126917, 0.0369472, 0.20027, -0.0748529, -0.158785, 0.8
0.30912,0.0176576, 0.292562, 0.0184956, 0.586716, 0.18537, 0.511596, -0.162728, 0.0303833, 0.163494, 0.11546, -0.154767, 0.580326, 0.188615, 0.509636, -0.163366, 0.0391662, 0.173322, 0.107708, -0.149647, 0.8
0.407183,-0.0153938, 0.394328, 0.0057245, 0.592129, 0.182963, 0.6961, -0.178984, 0.215233, 0.156633, 0.11979, -0.156556, 0.586716, 0.18537, 0.692742, -0.154086, 0.214531, 0.172136, 0.11546, -0.154767, 0.8
0.497986,0.0160747, 0.485452, 0.0147648, 0.783432, 0.186725, 0.701102, -0.176911, 0.214503, 0.153729, 0.306248, -0.155003, 0.779129, 0.189161, 0.6961, -0.178984, 0.215233, 0.156633, 0.301627, -0.150816, 0.8
0.593541,-0.00886292, 0.586413, -0.00232155, 0.789258, 0.185509, 0.877232, -0.180801, 0.395077, 0.155085, 0.300459, -0.149423, 0.783432, 0.186725, 0.881346, -0.168826, 0.398165, 0.161814, 0.306248, -0.155003, 0.8
0.678167,0.0225589, 0.667131, 0.020488, 0.954718, 0.1926, 0.882222, -0.178537, 0.398788, 0.156853, 0.468297, -0.145339, 0.949716, 0.195223, 0.877232, -0.180801, 0.395077, 0.155085, 0.466175, -0.144033, 0.7
0.754401,-0.00590602, 0.766008, -0.00388936, 0.959173, 0.191506, 1.04897, -0.17921, 0.567896, 0.159288, 0.458256, -0.137858, 0.954718, 0.1926, 1.06431, -0.174666, 0.582539, 0.160724, 0.468297, -0.145339, 0.8
0.851719,0.0213592, 0.839245, 0.0308281, 1.14015, 0.189765, 1.05692, -0.178161, 0.585378, 0.155883, 0.661076, -0.146413, 1.13744, 0.206141, 1.04897, -0.17921, 0.567896, 0.159288, 0.649851, -0.131178, 0.8
0.93255,-0.00967897, 0.927153, 0.0139868, 1.14724, 0.188392, 1.20258, -0.184131, 0.729724, 0.156006, 0.661436, -0.14897, 1.14015, 0.189765, 1.20801, -0.170786, 0.733149, 0.163258, 0.661076, -0.146413, 0.6
1.02204,0.0233595, 0.997708, 0.0327139, 1.32285, 0.194072, 1.21082, -0.181615, 0.723828, 0.164346, 0.848044, -0.143237, 1.32329, 0.197591, 1.20258, -0.184131, 0.729724, 0.156006, 0.840699, -0.141961, 0.8
1.10894,-0.000364506, 1.09473, 0.00144268, 1.32906, 0.192157, 1.40176, -0.174906, 0.922913, 0.167539, 0.847817, -0.144593, 1.32285, 0.194072, 1.41127, -0.178683, 0.929103, 0.167278, 0.848044, -0.143237, 0.8
1.1803,0.0205277, 1.14021, 0.0237642, 1.44958, 0.197432, 1.40753, -0.174245, 0.908475, 0.16039, 0.972693, -0.144663, 1.44746, 0.20148, 1.40176, -0.174906, 0.922913, 0.167539, 0.969341, -0.135842, 0.5
1.27062,-0.0146338, 1.24792, -0.0332016, 1.44795, 0.19891, 1.58086, -0.183557, 1.09319, 0.154641, 0.965745, -0.14434, 1.44958, 0.197432, 1.59429, -0.183979, 1.10899, 0.150656, 0.972693, -0.144663, 0.8
1.35769,0.00798051, 1.30207, 0.012442, 1.64912, 0.194377, 1.58783, -0.182561, 1.09872, 0.155689, 1.16662, -0.154669, 1.64601, 0.1947, 1.58086, -0.183557, 1.09319, 0.154641, 1.1676, -0.145486, 0.8
1.46456,-0.0223019, 1.43398, -0.0396753, 1.65774, 0.193051, 1.76725, -0.190301, 1.28406, 0.149785, 1.17407, -0.156237, 1.64912, 0.194377, 1.78588, -0.196254, 1.30311, 0.141995, 1.16662, -0.154669, 0.8
1.55747,0.00853964, 1.49379, 0.0109126, 1.85297, 0.187773, 1.77557, -0.188628, 1.29114, 0.151675, 1.37264, -0.156513, 1.85034, 0.187841, 1.76725, -0.190301, 1.28406, 0.149785, 1.37049, -0.154067, 0.8
1.63984,-0.0146771, 1.60393, -0.0331592, 1.85943, 0.18658, 1.90764, -0.194485, 1.43951, 0.148375, 1.37806, -0.158513, 1.85297, 0.187773, 1.93478, -0.196395, 1.45502, 0.143907, 1.37264, -0.156513, 0.6
1.74343,0.0219846, 1.67372, 0.0347994, 2.04108, 0.190564, 1.91556, -0.193011, 1.44269, 0.147299, 1.5606, -0.152035, 2.03728, 0.204541, 1.90764, -0.194485, 1.43951, 0.148375, 1.55869, -0.136676, 0.8
1.82338,-0.00778506, 1.79707, -0.018575, 2.04779, 0.188917, 2.10666, -0.20204, 1.63708, 0.154735, 1.56621, -0.153443, 2.04108, 0.190564, 2.13306, -0.187979, 1.66078, 0.152331, 1.5606, -0.152035, 0.8
1.91441,0.0174614, 1.84962, 0.0304271, 2.18888, 0.191182, 2.11303, -0.201286, 1.64301, 0.155974, 1.71282, -0.15257, 2.19026, 0.201406, 2.10666, -0.20204, 1.63708, 0.154735, 1.71083, -0.136845, 0.6
2.00499,-0.0243519, 1.98487, -0.03223, 2.18391, 0.191474, 2.30127, -0.199234, 1.82555, 0.148537, 1.71297, -0.150477, 2.18888, 0.191182, 2.32938, -0.213594, 1.85983, 0.143667, 1.71282, -0.15257, 0.8
2.10381,0.0119871, 2.03279, 0.0128239, 2.40586, 0.202178, 2.30927, -0.197894, 1.83219, 0.149041, 1.91412, -0.153091, 2.37816, 0.190799, 2.30127, -0.199234, 1.82555, 0.148537, 1.9112, -0.150297, 0.8
2.16027,-0.00629514, 2.13684, -0.0317102, 2.40727, 0.20366, 2.40815, -0.191489, 1.93893, 0.152525, 1.91836, -0.154102, 2.40586, 0.202178, 2.4388, -0.206094, 1.96071, 0.14084, 1.91412, -0.153091, 0.4
2.26366,0.0353721, 2.25796, -0.0677945, 2.57301, 0.206853, 2.4158, -0.190195, 1.93424, 0.146655, 2.09058, -0.142075, 2.40727, 0.20366, 2.61669, -0.220633, 2.142, 0.123382, 1.91836, -0.154102, 0.8
2.3234,0.0266391, 2.30913, -0.00908432, 2.57791, 0.206291, 2.60658, -0.163912, 2.12959, 0.17592, 2.09472, -0.142566, 2.57301, 0.206853, 2.6395, -0.180242, 2.16256, 0.156608, 2.09058, -0.142075, 0.8
2.40344,0.0380413, 2.34796, 0.0630857, 2.68381, 0.212047, 2.5995, -0.163444, 2.1388, 0.175537, 2.20854, -0.135327, 2.68736, 0.22678, 2.60658, -0.163912, 2.12959, 0.17592, 2.20722, -0.114106, 0.5
2.49755,0.00182531, 2.46907, 0.000233456, 2.68703, 0.211589, 2.79161, -0.168186, 2.31935, 0.170795, 2.21111, -0.13633, 2.68381, 0.212047, 2.8158, -0.165687, 2.34921, 0.173294, 2.20854, -0.135327, 0.8
2.59782,0.0355051, 2.51996, 0.039521, 2.89044, 0.208135, 2.79908, -0.16645, 2.32551, 0.172634, 2.40857, -0.133096, 2.87882, 0.211069, 2.79161, -0.168186, 2.31935, 0.170795, 2.40377, -0.131377, 0.8
2.66595,0.0134889, 2.62712, -0.00228278, 2.89577, 0.207346, 2.91509, -0.168152, 2.45044, 0.172953, 2.4117, -0.13657, 2.89044, 0.208135, 2.94346, -0.16887, 2.46886, 0.170214, 2.40857, -0.133096, 0.5
2.76088,0.0472759, 2.69842, 0.0670026, 3.06552, 0.213377, 2.92239, -0.167047, 2.4487, 0.168079, 2.58404, -0.12954, 3.06634, 0.231344, 2.91509, -0.168152, 2.45044, 0.172953, 2.58587, -0.109125, 0.8
2.83415,0.0269442, 2.81011, 0.0122958, 3.07345, 0.213696, 3.12181, -0.16285, 2.64634, 0.18427, 2.59139, -0.128629, 3.06552, 0.213377, 3.14227, -0.156803, 2.66918, 0.178324, 2.58404, -0.12954, 0.8
2.91305,0.0428826, 2.85388, 0.0617281, 3.19025, 0.213426, 3.12269, -0.165651, 2.65207, 0.184946, 2.70961, -0.128483, 3.18899, 0.228759, 3.12181, -0.16285, 2.64634, 0.18427, 2.70948, -0.109443, 0.5
3.01046,0.00297532, 2.98339, -0.003483, 3.18508, 0.21726, 3.30224, -0.165102, 2.82623, 0.179496, 2.71459, -0.125892, 3.19025, 0.213426, 3.33419, -0.177765, 2.86368, 0.172832, 2.70961, -0.128483, 0.8
3.09539,0.0318897, 3.03573, 0.0366554, 3.37715, 0.218905, 3.31437, -0.16707, 2.83728, 0.177202, 2.90248, -0.134142, 3.38344, 0.214019, 3.30224, -0.165102, 2.82623, 0.179496, 2.91126, -0.126767, 0.8
3.15458,0.0152837, 3.13555, -0.00837532, 3.38236, 0.226776, 3.4163, -0.159185, 2.93729, 0.182221, 2.9123, -0.131369, 3.37715, 0.218905, 3.44085, -0.177004, 2.96463, 0.167268, 2.90248, -0.134142, 0.4
3.25749,0.0551662, 3.18984, 0.0704261, 3.55806, 0.226527, 3.4185, -0.163256, 2.94472, 0.177227, 3.08278, -0.122646, 3.55958, 0.245573, 3.4163, -0.159185, 2.93729, 0.182221, 3.08599, -0.101881, 0.8
3.33113,0.0352633, 3.30923, 0.0159843, 3.56622, 0.226696, 3.60971, -0.159421, 3.14205, 0.191722, 3.08989, -0.121697, 3.55806, 0.226527, 3.64128, -0.154933, 3.1684, 0.18555, 3.08278, -0.122646, 0.8
3.40899,0.0524927, 3.34964, 0.0725793, 3.68542, 0.224715, 3.61625, -0.158692, 3.14751, 0.192722, 3.20708, -0.119766, 3.68388, 0.242091, 3.60971, -0.159421, 3.14205, 0.191722, 3.20701, -0.0985978, 0.5
3.50701,0.00811777, 3.47924, 0.00443482, 3.68179, 0.228496, 3.8019, -0.161184, 3.32623, 0.184066, 3.19343, -0.113111, 3.68542, 0.224715, 3.83033, -0.169916, 3.36081, 0.181497, 3.20708, -0.119766, 0.8
3.58651,0.0352543, 3.52631, 0.0433269, 3.87269, 0.22634, 3.80768, -0.160038, 3.33116, 0.184051, 3.39227, -0.126391, 3.87626, 0.221979, 3.8019, -0.161184, 3.32623, 0.184066, 3.39635, -0.117882, 0.8
3.64586,0.0174667, 3.628, -0.00500082, 3.87313, 0.230628, 3.90308, -0.153417, 3.42448, 0.1876, 3.3974, -0.126334, 3.87269, 0.22634, 3.93313, -0.172486, 3.45632, 0.171604, 3.39227, -0.126391, 0.4
3.74575,0.0591235, 3.67909, 0.0726198, 4.0494, 0.231569, 3.90957, -0.158132, 3.42894, 0.178675, 3.57189, -0.115929, 4.04864, 0.24858, 3.90308, -0.153417, 3.42448, 0.1876, 3.57282, -0.0984435, 0.8
3.81563,0.0430864, 3.7966, 0.0182926, 4.0553, 0.230147, 4.09465, -0.151707, 3.62598, 0.196799, 3.57697, -0.116753, 4.0494, 0.231569, 4.12981, -0.149854, 3.65316, 0.186952, 3.57189, -0.115929, 0.8
3.90653,0.0618343, 3.8455, 0.0842236, 4.18957, 0.229641, 4.1016, -0.15129, 3.63194, 0.197497, 3.71034, -0.114001, 4.19199, 0.251313, 4.09465, -0.151707, 3.62598, 0.196799, 3.71392, -0.0887879, 0.6
4.00104,0.0222614, 3.97373, 0.0180488, 4.18575, 0.23531, 4.29368, -0.149836, 3.81782, 0.193677, 3.71413, -0.110309, 4.18957, 0.229641, 4.31828, -0.157363, 3.84883, 0.191424, 3.71034, -0.114001, 0.8
4.09278,0.0567968, 4.02996, 0.0588162, 4.38398, 0.241493, 4.30052, -0.14824, 3.82351, 0.195237, 3.90812, -0.110748, 4.38023, 0.234896, 4.29368, -0.149836, 3.81782, 0.193677, 3.90782, -0.106975, 0.8
4.20311,0.0215034, 4.17014, 0.011083, 4.38969, 0.243967, 4.49266, -0.148911, 4.01269, 0.194051, 3.91461, -0.111164, 4.38398, 0.241493, 4.51413, -0.157451, 4.03751, 0.186025, 3.90812, -0.110748, 0.8
4.2923,0.0594919, 4.22922, 0.075627, 4.5859, 0.238627, 4.47643, -0.153698, 4.01985, 0.194902, 4.10717, -0.108976, 4.57651, 0.2579, 4.49266, -0.148911, 4.01269, 0.194051, 4.10256, -0.0886827, 0.8
4.37556,0.0282627, 4.35822, 0.0244845, 4.56172, 0.242203, 4.65182, -0.142292, 4.18458, 0.197439, 4.11218, -0.110165, 4.5859, 0.238627, 4.681, -0.146201, 4.21593, 0.202399, 4.10717, -0.108976, 0.7
4.42269,0.0540484, 4.38051, 0.0624773, 4.67112, 0.233897, 4.64352, -0.142508, 4.16538, 0.190608, 4.20834, -0.112505, 4.66871, 0.252432, 4.65182, -0.142292, 4.18458, 0.197439, 4.20295, -0.0935028, 0.4
4.5147,0.0145319, 4.50601, 0.0147384, 4.67284, 0.233553, 4.81904, -0.153123, 4.33436, 0.187148, 4.20065, -0.119823, 4.67112, 0.233897, 4.8392, -0.144497, 4.36204, 0.188619, 4.20834, -0.112505, 0.8
4.58997,0.0196699, 4.56475, 0.0433403, 4.85779, 0.203586, 4.78418, -0.13887, 4.34044, 0.136124, 4.38634, -0.139043, 4.87621, 0.230339, 4.81904, -0.153123, 4.33436, 0.187148, 4.40024, -0.115717, 0.8
4.67471,-0.0249931, 4.6826, 0.0193635, 4.79316, 0.158689, 4.96729, -0.171036, 4.50551, 0.14406, 4.39092, -0.14013, 4.85779, 0.203586, 4.97006, -0.0874848, 4.51659, 0.187509, 4.38634, -0.139043, 0.8
4.71566,-0.0322196, 4.74557, -0.0147602, 4.97657, 0.153045, 4.96793, -0.171432, 4.50578, 0.142126, 4.51947, -0.179399, 4.96234, 0.185003, 4.96729, -0.171036, 4.50551, 0.14406, 4.52155, -0.140781, 0.6
4.8297,-0.0474828, 4.83614, -0.0151324, 4.98345, 0.151719, 5.12206, -0.204124, 4.65862, 0.130442, 4.52524, -0.179936, 4.97657, 0.153045, 5.12726, -0.158286, 4.65777, 0.155272, 4.51947, -0.179399, 0.8
4.92446,-0.0192275, 4.92444, -0.0166751, 5.17352, 0.159291, 5.10741, -0.204942, 4.66259, 0.131348, 4.71376, -0.186601, 5.17365, 0.168823, 5.12206, -0.204124, 4.65862, 0.130442, 4.7088, -0.172137, 0.8
4.97187,-0.0616214, 4.98056, -0.0100188, 5.16028, 0.155324, 5.19775, -0.221646, 4.73582, 0.116819, 4.71596, -0.188861, 5.17352, 0.159291, 5.18125, -0.18177, 4.72658, 0.15452, 4.71376, -0.186601, 0.3
5.04512,-0.0307266, 5.09087, -0.0171017, 5.30007, 0.145566, 5.20073, -0.219046, 4.73922, 0.118404, 4.8657, -0.193785, 5.33765, 0.174033, 5.19775, -0.221646, 4.73582, 0.116819, 4.87791, -0.169759, 0.8
5.09073,-0.0771667, 5.15406, -0.0100341, 5.29178, 0.143813, 5.39534, -0.219318, 4.90218, 0.0905676, 4.85955, -0.192024, 5.30007, 0.145566, 5.38249, -0.192498, 4.92056, 0.144951, 4.8657, -0.193785, 0.8
5.10359,-0.161366, 5.20996, -0.0435927, 5.37442, 0.0842313, 5.39398, -0.218567, 4.89591, 0.0806027, 4.93939, -0.282776, 5.40711, 0.145737, 5.39534, -0.219318, 4.90218, 0.0905676, 4.97336, -0.221846, 0.5
5.19322,-0.153334, 5.2162, -0.0923152, 5.3771, 0.0810126, 5.47958, -0.271766, 4.9869, 0.0422451, 4.94099, -0.282722, 5.37442, 0.0842313, 5.47771, -0.237678, 4.97316, 0.0614921, 4.93939, -0.282776, 0.5
5.28732,-0.0946705, 5.31337, -0.122253, 5.55073, 0.0865363, 5.48441, -0.268838, 4.99167, 0.0456454, 5.10282, -0.271723, 5.55593, 0.0616363, 5.47958, -0.271766, 4.9869, 0.0422451, 5.10847, -0.29926, 0.8
5.36452,-0.124707, 5.40754, -0.084139, 5.53618, 0.0857053, 5.63954, -0.290944, 5.17207, 0.0390281, 5.06674, -0.285356, 5.55073, 0.0865363, 5.64742, -0.254212, 5.16495, 0.0602714, 5.10282, -0.271723, 0.8
5.43573,-0.102337, 5.47887, -0.0966036, 5.70328, 0.0753595, 5.64177, -0.288948, 5.17276, 0.039739, 5.22906, -0.278172, 5.69509, 0.0785933, 5.63954, -0.290944, 5.17207, 0.0390281, 5.22755, -0.278148, 0.7
5.53122,-0.140939, 5.55815, -0.100786, 5.70876, 0.0720401, 5.81082, -0.308244, 5.34267, 0.0300946, 5.23243, -0.280685, 5.70328, 0.0753595, 5.80416, -0.276928, 5.33379, 0.0517597, 5.22906, -0.278172, 0.8
5.61764,-0.115107, 5.65934, -0.112882, 5.8814, 0.0656216, 5.81342, -0.307005, 5.34341, 0.0424811, 5.40998, -0.279266, 5.89248, 0.0684812, 5.81082, -0.308244, 5.34267, 0.0300946, 5.42069, -0.279236, 0.8
5.68285,-0.141106, 5.71913, -0.110424, 5.88316, 0.0642341, 5.95224, -0.3101, 5.4768, 0.0341755, 5.41127, -0.2806, 5.8814, 0.0656216, 5.93463, -0.299769, 5.46505, 0.0497176, 5.40998, -0.279266, 0.6
5.77497,-0.102829, 5.82102, -0.109987, 6.06276, 0.0694123, 5.95678, -0.30828, 5.4797, 0.0357981, 5.58724, -0.275684, 6.06004, 0.0696745, 5.95224, -0.3101, 5.4768, 0.0341755, 5.58928, -0.274588, 0.8
5.86625,-0.128782, 5.88822, -0.0997204, 6.04798, 0.0715943, 6.13238, -0.305892, 5.65836, 0.0364473, 5.58797, -0.276441, 6.06276, 0.0694123, 6.12607, -0.292091, 5.65417, 0.0519879, 5.58724, -0.275684, 0.8
5.9243,-0.103646, 5.98478, -0.103207, 6.19223, 0.0701825, 6.13222, -0.304424, 5.6593, 0.0376375, 5.72292, -0.274044, 6.18803, 0.0748364, 6.13238, -0.305892, 5.65836, 0.0364473, 5.72338, -0.270665, 0.6
6.02732,-0.14339, 6.04372, -0.104913, 6.19837, 0.0674125, 6.3035, -0.315492, 5.83381, 0.029441, 5.72706, -0.276335, 6.19223, 0.0701825, 6.29202, -0.293997, 5.82142, 0.0480647, 5.72292, -0.274044, 0.8
6.11545,-0.115985, 6.16001, -0.116301, 6.37911, 0.0633114, 6.30499, -0.314261, 5.83553, 0.0333698, 5.90515, -0.279686, 6.38559, 0.0671093, 6.3035, -0.315492, 5.83381, 0.029441, 5.91631, -0.277179, 0.8
6.18133,-0.147949, 6.21181, -0.113587, 6.38134, 0.0612795, 6.44502, -0.315475, 5.97135, 0.0278697, 5.90615, -0.279689, 6.37911, 0.0633114, 6.42753, -0.304159, 5.95856, 0.0434719, 5.90515, -0.279686, 0.6
6.26383,-0.112398, 6.31925, -0.11375, 6.55991, 0.0641425, 6.44977, -0.313645, 5.97458, 0.0295732, 6.08303, -0.278997, 6.55649, 0.0675349, 6.44502, -0.315475, 5.97135, 0.0278697, 6.08462, -0.275354, 0.8
6.36006,-0.130185, 6.38472, -0.102768, 6.54592, 0.0682677, 6.62865, -0.308591, 6.14873, 0.0295503, 6.08332, -0.280299, 6.55991, 0.0641425, 6.62023, -0.296168, 6.14909, 0.0470503, 6.08303, -0.278997, 0.8
6.42532,-0.0990948, 6.47501, -0.104309, 6.69113, 0.0707369, 6.63108, -0.30703, 6.14715, 0.0209983, 6.21907, -0.27329, 6.6854, 0.0713916, 6.62865, -0.308591, 6.14873, 0.0295503, 6.21839, -0.273589, 0.6
6.46837,-0.117105, 6.49345, -0.102618, 6.69369, 0.070106, 6.71928, -0.295293, 6.2404, 0.0398075, 6.22068, -0.273761, 6.69113, 0.0707369, 6.7011, -0.287455, 6.22532, 0.0405731, 6.21907, -0.27329, 0.4
6.55975,-0.0844142, 6.6107, -0.0799085, 6.85865, 0.0787077, 6.72401, -0.294122, 6.24453, 0.0409171, 6.38246, -0.26519, 6.86053, 0.0903308, 6.71956, -0.295442, 6.24078, 0.0396504, 6.3886, -0.253821, 0.8
6.62309,-0.0938588, 6.66537, -0.0765102, 6.85013, 0.0875841, 6.90955, -0.27902, 6.43038, 0.0611959, 6.38222, -0.269394, 6.85865, 0.0787077, 6.89656, -0.268658, 6.42257, 0.0663814, 6.38246, -0.26519, 0.8
6.67839,-0.0880608, 6.74281, -0.0809621, 6.93922, 0.084292, 6.90623, -0.279495, 6.41373, 0.0550049, 6.46466, -0.263605, 6.93985, 0.0890586, 6.90955, -0.27902, 6.43038, 0.0611959, 6.47008, -0.258852, 0.4
6.77881,-0.131252, 6.79449, -0.0963837, 6.94372, 0.082169, 7.06698, -0.299919, 6.58925, 0.0425494, 6.46813, -0.264883, 6.93922, 0.084292, 7.0515, -0.276604, 6.57008, 0.057896, 6.46466, -0.263605, 0.8
6.86182,-0.114932, 6.90748, -0.108669, 7.12537, 0.0660581, 7.0664, -0.299945, 6.59058, 0.0443085, 6.63898, -0.268543, 7.13317, 0.075334, 7.06698, -0.299919, 6.58925, 0.0425494, 6.66144, -0.270005, 0.8
6.92953,-0.146316, 6.96106, -0.115213, 7.12413, 0.0635532, 7.20003, -0.309254, 6.72307, 0.0325748, 6.64038, -0.269949, 7.12537, 0.0660581, 7.18316, -0.297409, 6.71028, 0.0468441, 6.63898, -0.268543, 0.6
7.00643,-0.117201, 7.05957, -0.116399, 7.30185, 0.0608094, 7.20429, -0.308054, 6.72625, 0.0335979, 6.82134, -0.279105, 7.29963, 0.063527, 7.20003, -0.309254, 6.72307, 0.0325748, 6.82385, -0.275531, 0.8
7.11042,-0.146172, 7.12451, -0.110905, 7.29609, 0.0634571, 7.37147, -0.316085, 6.90833, 0.0201918, 6.82357, -0.285278, 7.30185, 0.0608094, 7.36959, -0.29603, 6.89537, 0.0456227, 6.82134, -0.279105, 0.8
7.17655,-0.113473, 7.22245, -0.114813, 7.43745, 0.0584711, 7.37365, -0.314043, 6.90883, 0.0137093, 6.96153, -0.285106, 7.43019, 0.0659865, 7.37147, -0.316085, 6.90833, 0.0201918, 6.9606, -0.28019, 0.6
7.2093,-0.138824, 7.23795, -0.107779, 7.43971, 0.0572403, 7.44895, -0.311637, 6.97644, 0.0232485, 6.9625, -0.286247, 7.43745, 0.0584711, 7.42877, -0.291091, 6.96211, 0.0366615, 6.96153, -0.285106, 0.3
7.30432,-0.0957496, 7.35048, -0.0966081, 7.60349, 0.0668344, 7.45416, -0.31007, 6.98042, 0.0247899, 7.1256, -0.276935, 7.6014, 0.0772921, 7.44895, -0.311637, 6.97644, 0.0232485, 7.12802, -0.26664, 0.8
7.35571,-0.093746, 7.40549, -0.0874071, 7.59791, 0.0768271, 7.63629, -0.284701, 7.15308, 0.0569508, 7.12579, -0.280168, 7.60349, 0.0668344, 7.63152, -0.27996, 7.16032, 0.0548995, 7.1256, -0.276935, 0.8
7.41774,-0.0919437, 7.47886, -0.0790449, 7.68038, 0.0768931, 7.63486, -0.284121, 7.15445, 0.0569035, 7.20358, -0.269798, 7.6823, 0.0880587, 7.63629, -0.284701, 7.15308, 0.0569508, 7.21107, -0.260036, 0.4
7.46485,-0.115394, 7.48618, -0.0892568, 7.68229, 0.0757586, 7.7208, -0.285559, 7.24125, 0.0554802, 7.20391, -0.269871, 7.68038, 0.0768931, 7.69792, -0.276035, 7.223, 0.0649892, 7.20358, -0.269798, 0.4
7.55329,-0.0810013, 7.60484, -0.0850402, 7.85109, 0.0895736, 7.72623, -0.283555, 7.24524, 0.0572708, 7.37304, -0.255965, 7.84976, 0.0873329, 7.7208, -0.285559, 7.24125, 0.0554802, 7.37525, -0.25678, 0.8
7.63796,-0.0963387, 7.65893, -0.0746238, 7.84116, 0.0919467, 7.907, -0.274489, 7.40542, 0.0602969, 7.37197, -0.259498, 7.85109, 0.0895736, 7.89484, -0.263618, 7.4202, 0.077208, 7.37304, -0.255965, 0.8
7.69087,-0.0648217, 7.73853, -0.0856832, 7.94069, 0.100602, 7.90762, -0.272022, 7.40293, 0.0614118, 7.46632, -0.245897, 7.93352, 0.084958, 7.907, -0.274489, 7.40542, 0.0602969, 7.46184, -0.259625, 0.4
7.77042,-0.100587, 7.79825, -0.0846696, 7.94468, 0.0980545, 8.05577, -0.278279, 7.5793, 0.0620892, 7.46929, -0.247059, 7.94069, 0.100602, 8.05202, -0.26921, 7.56501, 0.0642244, 7.46632, -0.245897, 0.8
7.86428,-0.075016, 7.90255, -0.0751023, 8.12456, 0.0976206, 8.05181, -0.276867, 7.58524, 0.0782691, 7.64977, -0.237507, 8.13016, 0.103139, 8.05577, -0.278279, 7.5793, 0.0620892, 7.65885, -0.241567, 0.8
7.93047,-0.104279, 7.97262, -0.0737359, 8.12714, 0.0961363, 8.21025, -0.276526, 7.73754, 0.0697209, 7.65006, -0.225131, 8.12456, 0.0976206, 8.19608, -0.270508, 7.72922, 0.0846282, 7.64977, -0.237507, 0.7
8.01448,-0.0811031, 8.07106, -0.0750168, 8.30702, 0.0945377, 8.21506, -0.275429, 7.74111, 0.0706848, 7.83214, -0.237821, 8.30674, 0.103288, 8.21025, -0.276526, 7.73754, 0.0697209, 7.83441, -0.230921, 0.8
8.10627,-0.102678, 8.13049, -0.0719355, 8.31183, 0.0933339, 8.39986, -0.275395, 7.92567, 0.0676587, 7.83131, -0.231668, 8.30702, 0.0945377, 8.37879, -0.26195, 7.90814, 0.0841642, 7.83214, -0.237821, 0.8
8.18162,-0.0839381, 8.22825, -0.0819157, 8.45505, 0.0900465, 8.40473, -0.274404, 7.92573, 0.0572238, 7.97555, -0.245211, 8.45086, 0.102996, 8.39986, -0.275395, 7.92567, 0.0676587, 7.97309, -0.232346, 0.6
8.27799,-0.110249, 8.29415, -0.0886292, 8.46076, 0.0889462, 8.5762, -0.277637, 8.09766, 0.0575085, 7.97909, -0.24637, 8.45505, 0.0900465, 8.56146, -0.259211, 8.08455, 0.0724165, 7.97555, -0.245211, 0.8
8.37958,-0.0846584, 8.39445, -0.0825077, 8.6591, 0.0843163, 8.58253, -0.277228, 8.14033, 0.0273265, 8.17448, -0.250537, 8.64557, 0.100058, 8.5762, -0.277637, 8.09766, 0.0575085, 8.16901, -0.241453, 0.8
8.47824,-0.134565, 8.4962, -0.0825223, 8.66503, 0.082321, 8.76929, -0.294878, 8.30536, 0.0326011, 8.13941, -0.221448, 8.6591, 0.0843163, 8.76611, -0.242418, 8.30658, 0.0621359, 8.17448, -0.250537, 0.8
8.52969,-0.145314, 8.56227, -0.0970159, 8.83553, 0.050417, 8.77523, -0.30014, 8.30518, 0.0248638, 8.33795, -0.276114, 8.84234, 0.0801952, 8.76929, -0.294878, 8.30536, 0.0326011, 8.34297, -0.246134, 0.8
8.64643,-0.159009, 8.65167, -0.141289, 8.83993, 0.0493181, 8.94544, -0.314745, 8.46957, 0.0200147, 8.34262, -0.276452, 8.83553, 0.050417, 8.95416, -0.298678, 8.47679, 0.0263257, 8.33795, -0.276114, 0.8
8.7358,-0.129828, 8.72732, -0.128868, 9.02709, 0.0471913, 8.95533, -0.317767, 8.47653, 0.0161116, 8.54101, -0.288886, 9.02312, 0.0506503, 8.94544, -0.314745, 8.46957, 0.0200147, 8.53618, -0.285107, 0.8
8.83955,-0.141808, 8.83739, -0.141779, 9.03209, 0.0464562, 9.12676, -0.316194, 8.64858, 0.0218407, 8.5454, -0.289229, 9.02709, 0.0471913, 9.13519, -0.311317, 8.65548, 0.0225612, 8.54101, -0.288886, 0.8
8.9334,-0.11286, 8.92266, -0.110477, 9.21976, 0.0562349, 9.13245, -0.31446, 8.65326, 0.0234625, 8.73734, -0.284975, 9.21508, 0.0625075, 9.12676, -0.316194, 8.64858, 0.0218407, 8.73296, -0.277725, 0.8
9.02324,-0.146437, 9.02362, -0.130006, 9.22508, 0.0546776, 9.31707, -0.316462, 8.83774, 0.0242364, 8.74155, -0.286246, 9.21976, 0.0562349, 9.31782, -0.305607, 8.83846, 0.0323162, 8.73734, -0.284975, 0.8
