0.0319916,-0.00397309, 0.0900992, 0.0168789, 0.357157, 0.171, 0.22077, -0.14192, -0.243974, 0.186574, -0.121012, -0.166158, 0.247167, 0.181731, 0.41082, -0.138211, -0.0615997, 0.19023, -0.228916, -0.149301, 0.9
0.115324,0.00394559, 0.12731, 0.025056, 0.35891, 0.1697, 0.392702, -0.157395, -0.079833, 0.180268, -0.117235, -0.166032, 0.357157, 0.171, 0.431083, -0.127355, -0.0434856, 0.201139, -0.121012, -0.166158, 0.9
0.219146,0.0278405, 0.221157, 0.0434005, 0.505367, 0.188501, 0.388859, -0.148829, -0.0750645, 0.181911, 0.0269795, -0.149596, 0.545276, 0.204049, 0.392702, -0.157395, -0.079833, 0.180268, 0.0657246, -0.134662, 0.9
0.299448,0.00793313, 0.304857, 0.025883, 0.509551, 0.186905, 0.562309, -0.159231, 0.0875621, 0.177049, 0.0223386, -0.144012, 0.505367, 0.188501, 0.601878, -0.134596, 0.12959, 0.196145, 0.0269795, -0.149596, 0.9
0.374997,0.0348418, 0.389196, 0.0499279, 0.665058, 0.200409, 0.567135, -0.157845, 0.0843736, 0.172736, 0.182813, -0.138262, 0.702426, 0.214214, 0.562659, -0.159205, 0.0808237, 0.171415, 0.217567, -0.121983, 0.9
0.451393,0.0083335, 0.470797, 0.0193648, 0.666646, 0.200327, 0.733072, -0.161668, 0.252528, 0.176321, 0.182248, -0.135751, 0.665058, 0.200409, 0.774137, -0.147229, 0.292717, 0.183352, 0.182813, -0.138262, 0.9
0.533599,0.0287153, 0.556322, 0.0499424, 0.820245, 0.202187, 0.737195, -0.161421, 0.25575, 0.176269, 0.339995, -0.137033, 0.86431, 0.21969, 0.733072, -0.161668, 0.252528, 0.176321, 0.380956, -0.119421, 0.9
0.622926,-0.000741795, 0.639125, 0.0122696, 0.826585, 0.200501, 0.899651, -0.171426, 0.419138, 0.167487, 0.345336, -0.138987, 0.820245, 0.202187, 0.943327, -0.156394, 0.46336, 0.181297, 0.339995, -0.137033, 0.9
0.704914,0.0323461, 0.67536, 0.0262594, 0.960413, 0.202153, 0.904264, -0.169097, 0.416352, 0.165654, 0.506404, -0.133108, 0.944085, 0.200525, 0.899651, -0.171426, 0.419138, 0.167487, 0.462078, -0.138248, 0.5
0.775733,0.00278916, 0.804153, 0.0125717, 0.965684, 0.200628, 1.05746, -0.166147, 0.582894, 0.169458, 0.507878, -0.132051, 0.960413, 0.202153, 1.11063, -0.161123, 0.629691, 0.173627, 0.506404, -0.133108, 0.9
0.852424,0.0309056, 0.878467, 0.0456001, 1.13142, 0.200816, 1.06362, -0.165083, 0.572643, 0.176825, 0.663341, -0.137478, 1.17505, 0.224642, 1.05746, -0.166147, 0.582894, 0.169458, 0.704842, -0.113665, 0.9
0.939511,0.00334474, 0.924755, 0.0193183, 1.13887, 0.199475, 1.22489, -0.166297, 0.74517, 0.173929, 0.671334, -0.138392, 1.13142, 0.200816, 1.2078, -0.164732, 0.724292, 0.177176, 0.663341, -0.137478, 0.6
1.01818,0.031265, 1.01431, 0.0497528, 1.30328, 0.201619, 1.21496, -0.166832, 0.738062, 0.179889, 0.83413, -0.134695, 1.34152, 0.217965, 1.22489, -0.166297, 0.74517, 0.173929, 0.867649, -0.12244, 0.9
1.0985,0.00565951, 1.10954, 0.00803063, 1.30949, 0.199902, 1.38209, -0.164982, 0.907728, 0.177035, 0.829867, -0.138983, 1.30328, 0.201619, 1.43654, -0.167227, 0.959793, 0.179494, 0.83413, -0.134695, 0.9
1.18744,0.0341655, 1.12513, 0.0314046, 1.47358, 0.209491, 1.38972, -0.163728, 0.907116, 0.179801, 0.993857, -0.137279, 1.42763, 0.208975, 1.38209, -0.164982, 0.907728, 0.177035, 0.949897, -0.129033, 0.5
1.26769,0.00719416, 1.26334, -0.00555571, 1.47172, 0.210653, 1.5552, -0.166113, 1.07427, 0.17547, 0.998786, -0.138612, 1.47358, 0.209491, 1.61017, -0.167022, 1.13243, 0.176508, 0.993857, -0.137279, 0.9
1.35689,0.0365892, 1.32105, 0.0508102, 1.63708, 0.20675, 1.56193, -0.164716, 1.07986, 0.177031, 1.16547, -0.137093, 1.68165, 0.219582, 1.5552, -0.166113, 1.07427, 0.17547, 1.20202, -0.122908, 0.9
1.4414,-0.00057579, 1.39, 0.00801994, 1.6444, 0.205251, 1.72827, -0.172544, 1.24409, 0.170863, 1.14444, -0.147035, 1.63708, 0.20675, 1.67955, -0.170476, 1.20144, 0.171271, 1.16547, -0.137093, 0.4
1.51949,0.0282978, 1.47736, 0.0526617, 1.8059, 0.203061, 1.7034, -0.179048, 1.24937, 0.172157, 1.31799, -0.142431, 1.83896, 0.22015, 1.72827, -0.172544, 1.24409, 0.170863, 1.35402, -0.125893, 0.9
1.60127,-0.00360489, 1.59276, -0.00666505, 1.81154, 0.201652, 1.87626, -0.171963, 1.40836, 0.17159, 1.32304, -0.143783, 1.8059, 0.203061, 1.92264, -0.17931, 1.4551, 0.171895, 1.31799, -0.142431, 0.8
1.69073,0.0289684, 1.61637, 0.0272607, 1.9771, 0.202062, 1.88541, -0.171254, 1.41477, 0.17098, 1.49187, -0.141902, 1.92733, 0.211254, 1.87626, -0.171963, 1.40836, 0.17159, 1.44556, -0.12864, 0.5
1.76495,0.00141808, 1.76962, -0.013542, 1.95559, 0.209613, 2.04879, -0.172427, 1.57284, 0.16953, 1.496, -0.142252, 1.9771, 0.202062, 2.11572, -0.17243, 1.64594, 0.169804, 1.49187, -0.141902, 0.9
1.85482,0.0281203, 1.81478, 0.046444, 2.13152, 0.197722, 2.06047, -0.17285, 1.58363, 0.168877, 1.66317, -0.141553, 2.17249, 0.217916, 2.04879, -0.172427, 1.57284, 0.16953, 1.69877, -0.125531, 0.9
1.9404,-0.00584034, 1.88838, 0.00182087, 2.13863, 0.196317, 2.22753, -0.178209, 1.74541, 0.165534, 1.65751, -0.149853, 2.13152, 0.197722, 2.17964, -0.177487, 1.70396, 0.16424, 1.66317, -0.141553, 0.4
2.01556,0.0192048, 1.9834, 0.0447459, 2.30426, 0.196045, 2.20829, -0.183869, 1.75058, 0.166569, 1.82402, -0.147945, 2.3388, 0.211897, 2.22753, -0.178209, 1.74541, 0.165534, 1.86291, -0.132547, 0.9
2.10244,-0.00762983, 2.09038, -0.0131, 2.31196, 0.195321, 2.38216, -0.178371, 1.91557, 0.16495, 1.83077, -0.148849, 2.30426, 0.196045, 2.42485, -0.183639, 1.95603, 0.166799, 1.82402, -0.147945, 0.8
2.19219,0.0272074, 2.12218, 0.0201841, 2.46592, 0.202788, 2.39007, -0.176886, 1.89277, 0.170478, 1.99437, -0.146026, 2.43069, 0.204925, 2.38216, -0.178371, 1.91557, 0.16495, 1.9519, -0.134438, 0.5
2.26462,-0.0013629, 2.26415, -0.0216524, 2.46207, 0.203188, 2.5525, -0.176512, 2.06563, 0.167097, 1.9991, -0.147142, 2.46592, 0.202788, 2.60942, -0.184914, 2.12563, 0.16245, 1.99437, -0.146026, 0.9
2.35204,0.0293307, 2.32099, 0.0405338, 2.63232, 0.201143, 2.55981, -0.174645, 2.07221, 0.168893, 2.16527, -0.143789, 2.67697, 0.212003, 2.5525, -0.176512, 2.06563, 0.167097, 2.20119, -0.130716, 0.9
2.4348,-0.00166491, 2.38549, -0.000125994, 2.639, 0.199584, 2.72418, -0.175648, 2.24108, 0.166791, 2.16379, -0.14724, 2.63232, 0.201143, 2.67618, -0.181224, 2.19501, 0.162315, 2.16527, -0.143789, 0.4
2.523,0.0257213, 2.48133, 0.0456546, 2.80599, 0.200158, 2.71487, -0.180809, 2.24648, 0.167373, 2.32916, -0.144495, 2.84248, 0.212056, 2.72418, -0.175648, 2.24108, 0.166791, 2.36818, -0.13202, 0.9
2.60574,-0.00657846, 2.59273, -0.0121984, 2.8116, 0.19809, 2.8838, -0.1746, 2.41354, 0.166372, 2.33385, -0.146464, 2.80599, 0.200158, 2.92926, -0.182252, 2.45481, 0.16593, 2.32916, -0.144495, 0.8
2.6896,0.0273359, 2.61923, 0.0228336, 2.96339, 0.207545, 2.89196, -0.173069, 2.39986, 0.172706, 2.49777, -0.143552, 2.93135, 0.207003, 2.8838, -0.1746, 2.41354, 0.166372, 2.4539, -0.132555, 0.5
2.76944,-0.00115382, 2.76459, -0.0199363, 2.95535, 0.20861, 3.05573, -0.173965, 2.57036, 0.167295, 2.50315, -0.145082, 2.96339, 0.207545, 3.11526, -0.179747, 2.63464, 0.166028, 2.49777, -0.143552, 0.9
2.85272,0.0285232, 2.81996, 0.0421529, 3.12837, 0.198784, 3.06143, -0.17265, 2.57554, 0.168537, 2.66173, -0.145941, 3.1744, 0.215466, 3.05573, -0.173965, 2.57036, 0.167295, 2.70399, -0.129427, 0.9
2.93752,-0.00167111, 2.88678, 0.00268921, 3.13792, 0.198191, 3.22801, -0.175155, 2.74426, 0.166906, 2.66823, -0.145432, 3.12837, 0.198784, 3.17713, -0.177646, 2.69692, 0.16354, 2.66173, -0.145941, 0.4
3.02279,0.026149, 2.98118, 0.0498077, 3.30634, 0.199663, 3.20931, -0.181168, 2.74987, 0.168226, 2.83098, -0.142737, 3.34121, 0.216273, 3.22801, -0.175155, 2.74426, 0.166906, 2.86999, -0.126731, 0.9
3.10855,-0.00447993, 3.09317, -0.00806758, 3.31244, 0.198312, 3.38435, -0.17024, 2.91484, 0.169044, 2.83636, -0.14411, 3.30634, 0.199663, 3.42768, -0.179412, 2.95838, 0.169982, 2.83098, -0.142737, 0.8
3.19778,0.0299471, 3.12245, 0.0245067, 3.47786, 0.199267, 3.39134, -0.169138, 2.91149, 0.172414, 2.99897, -0.14346, 3.43192, 0.208748, 3.38435, -0.17024, 2.91484, 0.169044, 2.95533, -0.129999, 0.5
3.26818,0.00120572, 3.2737, -0.011382, 3.45474, 0.206098, 3.55808, -0.172518, 3.0775, 0.166984, 3.00443, -0.144241, 3.47786, 0.199267, 3.61638, -0.170068, 3.14227, 0.171484, 2.99897, -0.14346, 0.9
3.35367,0.0259625, 3.32249, 0.043722, 3.63189, 0.196737, 3.56443, -0.171144, 3.08302, 0.168386, 3.16895, -0.144951, 3.67388, 0.216715, 3.55808, -0.172518, 3.0775, 0.166984, 3.20494, -0.127216, 0.9
3.44501,-0.0104078, 3.38747, 0.00234781, 3.63966, 0.195347, 3.70845, -0.183861, 3.24647, 0.162744, 3.14359, -0.154207, 3.63189, 0.196737, 3.68054, -0.174592, 3.20253, 0.164938, 3.16895, -0.144951, 0.4
3.51485,0.0181548, 3.47705, 0.0428611, 3.80047, 0.192438, 3.70203, -0.183886, 3.25167, 0.164211, 3.31383, -0.152213, 3.83479, 0.212161, 3.70845, -0.183861, 3.24647, 0.162744, 3.35223, -0.133479, 0.9
3.59574,-0.00875968, 3.58979, -0.0129284, 3.80944, 0.19155, 3.87684, -0.180207, 3.41405, 0.160777, 3.32252, -0.152963, 3.80047, 0.192438, 3.92075, -0.182067, 3.45536, 0.16603, 3.31383, -0.152213, 0.8
3.68635,0.0187506, 3.61211, 0.0215566, 3.97413, 0.195436, 3.88426, -0.178737, 3.41404, 0.164198, 3.48884, -0.150708, 3.92553, 0.202751, 3.87684, -0.180207, 3.41405, 0.160777, 3.44469, -0.136672, 0.5
3.77212,-0.010722, 3.76525, -0.0208366, 3.96519, 0.19855, 4.05274, -0.183093, 3.57709, 0.159534, 3.49366, -0.151973, 3.97413, 0.195436, 4.11092, -0.179314, 3.64021, 0.163622, 3.48884, -0.150708, 0.9
3.85218,0.0202224, 3.82067, 0.0346095, 4.13319, 0.192333, 4.0586, -0.181546, 3.58209, 0.160936, 3.65925, -0.152928, 4.17726, 0.207081, 4.05274, -0.183093, 3.57709, 0.159534, 3.69787, -0.135324, 0.9
3.93822,-0.0148576, 3.8891, -0.00480479, 4.14065, 0.190258, 4.22584, -0.186928, 3.74477, 0.157301, 3.64226, -0.16317, 4.13319, 0.192333, 4.17807, -0.185905, 3.70244, 0.156577, 3.65925, -0.152928, 0.4
4.01552,0.0101569, 3.98014, 0.0294952, 4.30327, 0.187151, 4.21871, -0.191936, 3.74932, 0.15857, 3.81625, -0.159505, 4.33978, 0.196489, 4.22584, -0.186928, 3.74477, 0.157301, 3.85524, -0.150446, 0.9
4.10299,-0.0206644, 4.09274, -0.0274311, 4.31019, 0.185317, 4.38441, -0.189977, 3.91416, 0.15302, 3.82234, -0.161172, 4.30327, 0.187151, 4.4278, -0.19862, 3.95209, 0.151886, 3.81625, -0.159505, 0.8
4.18735,0.0103593, 4.11576, 0.00750611, 4.47433, 0.190886, 4.39202, -0.188511, 3.91473, 0.156445, 3.99211, -0.158703, 4.42857, 0.191886, 4.38441, -0.189977, 3.91416, 0.15302, 3.94768, -0.149586, 0.5
4.27306,-0.0180387, 4.26437, -0.0339795, 4.47069, 0.192094, 4.54398, -0.200351, 4.0797, 0.152261, 3.99774, -0.160114, 4.47433, 0.190886, 4.61775, -0.193042, 4.1429, 0.151914, 3.99211, -0.158703, 0.9
4.35948,0.0149023, 4.32175, 0.0370664, 4.64098, 0.189917, 4.54971, -0.198716, 4.08485, 0.154041, 4.16529, -0.157416, 4.67992, 0.21036, 4.54398, -0.200351, 4.0797, 0.152261, 4.20087, -0.133717, 0.9
4.43731,-0.0183867, 4.39147, -0.00990772, 4.63016, 0.192361, 4.71794, -0.190982, 4.24171, 0.154028, 4.1524, -0.1666, 4.64098, 0.189917, 4.66089, -0.197373, 4.19019, 0.155383, 4.16529, -0.157416, 0.3
4.50862,0.00480943, 4.49641, 0.0257863, 4.79159, 0.187965, 4.71442, -0.193879, 4.24582, 0.154543, 4.31264, -0.167274, 4.83672, 0.203318, 4.71794, -0.190982, 4.24171, 0.154028, 4.35882, -0.146605, 0.9
4.57305,0.00708563, 4.61653, -0.0230213, 4.8225, 0.144235, 4.86965, -0.165548, 4.38661, 0.166725, 4.3187, -0.166778, 4.79159, 0.187965, 4.93953, -0.196171, 4.46136, 0.152251, 4.31264, -0.167274, 0.9
4.67868,0.013868, 4.66814, 0.0350445, 4.96344, 0.167386, 4.89031, -0.134756, 4.39155, 0.167543, 4.47611, -0.162421, 4.9595, 0.197662, 4.86965, -0.165548, 4.38661, 0.166725, 4.47887, -0.145843, 0.7
4.75582,-0.00263053, 4.77103, 0.018815, 4.96523, 0.16606, 5.03577, -0.158423, 4.55164, 0.167967, 4.47894, -0.163198, 4.96344, 0.167386, 5.07332, -0.127504, 4.58101, 0.174795, 4.47611, -0.162421, 0.9
4.81314,0.0375528, 4.8595, 0.029726, 5.118, 0.175753, 5.02773, -0.153246, 4.55386, 0.172171, 4.62426, -0.135088, 5.15256, 0.189403, 5.03577, -0.158423, 4.55164, 0.167967, 4.67125, -0.147676, 0.9
4.84309,0.0966771, 4.90188, 0.0237103, 5.11674, 0.178112, 5.1424, -0.11734, 4.68087, 0.235002, 4.62665, -0.132625, 5.11784, 0.175506, 5.17906, -0.121721, 4.71776, 0.203662, 4.62427, -0.135166, 0.8
4.95131,0.0919588, 5.0064, 0.10181, 5.2477, 0.220353, 5.14729, -0.116385, 4.68698, 0.234046, 4.76455, -0.103378, 5.30321, 0.248314, 5.1424, -0.11734, 4.68087, 0.235002, 4.80905, -0.0632458, 0.9
5.04731,0.0506229, 5.04629, 0.0914617, 5.25281, 0.218109, 5.28869, -0.116265, 4.83391, 0.218702, 4.78447, -0.0975719, 5.2477, 0.220353, 5.323, -0.0942158, 4.86223, 0.256216, 4.76455, -0.103378, 0.9
5.12146,0.0771492, 5.17415, 0.0879795, 5.39162, 0.247617, 5.29276, -0.115015, 4.83584, 0.220043, 4.93244, -0.093248, 5.42228, 0.260409, 5.28869, -0.116265, 4.83391, 0.218702, 4.94945, -0.0709604, 0.8
5.19715,0.0527798, 5.19565, 0.0851803, 5.39434, 0.246229, 5.46366, -0.116071, 4.9935, 0.221874, 4.9344, -0.094783, 5.39162, 0.247617, 5.4219, -0.0842264, 4.96052, 0.250831, 4.93244, -0.093248, 0.6
5.28029,0.0851555, 5.33928, 0.088834, 5.54331, 0.255905, 5.46829, -0.113701, 4.99695, 0.223603, 5.08279, -0.0888241, 5.59477, 0.27522, 5.46366, -0.116071, 4.9935, 0.221874, 5.12912, -0.0688588, 0.9
5.3568,0.0537798, 5.40146, 0.0836489, 5.54473, 0.254799, 5.6241, -0.121016, 5.151, 0.220684, 5.08503, -0.0954775, 5.54331, 0.255905, 5.65746, -0.0958071, 5.18779, 0.241497, 5.08279, -0.0888241, 0.9
5.42773,0.0784961, 5.47358, 0.0835116, 5.70689, 0.251979, 5.62256, -0.119017, 5.15331, 0.207919, 5.23668, -0.094256, 5.68237, 0.262134, 5.6241, -0.121016, 5.151, 0.220684, 5.21719, -0.0842776, 0.6
5.50809,0.0512677, 5.55364, 0.0829365, 5.71104, 0.250584, 5.78433, -0.122975, 5.30981, 0.213812, 5.23843, -0.0937863, 5.70689, 0.251979, 5.80788, -0.0967066, 5.33823, 0.230229, 5.23668, -0.094256, 0.9
5.59419,0.0822314, 5.65689, 0.0921706, 5.87008, 0.255187, 5.78116, -0.121931, 5.3097, 0.210851, 5.39407, -0.0897823, 5.90871, 0.267485, 5.78433, -0.122975, 5.30981, 0.213812, 5.43733, -0.0772882, 0.9
5.6636,0.0536496, 5.70334, 0.0810086, 5.86047, 0.257079, 5.94379, -0.119708, 5.46685, 0.217422, 5.39501, -0.0844091, 5.87008, 0.255187, 5.92744, -0.102323, 5.45822, 0.230459, 5.39407, -0.0897823, 0.7
5.75112,0.0848707, 5.81272, 0.090576, 6.02453, 0.255846, 5.94776, -0.11843, 5.46957, 0.218612, 5.55178, -0.0872063, 6.06294, 0.269023, 5.94379, -0.119708, 5.46685, 0.217422, 5.59474, -0.0745169, 0.9
5.82227,0.057804, 5.87681, 0.0801705, 6.0311, 0.255298, 6.10675, -0.119999, 5.62832, 0.221465, 5.54719, -0.0810421, 6.02453, 0.255846, 6.13268, -0.105038, 5.6585, 0.232004, 5.55178, -0.0872063, 0.9
5.90733,0.0852079, 5.95346, 0.0906322, 6.18608, 0.254122, 6.08955, -0.11981, 5.62825, 0.211232, 5.70685, -0.0843349, 6.1843, 0.264949, 6.10675, -0.119999, 5.62832, 0.221465, 5.7077, -0.0746215, 0.7
5.98437,0.0583192, 5.97262, 0.0939316, 6.1897, 0.252315, 6.25316, -0.114899, 5.78011, 0.220008, 5.70935, -0.0861452, 6.18608, 0.254122, 6.17383, -0.0922505, 5.70861, 0.238792, 5.70685, -0.0843349, 0.4
6.06469,0.0898766, 6.12478, 0.0951352, 6.34806, 0.258346, 6.25783, -0.11349, 5.78212, 0.221745, 5.86974, -0.0843814, 6.38347, 0.271467, 6.25316, -0.114899, 5.78011, 0.220008, 5.9095, -0.0713212, 0.9
6.14121,0.0633916, 6.18379, 0.0913156, 6.33378, 0.262219, 6.42105, -0.114906, 5.94228, 0.22786, 5.8719, -0.0709782, 6.34806, 0.258346, 6.43194, -0.0988112, 5.95611, 0.236424, 5.86974, -0.0843814, 0.8
6.22008,0.0926177, 6.22507, 0.0901647, 6.49704, 0.263741, 6.40582, -0.11698, 5.94477, 0.229269, 6.02739, -0.073251, 6.42852, 0.256948, 6.42105, -0.114906, 5.94228, 0.22786, 5.96451, -0.0829821, 0.4
6.29806,0.0645977, 6.34583, 0.10275, 6.50111, 0.262348, 6.57273, -0.111151, 6.10185, 0.233687, 6.03468, -0.0784039, 6.49704, 0.263741, 6.60697, -0.102316, 6.14178, 0.243933, 6.02739, -0.073251, 0.9
6.38256,0.0958483, 6.43612, 0.104182, 6.6622, 0.265489, 6.55653, -0.105679, 6.09915, 0.191329, 6.18789, -0.0770091, 6.68061, 0.282794, 6.57273, -0.111151, 6.10185, 0.233687, 6.20808, -0.0599699, 0.8
6.45395,0.0787837, 6.45959, 0.0976427, 6.64223, 0.276024, 6.72011, -0.0934525, 6.24992, 0.225418, 6.18982, -0.0765, 6.6622, 0.265489, 6.66704, -0.0562405, 6.2055, 0.240768, 6.18789, -0.0770091, 0.5
6.53044,0.107829, 6.59879, 0.120317, 6.80604, 0.279232, 6.72416, -0.0922144, 6.25321, 0.226762, 6.33974, -0.0697344, 6.84364, 0.307821, 6.72011, -0.0934525, 6.24992, 0.225418, 6.38388, -0.0440628, 0.9
6.6095,0.0803688, 6.65627, 0.106172, 6.79866, 0.281936, 6.87431, -0.0957388, 6.40134, 0.23096, 6.34032, -0.0808252, 6.80604, 0.279232, 6.91313, -0.0648917, 6.44319, 0.254084, 6.33974, -0.0697344, 0.9
6.6819,0.10442, 6.71382, 0.108539, 6.96058, 0.27835, 6.87714, -0.0944903, 6.40279, 0.22353, 6.49037, -0.0711871, 6.91442, 0.285869, 6.87431, -0.0957388, 6.40134, 0.23096, 6.44956, -0.0656676, 0.5
6.7718,0.0741211, 6.80412, 0.104811, 6.96494, 0.276473, 7.02925, -0.0992646, 6.55761, 0.23481, 6.4934, -0.0726319, 6.96058, 0.27835, 7.0624, -0.069228, 6.59007, 0.248792, 6.49037, -0.0711871, 0.9
6.84165,0.105343, 6.91221, 0.11814, 7.12221, 0.27646, 7.02979, -0.0952935, 6.55864, 0.231598, 6.647, -0.0700844, 7.16119, 0.293662, 7.02925, -0.0992646, 6.55761, 0.23481, 6.68967, -0.0523225, 0.9
6.91651,0.0760574, 6.95304, 0.10673, 7.10072, 0.283063, 7.19035, -0.0922465, 6.71597, 0.241668, 6.64502, -0.0582618, 7.12221, 0.27646, 7.17697, -0.0721675, 6.70698, 0.254724, 6.647, -0.0700844, 0.7
7.00009,0.109327, 7.06262, 0.114389, 7.26927, 0.280457, 7.19473, -0.0910811, 6.71894, 0.242769, 6.79962, -0.0608748, 7.30524, 0.294955, 7.19035, -0.0922465, 6.71597, 0.241668, 6.84239, -0.0491831, 0.9
7.08257,0.0759085, 7.1268, 0.106234, 7.28127, 0.273755, 7.35006, -0.0959525, 6.87476, 0.244347, 6.80371, -0.0707966, 7.26927, 0.280457, 7.38145, -0.0754311, 6.90947, 0.258419, 6.79962, -0.0608748, 0.9
7.15403,0.105035, 7.2044, 0.113811, 7.43611, 0.274238, 7.33673, -0.0947625, 6.87464, 0.237438, 6.95822, -0.068271, 7.43103, 0.293354, 7.35006, -0.0959525, 6.87476, 0.244347, 6.95746, -0.050211, 0.7
7.23892,0.0789331, 7.21707, 0.116057, 7.43962, 0.273028, 7.50122, -0.0918235, 7.0295, 0.243542, 6.96093, -0.0694387, 7.43611, 0.274238, 7.41917, -0.0676275, 6.95335, 0.264573, 6.95822, -0.068271, 0.4
7.31434,0.109994, 7.37697, 0.116111, 7.59682, 0.280679, 7.50613, -0.0905338, 7.02961, 0.2393, 7.11993, -0.0662836, 7.63254, 0.292427, 7.50122, -0.0918235, 7.0295, 0.243542, 7.1591, -0.051934, 0.9
7.39598,0.0810794, 7.43387, 0.113361, 7.58426, 0.28182, 7.65141, -0.097137, 7.19045, 0.246201, 7.12131, -0.054436, 7.59682, 0.280679, 7.68029, -0.0726158, 7.20382, 0.257218, 7.11957, -0.0639932, 0.8
7.47303,0.11472, 7.47634, 0.107861, 7.74599, 0.283475, 7.65453, -0.0954146, 7.19237, 0.247892, 7.27737, -0.055278, 7.67845, 0.27558, 7.65141, -0.097137, 7.19045, 0.246201, 7.21252, -0.0653351, 0.4
7.5481,0.0835731, 7.59712, 0.124533, 7.75004, 0.282088, 7.82028, -0.0911307, 7.3491, 0.252634, 7.28283, -0.0604428, 7.74599, 0.283475, 7.85563, -0.0794599, 7.39002, 0.263847, 7.27737, -0.055278, 0.9
7.6301,0.113092, 7.6812, 0.123713, 7.88384, 0.2967, 7.81424, -0.0894527, 7.34899, 0.241794, 7.43508, -0.0563757, 7.92873, 0.301567, 7.82028, -0.0911307, 7.3491, 0.252634, 7.4557, -0.0418721, 0.8
7.70487,0.0830555, 7.71026, 0.112223, 7.88664, 0.295262, 7.97905, -0.084307, 7.50515, 0.247947, 7.43652, -0.0578834, 7.88384, 0.2967, 7.92276, -0.0612525, 7.45666, 0.269994, 7.43508, -0.0563757, 0.5
7.78347,0.115286, 7.84868, 0.121705, 8.0556, 0.291971, 7.98346, -0.083125, 7.50869, 0.249263, 7.58992, -0.0568143, 8.09357, 0.313809, 7.97905, -0.084307, 7.50515, 0.247947, 7.63487, -0.0381665, 0.9
7.86136,0.0862446, 7.91453, 0.112016, 8.0407, 0.292303, 8.13455, -0.0902695, 7.66262, 0.248825, 7.59012, -0.0632324, 8.0556, 0.291971, 8.17179, -0.0656219, 7.70078, 0.266766, 7.58992, -0.0568143, 0.9
7.93884,0.112378, 7.96822, 0.111473, 8.21068, 0.2865, 8.13552, -0.0885177, 7.66633, 0.218409, 7.74469, -0.0606905, 8.16261, 0.289997, 8.13455, -0.0902695, 7.66262, 0.248825, 7.70224, -0.0581404, 0.5
8.01918,0.0866249, 8.06619, 0.113218, 8.21528, 0.284997, 8.29253, -0.0849221, 7.8133, 0.238185, 7.74752, -0.0621866, 8.21068, 0.2865, 8.32281, -0.0567074, 7.85368, 0.250219, 7.74469, -0.0606905, 0.9
8.09427,0.11407, 8.16276, 0.128237, 8.37633, 0.284337, 8.29745, -0.0833332, 7.80943, 0.231303, 7.90323, -0.0574936, 8.41325, 0.301273, 8.29253, -0.0849221, 7.8133, 0.238185, 7.94318, -0.0436991, 0.9
8.18114,0.0835949, 8.19811, 0.115945, 8.38149, 0.282961, 8.46084, -0.0850767, 7.9777, 0.245736, 7.91469, -0.0203777, 8.37633, 0.284337, 8.44181, -0.0597735, 7.95996, 0.254863, 7.90323, -0.0574936, 0.7
8.26507,0.115815, 8.32154, 0.124527, 8.54689, 0.286797, 8.46736, -0.0835084, 7.98159, 0.247295, 8.07172, -0.0370469, 8.58372, 0.294616, 8.46084, -0.0850767, 7.9777, 0.245736, 8.11133, -0.0321703, 0.9
8.36033,0.0882656, 8.38499, 0.111982, 8.55264, 0.285584, 8.63348, -0.0800313, 8.14354, 0.247949, 8.12012, -0.0289489, 8.54689, 0.286797, 8.66318, -0.0685687, 8.1841, 0.262234, 8.07172, -0.0370469, 0.9
8.44297,0.128761, 8.48994, 0.134399, 8.7247, 0.299445, 8.63894, -0.0779579, 8.13373, 0.239375, 8.26503, -0.0324903, 8.76472, 0.310591, 8.63348, -0.0800313, 8.14354, 0.247949, 8.30428, -0.0206132, 0.9
8.51075,0.119402, 8.54106, 0.107767, 8.72823, 0.298875, 8.79426, -0.0645434, 8.30626, 0.267324, 8.26698, -0.032672, 8.7247, 0.299445, 8.83628, -0.0539054, 8.34685, 0.263428, 8.26503, -0.0324903, 0.9
8.60402,0.144338, 8.63024, 0.16309, 8.89156, 0.310705, 8.79765, -0.0628566, 8.31062, 0.268628, 8.41974, -0.0280188, 8.9317, 0.332151, 8.79426, -0.0645434, 8.30626, 0.267324, 8.45801, -0.00445429, 0.9
8.68686,0.114042, 8.70044, 0.121613, 8.89542, 0.309497, 8.96246, -0.0620611, 8.47574, 0.272395, 8.41837, -0.0265478, 8.89156, 0.310705, 9.00527, -0.0487249, 8.52326, 0.28276, 8.41974, -0.0280188, 0.9
8.77139,0.146761, 8.78493, 0.15925, 9.05719, 0.317861, 8.96749, -0.0598756, 8.47659, 0.272222, 8.57904, -0.0225358, 9.09737, 0.329172, 8.96246, -0.0620611, 8.47574, 0.272395, 8.61617, -0.00896147, 0.9
8.847,0.116384, 8.86829, 0.117393, 9.06155, 0.316521, 9.12991, -0.0564056, 8.64572, 0.281648, 8.56326, -0.0113871, 9.05719, 0.317861, 9.17515, -0.0515203, 8.69043, 0.280577, 8.57904, -0.0225358, 0.9
8.92699,0.144529, 8.95161, 0.159721, 9.21727, 0.317718, 9.13443, -0.0572043, 8.63693, 0.273443, 8.73, -0.0187228, 9.25955, 0.331842, 9.12991, -0.0564056, 8.64572, 0.281648, 8.76938, -0.00345318, 0.9
9.00581,0.114287, 9.02991, 0.11573, 9.22182, 0.316454, 9.29364, -0.0572736, 8.80699, 0.280339, 8.72534, -0.0147445, 9.21727, 0.317718, 9.33543, -0.0521797, 8.84708, 0.278467, 8.73, -0.0187228, 0.9
