0.104396,-0.0747981, 0.103311, -0.0736366, 0.349567, 0.0504861, 0.342441, -0.203943, -0.155344, 0.0504979, -0.151872, -0.19991, 0.357431, 0.0307835, 0.330824, -0.223613, -0.143017, 0.0732563, -0.162577, -0.17864, 0.1,0.0271476, 0.0202323
0.134412,-0.07548, 0.128215, -0.0769214, 0.34447, 0.0524758, 0.395057, -0.20709, -0.105413, 0.0510633, -0.154264, -0.200942, 0.358649, 0.0294258, 0.38312, -0.228843, -0.0902119, 0.0690982, -0.163682, -0.176538, 0.5,0.25264, 0.207188
0.205808,-0.0775272, 0.234482, -0.0847377, 0.510366, 0.0526026, 0.357772, -0.204828, -0.140515, 0.0483182, 0.0146412, -0.202743, 0.575831, 0.0114924, 0.385072, -0.228211, -0.0919063, 0.0687211, 0.056136, -0.195318, 0.5,0.496364, 0.515151
0.36924,-0.0907026, 0.355763, -0.0913172, 0.519327, 0.0365654, 0.701711, -0.221318, 0.204821, 0.0320359, 0.0253857, -0.214134, 0.543485, 0.0185359, 0.712281, -0.254042, 0.23972, 0.0446738, 0.0233902, -0.186917, 0.5,0.629872, 0.564595
0.520459,-0.105905, 0.536279, -0.105947, 0.846261, 0.0216528, 0.680926, -0.235492, 0.188545, 0.0194964, 0.352806, -0.238276, 0.919085, -0.0119127, 0.697957, -0.250375, 0.224838, 0.0476409, 0.404898, -0.217209, 0.4,0.526552, 0.533231
0.662785,-0.108777, 0.658544, -0.118268, 0.842386, 0.017283, 0.973, -0.24085, 0.471341, 0.0243414, 0.352678, -0.238752, 0.842663, -0.00342602, 0.986864, -0.272519, 0.519988, 0.0259991, 0.319387, -0.214898, 0.6,0.461553, 0.463657
0.824564,-0.11489, 0.78582, -0.120648, 1.16084, 0.01577, 0.982885, -0.247001, 0.48214, 0.0127971, 0.666461, -0.242947, 1.14224, -0.0296949, 0.982318, -0.269917, 0.506778, 0.0353556, 0.63004, -0.238163, 0.1,0.612393, 0.419772
0.977861,-0.125607, 0.900912, -0.131753, 1.13286, 0.00127868, 1.30752, -0.264389, 0.807814, -0.000290215, 0.646851, -0.256414, 1.14224, -0.0296949, 1.16803, -0.287836, 0.692489, 0.0174371, 0.63004, -0.238163, 0.6,0.570873, 0.293793
1.12564,-0.144747, 1.13136, -0.14109, 1.43472, -0.0163369, 1.30683, -0.279259, 0.80872, -0.0187119, 0.938265, -0.278733, 1.51417, -0.0527599, 1.30501, -0.294785, 0.833155, 0.0140677, 1.00505, -0.261023, 0.6,0.469524, 0.596157
1.28307,-0.156956, 1.2658, -0.158649, 1.43354, -0.0285444, 1.59142, -0.292619, 1.0918, -0.0306701, 0.939137, -0.285213, 1.47997, -0.0508852, 1.62115, -0.324779, 1.15234, -0.0145208, 0.958421, -0.253462, 0.8,0.624409, 0.623523
1.47039,-0.162634, 1.46463, -0.175392, 1.82446, -0.0275774, 1.60048, -0.297385, 1.10303, -0.0395644, 1.33706, -0.286988, 1.88743, -0.0879937, 1.60136, -0.321203, 1.12802, -0.0127359, 1.37018, -0.293655, 0.5,0.703318, 0.731964
1.63209,-0.164145, 1.64632, -0.180569, 1.80087, -0.0344626, 1.9603, -0.290071, 1.45779, -0.0260747, 1.31977, -0.293065, 1.83839, -0.0710321, 1.99871, -0.353651, 1.53059, -0.0456354, 1.31436, -0.276588, 0.3,0.529759, 0.503849
1.80745,-0.180239, 1.75622, -0.177638, 2.14596, -0.0499403, 1.95293, -0.306883, 1.45253, -0.0495132, 1.65365, -0.312664, 2.1076, -0.0918211, 1.9807, -0.33063, 1.50797, -0.0231874, 1.60176, -0.299572, 0.5,0.688986, 0.362716
1.97968,-0.201581, 2.00667, -0.201534, 2.12862, -0.0710359, 2.33217, -0.3392, 1.83701, -0.0819447, 1.64056, -0.330092, 2.17955, -0.0936883, 2.38144, -0.371219, 1.91137, -0.0607142, 1.65642, -0.296027, 0.9,0.677816, 0.700844
2.1728,-0.229928, 2.22554, -0.224928, 2.48953, -0.10708, 2.36644, -0.358881, 1.87505, -0.100021, 1.98863, -0.366665, 2.58601, -0.137134, 2.38144, -0.371219, 1.91137, -0.0607142, 2.06288, -0.339473, 0.7,0.382782, 0.827519
2.26843,-0.235667, 2.3022, -0.243896, 2.48487, -0.107898, 2.55612, -0.366335, 2.05704, -0.106587, 1.98642, -0.366405, 2.48401, -0.132938, 2.60066, -0.397627, 2.14034, -0.0876911, 1.95543, -0.334697, 0.9,0.290849, 0.646792
2.33605,-0.242557, 2.52059, -0.267467, 2.63753, -0.118871, 2.52533, -0.366232, 2.02794, -0.112386, 2.13778, -0.376081, 2.91245, -0.179182, 2.60066, -0.397627, 2.14034, -0.0876911, 2.38387, -0.380941, 0.7,0.407574, 0.876931
2.47558,-0.263782, 2.76735, -0.294102, 2.6133, -0.136095, 2.83376, -0.393861, 2.3327, -0.139465, 2.11505, -0.39213, 2.91245, -0.179182, 3.09861, -0.451374, 2.63829, -0.141438, 2.38387, -0.380941, 0.5,0.807663, 0.741614
2.7403,-0.273285, 2.69918, -0.29015, 3.138, -0.129977, 2.8318, -0.408667, 2.33158, -0.155035, 2.65301, -0.389643, 3.13386, -0.206437, 2.84572, -0.430376, 2.37707, -0.120635, 2.60908, -0.402845, 0.5,0.965143, 0.65911
2.96825,-0.279644, 2.97255, -0.300646, 3.1159, -0.142418, 3.3175, -0.409108, 2.815, -0.146947, 2.64459, -0.40282, 3.15888, -0.19044, 3.39692, -0.488277, 2.93143, -0.175727, 2.62984, -0.384814, 0.5,0.63087, 0.631107
3.15439,-0.307865, 3.10697, -0.29729, 3.47486, -0.180423, 3.35362, -0.436724, 2.85441, -0.175559, 2.97715, -0.430895, 3.50442, -0.21819, 3.31165, -0.457189, 2.84115, -0.139006, 3.0059, -0.420067, 0.5,0.450642, 0.453295
3.26927,-0.321764, 3.27863, -0.322539, 3.472, -0.192253, 3.57784, -0.455339, 3.07858, -0.202616, 2.97962, -0.449193, 3.48677, -0.216632, 3.59481, -0.489273, 3.12952, -0.171792, 2.96042, -0.410551, 0.5,0.383334, 0.456213
3.3483,-0.340958, 3.37794, -0.33511, 3.62255, -0.225479, 3.58058, -0.46897, 3.08448, -0.213004, 3.12249, -0.478373, 3.72642, -0.243517, 3.55029, -0.486556, 3.08395, -0.171128, 3.2062, -0.437865, 0.4,0.11228, 0.440236
3.38239,-0.345524, 3.39839, -0.347196, 3.62326, -0.223986, 3.64232, -0.481747, 3.14231, -0.225071, 3.12639, -0.481203, 3.63862, -0.248779, 3.63936, -0.495694, 3.17855, -0.180769, 3.10983, -0.440216, 0.5,0.0899322, 0.317268
